{
 "cells": [
  {
   "cell_type": "markdown",
   "id": "26ac186a",
   "metadata": {},
   "source": [
    "# Optimality Table of Models for R32/emimTF2N system"
   ]
  },
  {
   "cell_type": "code",
   "execution_count": 1,
   "id": "d23b9336",
   "metadata": {},
   "outputs": [],
   "source": [
    "import pandas as pd\n",
    "import numpy as np"
   ]
  },
  {
   "cell_type": "markdown",
   "id": "a93ab5a1",
   "metadata": {},
   "source": [
    "## Import Optimality Data"
   ]
  },
  {
   "cell_type": "code",
   "execution_count": 2,
   "id": "12dd3621",
   "metadata": {},
   "outputs": [],
   "source": [
    "PR_1parameter_HFCILfit = pd.read_csv('PR_FIMtrdet_1parameter_HFCILfit.csv',header=None).T\n",
    "PR_1parameter_HFCILfit.columns = ['cov_trace','FIM_trace','determinant','min_eigval']\n",
    "PR_1parameter_HFCILfit['name'] = 'PR_1parameter_HFCILfit'\n",
    "\n",
    "PR_1parameter_ILHFCfit = pd.read_csv('PR_FIMtrdet_1parameter_ILHFCfit.csv',header=None).T\n",
    "PR_1parameter_ILHFCfit.columns = ['cov_trace','FIM_trace','determinant','min_eigval']\n",
    "PR_1parameter_ILHFCfit['name'] = 'PR_1parameter_ILHFCfit'\n",
    "\n",
    "PR_1parameter_ILHFCfit_GF = pd.read_csv('PR_FIMtrdet_1parameter_ILHFCfit_GF.csv',header=None).T\n",
    "PR_1parameter_ILHFCfit_GF.columns = ['cov_trace','FIM_trace','determinant','min_eigval']\n",
    "PR_1parameter_ILHFCfit_GF['name'] = 'PR_1parameter_ILHFCfit_GF'\n",
    "\n",
    "PR_2parameter = pd.read_csv('PR_FIMtrdet_2parameter.csv',header=None).T\n",
    "PR_2parameter.columns = ['cov_trace','FIM_trace','determinant','min_eigval']\n",
    "PR_2parameter['name'] = 'PR_2parameter'\n",
    "\n",
    "PR_3parameter_HFCILB0 = pd.read_csv('PR_FIMtrdet_3parameter_HFCILB0.csv',header=None).T\n",
    "PR_3parameter_HFCILB0.columns = ['cov_trace','FIM_trace','determinant','min_eigval']\n",
    "PR_3parameter_HFCILB0['name'] = 'PR_3parameter_HFCILB0'\n",
    "\n",
    "PR_3parameter_ILHFCB0 = pd.read_csv('PR_FIMtrdet_3parameter_ILHFCB0.csv',header=None).T\n",
    "PR_3parameter_ILHFCB0.columns = ['cov_trace','FIM_trace','determinant','min_eigval']\n",
    "PR_3parameter_ILHFCB0['name'] = 'PR_3parameter_ILHFCB0'\n",
    "\n",
    "PR_4parameter = pd.read_csv('PR_FIMtrdet_4parameter.csv',header=None).T\n",
    "PR_4parameter.columns = ['cov_trace','FIM_trace','determinant','min_eigval']\n",
    "PR_4parameter['name'] = 'PR_4parameter'\n",
    "\n",
    "PR_6parameter = pd.read_csv('PR_FIMtrdet_6parameter.csv',header=None).T\n",
    "PR_6parameter.columns = ['cov_trace','FIM_trace','determinant','min_eigval']\n",
    "PR_6parameter['name'] = 'PR_6parameter'\n",
    "\n",
    "PR_8parameter = pd.read_csv('PR_FIMtrdet_8parameter.csv',header=None).T\n",
    "PR_8parameter.columns = ['cov_trace','FIM_trace','determinant','min_eigval']\n",
    "PR_8parameter['name'] = 'PR_8parameter'"
   ]
  },
  {
   "cell_type": "code",
   "execution_count": 3,
   "id": "028ba92b",
   "metadata": {},
   "outputs": [],
   "source": [
    "SRK_1parameter_HFCILfit = pd.read_csv('SRK_FIMtrdet_1parameter_HFCILfit.csv',header=None).T\n",
    "SRK_1parameter_HFCILfit.columns = ['cov_trace','FIM_trace','determinant','min_eigval']\n",
    "SRK_1parameter_HFCILfit['name'] = 'SRK_1parameter_HFCILfit'\n",
    "\n",
    "SRK_1parameter_ILHFCfit = pd.read_csv('SRK_FIMtrdet_1parameter_ILHFCfit.csv',header=None).T\n",
    "SRK_1parameter_ILHFCfit.columns = ['cov_trace','FIM_trace','determinant','min_eigval'] \n",
    "SRK_1parameter_ILHFCfit['name'] = 'SRK_1parameter_ILHFCfit'\n",
    "\n",
    "SRK_2parameter = pd.read_csv('SRK_FIMtrdet_2parameter.csv',header=None).T\n",
    "SRK_2parameter.columns = ['cov_trace','FIM_trace','determinant','min_eigval']\n",
    "SRK_2parameter['name'] = 'SRK_2parameter'\n",
    "\n",
    "SRK_3parameter_HFCILB0 = pd.read_csv('SRK_FIMtrdet_3parameter_HFCILB0.csv',header=None).T\n",
    "SRK_3parameter_HFCILB0.columns = ['cov_trace','FIM_trace','determinant','min_eigval']\n",
    "SRK_3parameter_HFCILB0['name'] = 'SRK_3parameter_HFCILB0'\n",
    "\n",
    "SRK_3parameter_ILHFCB0 = pd.read_csv('SRK_FIMtrdet_3parameter_ILHFCB0.csv',header=None).T\n",
    "SRK_3parameter_ILHFCB0.columns = ['cov_trace','FIM_trace','determinant','min_eigval'] \n",
    "SRK_3parameter_ILHFCB0['name'] = 'SRK_3parameter_ILHFCB0'\n",
    "\n",
    "SRK_4parameter = pd.read_csv('SRK_FIMtrdet_4parameter.csv',header=None).T\n",
    "SRK_4parameter.columns = ['cov_trace','FIM_trace','determinant','min_eigval']\n",
    "SRK_4parameter['name'] = 'SRK_4parameter'\n",
    "\n",
    "SRK_6parameter = pd.read_csv('SRK_FIMtrdet_6parameter.csv',header=None).T\n",
    "SRK_6parameter.columns = ['cov_trace','FIM_trace','determinant','min_eigval']\n",
    "SRK_6parameter['name'] = 'SRK_6parameter'\n",
    "\n",
    "SRK_8parameter = pd.read_csv('SRK_FIMtrdet_8parameter.csv',header=None).T\n",
    "SRK_8parameter.columns = ['cov_trace','FIM_trace','determinant','min_eigval']\n",
    "SRK_8parameter['name'] = 'SRK_8parameter'"
   ]
  },
  {
   "cell_type": "code",
   "execution_count": 4,
   "id": "0d24779a",
   "metadata": {},
   "outputs": [],
   "source": [
    "PR = pd.concat([PR_1parameter_HFCILfit,PR_1parameter_ILHFCfit,PR_1parameter_ILHFCfit_GF,PR_2parameter,PR_3parameter_HFCILB0,PR_3parameter_ILHFCB0,PR_4parameter,PR_6parameter,PR_8parameter])"
   ]
  },
  {
   "cell_type": "code",
   "execution_count": 5,
   "id": "939ef1bc",
   "metadata": {},
   "outputs": [],
   "source": [
    "SRK = pd.concat([SRK_1parameter_HFCILfit,SRK_1parameter_ILHFCfit,SRK_2parameter,SRK_3parameter_HFCILB0,SRK_3parameter_ILHFCB0,SRK_4parameter,SRK_6parameter,SRK_8parameter])"
   ]
  },
  {
   "cell_type": "code",
   "execution_count": 6,
   "id": "f484480d",
   "metadata": {},
   "outputs": [],
   "source": [
    "OptTable = pd.concat([PR,SRK],ignore_index=True)"
   ]
  },
  {
   "cell_type": "code",
   "execution_count": 7,
   "id": "fae2a7dc",
   "metadata": {},
   "outputs": [
    {
     "data": {
      "text/html": [
       "<div>\n",
       "<style scoped>\n",
       "    .dataframe tbody tr th:only-of-type {\n",
       "        vertical-align: middle;\n",
       "    }\n",
       "\n",
       "    .dataframe tbody tr th {\n",
       "        vertical-align: top;\n",
       "    }\n",
       "\n",
       "    .dataframe thead th {\n",
       "        text-align: right;\n",
       "    }\n",
       "</style>\n",
       "<table border=\"1\" class=\"dataframe\">\n",
       "  <thead>\n",
       "    <tr style=\"text-align: right;\">\n",
       "      <th></th>\n",
       "      <th>cov_trace</th>\n",
       "      <th>FIM_trace</th>\n",
       "      <th>determinant</th>\n",
       "      <th>min_eigval</th>\n",
       "      <th>name</th>\n",
       "    </tr>\n",
       "  </thead>\n",
       "  <tbody>\n",
       "    <tr>\n",
       "      <th>0</th>\n",
       "      <td>9.863817e-16</td>\n",
       "      <td>1.013806e+15</td>\n",
       "      <td>1.013806e+15</td>\n",
       "      <td>1.013806e+15</td>\n",
       "      <td>PR_1parameter_HFCILfit</td>\n",
       "    </tr>\n",
       "    <tr>\n",
       "      <th>1</th>\n",
       "      <td>2.039833e-13</td>\n",
       "      <td>4.902362e+12</td>\n",
       "      <td>4.902362e+12</td>\n",
       "      <td>4.902362e+12</td>\n",
       "      <td>PR_1parameter_ILHFCfit</td>\n",
       "    </tr>\n",
       "    <tr>\n",
       "      <th>2</th>\n",
       "      <td>1.696092e-04</td>\n",
       "      <td>5.895905e+03</td>\n",
       "      <td>5.895905e+03</td>\n",
       "      <td>5.895905e+03</td>\n",
       "      <td>PR_1parameter_ILHFCfit_GF</td>\n",
       "    </tr>\n",
       "    <tr>\n",
       "      <th>3</th>\n",
       "      <td>2.498489e-03</td>\n",
       "      <td>3.472665e+14</td>\n",
       "      <td>1.389910e+17</td>\n",
       "      <td>4.001875e+02</td>\n",
       "      <td>PR_2parameter</td>\n",
       "    </tr>\n",
       "    <tr>\n",
       "      <th>4</th>\n",
       "      <td>1.339579e-02</td>\n",
       "      <td>1.030065e+12</td>\n",
       "      <td>7.499892e+17</td>\n",
       "      <td>7.523056e+01</td>\n",
       "      <td>PR_3parameter_HFCILB0</td>\n",
       "    </tr>\n",
       "    <tr>\n",
       "      <th>5</th>\n",
       "      <td>6.945763e-04</td>\n",
       "      <td>4.071245e+06</td>\n",
       "      <td>8.258508e+13</td>\n",
       "      <td>1.627691e+03</td>\n",
       "      <td>PR_3parameter_ILHFCB0</td>\n",
       "    </tr>\n",
       "    <tr>\n",
       "      <th>6</th>\n",
       "      <td>3.215929e-02</td>\n",
       "      <td>1.801476e+07</td>\n",
       "      <td>4.116964e+17</td>\n",
       "      <td>3.121947e+01</td>\n",
       "      <td>PR_4parameter</td>\n",
       "    </tr>\n",
       "    <tr>\n",
       "      <th>7</th>\n",
       "      <td>3.584357e-01</td>\n",
       "      <td>9.571365e+08</td>\n",
       "      <td>1.150198e+28</td>\n",
       "      <td>2.870571e+00</td>\n",
       "      <td>PR_6parameter</td>\n",
       "    </tr>\n",
       "    <tr>\n",
       "      <th>8</th>\n",
       "      <td>9.670987e+02</td>\n",
       "      <td>3.420140e+07</td>\n",
       "      <td>-1.504168e+20</td>\n",
       "      <td>-1.272635e-01</td>\n",
       "      <td>PR_8parameter</td>\n",
       "    </tr>\n",
       "    <tr>\n",
       "      <th>9</th>\n",
       "      <td>8.047367e-16</td>\n",
       "      <td>1.242642e+15</td>\n",
       "      <td>1.242642e+15</td>\n",
       "      <td>1.242642e+15</td>\n",
       "      <td>SRK_1parameter_HFCILfit</td>\n",
       "    </tr>\n",
       "    <tr>\n",
       "      <th>10</th>\n",
       "      <td>1.832313e-13</td>\n",
       "      <td>5.457582e+12</td>\n",
       "      <td>5.457582e+12</td>\n",
       "      <td>5.457582e+12</td>\n",
       "      <td>SRK_1parameter_ILHFCfit</td>\n",
       "    </tr>\n",
       "    <tr>\n",
       "      <th>11</th>\n",
       "      <td>7.522359e-03</td>\n",
       "      <td>1.186330e+15</td>\n",
       "      <td>1.577083e+17</td>\n",
       "      <td>1.330000e+02</td>\n",
       "      <td>SRK_2parameter</td>\n",
       "    </tr>\n",
       "    <tr>\n",
       "      <th>12</th>\n",
       "      <td>4.316388e-03</td>\n",
       "      <td>9.642878e+07</td>\n",
       "      <td>1.843267e+14</td>\n",
       "      <td>2.385735e+02</td>\n",
       "      <td>SRK_3parameter_HFCILB0</td>\n",
       "    </tr>\n",
       "    <tr>\n",
       "      <th>13</th>\n",
       "      <td>7.533372e-04</td>\n",
       "      <td>3.723381e+06</td>\n",
       "      <td>6.394029e+13</td>\n",
       "      <td>1.501666e+03</td>\n",
       "      <td>SRK_3parameter_ILHFCB0</td>\n",
       "    </tr>\n",
       "    <tr>\n",
       "      <th>14</th>\n",
       "      <td>3.059880e+00</td>\n",
       "      <td>1.684686e+05</td>\n",
       "      <td>6.033708e+09</td>\n",
       "      <td>3.279120e-01</td>\n",
       "      <td>SRK_4parameter</td>\n",
       "    </tr>\n",
       "    <tr>\n",
       "      <th>15</th>\n",
       "      <td>2.063176e+01</td>\n",
       "      <td>2.965072e+07</td>\n",
       "      <td>1.281550e+19</td>\n",
       "      <td>4.867403e-02</td>\n",
       "      <td>SRK_6parameter</td>\n",
       "    </tr>\n",
       "    <tr>\n",
       "      <th>16</th>\n",
       "      <td>9.300094e+00</td>\n",
       "      <td>-1.861638e+09</td>\n",
       "      <td>-2.500917e+33</td>\n",
       "      <td>-1.888585e+09</td>\n",
       "      <td>SRK_8parameter</td>\n",
       "    </tr>\n",
       "  </tbody>\n",
       "</table>\n",
       "</div>"
      ],
      "text/plain": [
       "       cov_trace     FIM_trace   determinant    min_eigval  \\\n",
       "0   9.863817e-16  1.013806e+15  1.013806e+15  1.013806e+15   \n",
       "1   2.039833e-13  4.902362e+12  4.902362e+12  4.902362e+12   \n",
       "2   1.696092e-04  5.895905e+03  5.895905e+03  5.895905e+03   \n",
       "3   2.498489e-03  3.472665e+14  1.389910e+17  4.001875e+02   \n",
       "4   1.339579e-02  1.030065e+12  7.499892e+17  7.523056e+01   \n",
       "5   6.945763e-04  4.071245e+06  8.258508e+13  1.627691e+03   \n",
       "6   3.215929e-02  1.801476e+07  4.116964e+17  3.121947e+01   \n",
       "7   3.584357e-01  9.571365e+08  1.150198e+28  2.870571e+00   \n",
       "8   9.670987e+02  3.420140e+07 -1.504168e+20 -1.272635e-01   \n",
       "9   8.047367e-16  1.242642e+15  1.242642e+15  1.242642e+15   \n",
       "10  1.832313e-13  5.457582e+12  5.457582e+12  5.457582e+12   \n",
       "11  7.522359e-03  1.186330e+15  1.577083e+17  1.330000e+02   \n",
       "12  4.316388e-03  9.642878e+07  1.843267e+14  2.385735e+02   \n",
       "13  7.533372e-04  3.723381e+06  6.394029e+13  1.501666e+03   \n",
       "14  3.059880e+00  1.684686e+05  6.033708e+09  3.279120e-01   \n",
       "15  2.063176e+01  2.965072e+07  1.281550e+19  4.867403e-02   \n",
       "16  9.300094e+00 -1.861638e+09 -2.500917e+33 -1.888585e+09   \n",
       "\n",
       "                         name  \n",
       "0      PR_1parameter_HFCILfit  \n",
       "1      PR_1parameter_ILHFCfit  \n",
       "2   PR_1parameter_ILHFCfit_GF  \n",
       "3               PR_2parameter  \n",
       "4       PR_3parameter_HFCILB0  \n",
       "5       PR_3parameter_ILHFCB0  \n",
       "6               PR_4parameter  \n",
       "7               PR_6parameter  \n",
       "8               PR_8parameter  \n",
       "9     SRK_1parameter_HFCILfit  \n",
       "10    SRK_1parameter_ILHFCfit  \n",
       "11             SRK_2parameter  \n",
       "12     SRK_3parameter_HFCILB0  \n",
       "13     SRK_3parameter_ILHFCB0  \n",
       "14             SRK_4parameter  \n",
       "15             SRK_6parameter  \n",
       "16             SRK_8parameter  "
      ]
     },
     "execution_count": 7,
     "metadata": {},
     "output_type": "execute_result"
    }
   ],
   "source": [
    "OptTable"
   ]
  },
  {
   "cell_type": "code",
   "execution_count": 9,
   "id": "bed7cff7",
   "metadata": {},
   "outputs": [],
   "source": [
    "OptTable_Aopt = OptTable.sort_values(['cov_trace'],ascending=True,ignore_index=True)"
   ]
  },
  {
   "cell_type": "code",
   "execution_count": 10,
   "id": "79246981",
   "metadata": {},
   "outputs": [],
   "source": [
    "OptTable_Dopt = OptTable.sort_values(['determinant'],ascending=False,ignore_index=True)"
   ]
  },
  {
   "cell_type": "code",
   "execution_count": 11,
   "id": "637d25dc",
   "metadata": {},
   "outputs": [],
   "source": [
    "OptTable_Eopt = OptTable.sort_values(['min_eigval'],ascending=False,ignore_index=True)"
   ]
  },
  {
   "cell_type": "code",
   "execution_count": 12,
   "id": "d73a5cbb",
   "metadata": {},
   "outputs": [
    {
     "data": {
      "text/html": [
       "<div>\n",
       "<style scoped>\n",
       "    .dataframe tbody tr th:only-of-type {\n",
       "        vertical-align: middle;\n",
       "    }\n",
       "\n",
       "    .dataframe tbody tr th {\n",
       "        vertical-align: top;\n",
       "    }\n",
       "\n",
       "    .dataframe thead th {\n",
       "        text-align: right;\n",
       "    }\n",
       "</style>\n",
       "<table border=\"1\" class=\"dataframe\">\n",
       "  <thead>\n",
       "    <tr style=\"text-align: right;\">\n",
       "      <th></th>\n",
       "      <th>cov_trace</th>\n",
       "      <th>FIM_trace</th>\n",
       "      <th>determinant</th>\n",
       "      <th>min_eigval</th>\n",
       "      <th>name</th>\n",
       "    </tr>\n",
       "  </thead>\n",
       "  <tbody>\n",
       "    <tr>\n",
       "      <th>0</th>\n",
       "      <td>8.047367e-16</td>\n",
       "      <td>1.242642e+15</td>\n",
       "      <td>1.242642e+15</td>\n",
       "      <td>1.242642e+15</td>\n",
       "      <td>SRK_1parameter_HFCILfit</td>\n",
       "    </tr>\n",
       "    <tr>\n",
       "      <th>1</th>\n",
       "      <td>9.863817e-16</td>\n",
       "      <td>1.013806e+15</td>\n",
       "      <td>1.013806e+15</td>\n",
       "      <td>1.013806e+15</td>\n",
       "      <td>PR_1parameter_HFCILfit</td>\n",
       "    </tr>\n",
       "    <tr>\n",
       "      <th>2</th>\n",
       "      <td>1.832313e-13</td>\n",
       "      <td>5.457582e+12</td>\n",
       "      <td>5.457582e+12</td>\n",
       "      <td>5.457582e+12</td>\n",
       "      <td>SRK_1parameter_ILHFCfit</td>\n",
       "    </tr>\n",
       "    <tr>\n",
       "      <th>3</th>\n",
       "      <td>2.039833e-13</td>\n",
       "      <td>4.902362e+12</td>\n",
       "      <td>4.902362e+12</td>\n",
       "      <td>4.902362e+12</td>\n",
       "      <td>PR_1parameter_ILHFCfit</td>\n",
       "    </tr>\n",
       "    <tr>\n",
       "      <th>4</th>\n",
       "      <td>1.696092e-04</td>\n",
       "      <td>5.895905e+03</td>\n",
       "      <td>5.895905e+03</td>\n",
       "      <td>5.895905e+03</td>\n",
       "      <td>PR_1parameter_ILHFCfit_GF</td>\n",
       "    </tr>\n",
       "    <tr>\n",
       "      <th>5</th>\n",
       "      <td>6.945763e-04</td>\n",
       "      <td>4.071245e+06</td>\n",
       "      <td>8.258508e+13</td>\n",
       "      <td>1.627691e+03</td>\n",
       "      <td>PR_3parameter_ILHFCB0</td>\n",
       "    </tr>\n",
       "    <tr>\n",
       "      <th>6</th>\n",
       "      <td>7.533372e-04</td>\n",
       "      <td>3.723381e+06</td>\n",
       "      <td>6.394029e+13</td>\n",
       "      <td>1.501666e+03</td>\n",
       "      <td>SRK_3parameter_ILHFCB0</td>\n",
       "    </tr>\n",
       "    <tr>\n",
       "      <th>7</th>\n",
       "      <td>2.498489e-03</td>\n",
       "      <td>3.472665e+14</td>\n",
       "      <td>1.389910e+17</td>\n",
       "      <td>4.001875e+02</td>\n",
       "      <td>PR_2parameter</td>\n",
       "    </tr>\n",
       "    <tr>\n",
       "      <th>8</th>\n",
       "      <td>4.316388e-03</td>\n",
       "      <td>9.642878e+07</td>\n",
       "      <td>1.843267e+14</td>\n",
       "      <td>2.385735e+02</td>\n",
       "      <td>SRK_3parameter_HFCILB0</td>\n",
       "    </tr>\n",
       "    <tr>\n",
       "      <th>9</th>\n",
       "      <td>7.522359e-03</td>\n",
       "      <td>1.186330e+15</td>\n",
       "      <td>1.577083e+17</td>\n",
       "      <td>1.330000e+02</td>\n",
       "      <td>SRK_2parameter</td>\n",
       "    </tr>\n",
       "    <tr>\n",
       "      <th>10</th>\n",
       "      <td>1.339579e-02</td>\n",
       "      <td>1.030065e+12</td>\n",
       "      <td>7.499892e+17</td>\n",
       "      <td>7.523056e+01</td>\n",
       "      <td>PR_3parameter_HFCILB0</td>\n",
       "    </tr>\n",
       "    <tr>\n",
       "      <th>11</th>\n",
       "      <td>3.215929e-02</td>\n",
       "      <td>1.801476e+07</td>\n",
       "      <td>4.116964e+17</td>\n",
       "      <td>3.121947e+01</td>\n",
       "      <td>PR_4parameter</td>\n",
       "    </tr>\n",
       "    <tr>\n",
       "      <th>12</th>\n",
       "      <td>3.584357e-01</td>\n",
       "      <td>9.571365e+08</td>\n",
       "      <td>1.150198e+28</td>\n",
       "      <td>2.870571e+00</td>\n",
       "      <td>PR_6parameter</td>\n",
       "    </tr>\n",
       "    <tr>\n",
       "      <th>13</th>\n",
       "      <td>3.059880e+00</td>\n",
       "      <td>1.684686e+05</td>\n",
       "      <td>6.033708e+09</td>\n",
       "      <td>3.279120e-01</td>\n",
       "      <td>SRK_4parameter</td>\n",
       "    </tr>\n",
       "    <tr>\n",
       "      <th>14</th>\n",
       "      <td>9.300094e+00</td>\n",
       "      <td>-1.861638e+09</td>\n",
       "      <td>-2.500917e+33</td>\n",
       "      <td>-1.888585e+09</td>\n",
       "      <td>SRK_8parameter</td>\n",
       "    </tr>\n",
       "    <tr>\n",
       "      <th>15</th>\n",
       "      <td>2.063176e+01</td>\n",
       "      <td>2.965072e+07</td>\n",
       "      <td>1.281550e+19</td>\n",
       "      <td>4.867403e-02</td>\n",
       "      <td>SRK_6parameter</td>\n",
       "    </tr>\n",
       "    <tr>\n",
       "      <th>16</th>\n",
       "      <td>9.670987e+02</td>\n",
       "      <td>3.420140e+07</td>\n",
       "      <td>-1.504168e+20</td>\n",
       "      <td>-1.272635e-01</td>\n",
       "      <td>PR_8parameter</td>\n",
       "    </tr>\n",
       "  </tbody>\n",
       "</table>\n",
       "</div>"
      ],
      "text/plain": [
       "       cov_trace     FIM_trace   determinant    min_eigval  \\\n",
       "0   8.047367e-16  1.242642e+15  1.242642e+15  1.242642e+15   \n",
       "1   9.863817e-16  1.013806e+15  1.013806e+15  1.013806e+15   \n",
       "2   1.832313e-13  5.457582e+12  5.457582e+12  5.457582e+12   \n",
       "3   2.039833e-13  4.902362e+12  4.902362e+12  4.902362e+12   \n",
       "4   1.696092e-04  5.895905e+03  5.895905e+03  5.895905e+03   \n",
       "5   6.945763e-04  4.071245e+06  8.258508e+13  1.627691e+03   \n",
       "6   7.533372e-04  3.723381e+06  6.394029e+13  1.501666e+03   \n",
       "7   2.498489e-03  3.472665e+14  1.389910e+17  4.001875e+02   \n",
       "8   4.316388e-03  9.642878e+07  1.843267e+14  2.385735e+02   \n",
       "9   7.522359e-03  1.186330e+15  1.577083e+17  1.330000e+02   \n",
       "10  1.339579e-02  1.030065e+12  7.499892e+17  7.523056e+01   \n",
       "11  3.215929e-02  1.801476e+07  4.116964e+17  3.121947e+01   \n",
       "12  3.584357e-01  9.571365e+08  1.150198e+28  2.870571e+00   \n",
       "13  3.059880e+00  1.684686e+05  6.033708e+09  3.279120e-01   \n",
       "14  9.300094e+00 -1.861638e+09 -2.500917e+33 -1.888585e+09   \n",
       "15  2.063176e+01  2.965072e+07  1.281550e+19  4.867403e-02   \n",
       "16  9.670987e+02  3.420140e+07 -1.504168e+20 -1.272635e-01   \n",
       "\n",
       "                         name  \n",
       "0     SRK_1parameter_HFCILfit  \n",
       "1      PR_1parameter_HFCILfit  \n",
       "2     SRK_1parameter_ILHFCfit  \n",
       "3      PR_1parameter_ILHFCfit  \n",
       "4   PR_1parameter_ILHFCfit_GF  \n",
       "5       PR_3parameter_ILHFCB0  \n",
       "6      SRK_3parameter_ILHFCB0  \n",
       "7               PR_2parameter  \n",
       "8      SRK_3parameter_HFCILB0  \n",
       "9              SRK_2parameter  \n",
       "10      PR_3parameter_HFCILB0  \n",
       "11              PR_4parameter  \n",
       "12              PR_6parameter  \n",
       "13             SRK_4parameter  \n",
       "14             SRK_8parameter  \n",
       "15             SRK_6parameter  \n",
       "16              PR_8parameter  "
      ]
     },
     "execution_count": 12,
     "metadata": {},
     "output_type": "execute_result"
    }
   ],
   "source": [
    "OptTable_Aopt"
   ]
  },
  {
   "cell_type": "code",
   "execution_count": 13,
   "id": "b6a9fe96",
   "metadata": {},
   "outputs": [
    {
     "data": {
      "text/html": [
       "<div>\n",
       "<style scoped>\n",
       "    .dataframe tbody tr th:only-of-type {\n",
       "        vertical-align: middle;\n",
       "    }\n",
       "\n",
       "    .dataframe tbody tr th {\n",
       "        vertical-align: top;\n",
       "    }\n",
       "\n",
       "    .dataframe thead th {\n",
       "        text-align: right;\n",
       "    }\n",
       "</style>\n",
       "<table border=\"1\" class=\"dataframe\">\n",
       "  <thead>\n",
       "    <tr style=\"text-align: right;\">\n",
       "      <th></th>\n",
       "      <th>cov_trace</th>\n",
       "      <th>FIM_trace</th>\n",
       "      <th>determinant</th>\n",
       "      <th>min_eigval</th>\n",
       "      <th>name</th>\n",
       "    </tr>\n",
       "  </thead>\n",
       "  <tbody>\n",
       "    <tr>\n",
       "      <th>0</th>\n",
       "      <td>3.584357e-01</td>\n",
       "      <td>9.571365e+08</td>\n",
       "      <td>1.150198e+28</td>\n",
       "      <td>2.870571e+00</td>\n",
       "      <td>PR_6parameter</td>\n",
       "    </tr>\n",
       "    <tr>\n",
       "      <th>1</th>\n",
       "      <td>2.063176e+01</td>\n",
       "      <td>2.965072e+07</td>\n",
       "      <td>1.281550e+19</td>\n",
       "      <td>4.867403e-02</td>\n",
       "      <td>SRK_6parameter</td>\n",
       "    </tr>\n",
       "    <tr>\n",
       "      <th>2</th>\n",
       "      <td>1.339579e-02</td>\n",
       "      <td>1.030065e+12</td>\n",
       "      <td>7.499892e+17</td>\n",
       "      <td>7.523056e+01</td>\n",
       "      <td>PR_3parameter_HFCILB0</td>\n",
       "    </tr>\n",
       "    <tr>\n",
       "      <th>3</th>\n",
       "      <td>3.215929e-02</td>\n",
       "      <td>1.801476e+07</td>\n",
       "      <td>4.116964e+17</td>\n",
       "      <td>3.121947e+01</td>\n",
       "      <td>PR_4parameter</td>\n",
       "    </tr>\n",
       "    <tr>\n",
       "      <th>4</th>\n",
       "      <td>7.522359e-03</td>\n",
       "      <td>1.186330e+15</td>\n",
       "      <td>1.577083e+17</td>\n",
       "      <td>1.330000e+02</td>\n",
       "      <td>SRK_2parameter</td>\n",
       "    </tr>\n",
       "    <tr>\n",
       "      <th>5</th>\n",
       "      <td>2.498489e-03</td>\n",
       "      <td>3.472665e+14</td>\n",
       "      <td>1.389910e+17</td>\n",
       "      <td>4.001875e+02</td>\n",
       "      <td>PR_2parameter</td>\n",
       "    </tr>\n",
       "    <tr>\n",
       "      <th>6</th>\n",
       "      <td>8.047367e-16</td>\n",
       "      <td>1.242642e+15</td>\n",
       "      <td>1.242642e+15</td>\n",
       "      <td>1.242642e+15</td>\n",
       "      <td>SRK_1parameter_HFCILfit</td>\n",
       "    </tr>\n",
       "    <tr>\n",
       "      <th>7</th>\n",
       "      <td>9.863817e-16</td>\n",
       "      <td>1.013806e+15</td>\n",
       "      <td>1.013806e+15</td>\n",
       "      <td>1.013806e+15</td>\n",
       "      <td>PR_1parameter_HFCILfit</td>\n",
       "    </tr>\n",
       "    <tr>\n",
       "      <th>8</th>\n",
       "      <td>4.316388e-03</td>\n",
       "      <td>9.642878e+07</td>\n",
       "      <td>1.843267e+14</td>\n",
       "      <td>2.385735e+02</td>\n",
       "      <td>SRK_3parameter_HFCILB0</td>\n",
       "    </tr>\n",
       "    <tr>\n",
       "      <th>9</th>\n",
       "      <td>6.945763e-04</td>\n",
       "      <td>4.071245e+06</td>\n",
       "      <td>8.258508e+13</td>\n",
       "      <td>1.627691e+03</td>\n",
       "      <td>PR_3parameter_ILHFCB0</td>\n",
       "    </tr>\n",
       "    <tr>\n",
       "      <th>10</th>\n",
       "      <td>7.533372e-04</td>\n",
       "      <td>3.723381e+06</td>\n",
       "      <td>6.394029e+13</td>\n",
       "      <td>1.501666e+03</td>\n",
       "      <td>SRK_3parameter_ILHFCB0</td>\n",
       "    </tr>\n",
       "    <tr>\n",
       "      <th>11</th>\n",
       "      <td>1.832313e-13</td>\n",
       "      <td>5.457582e+12</td>\n",
       "      <td>5.457582e+12</td>\n",
       "      <td>5.457582e+12</td>\n",
       "      <td>SRK_1parameter_ILHFCfit</td>\n",
       "    </tr>\n",
       "    <tr>\n",
       "      <th>12</th>\n",
       "      <td>2.039833e-13</td>\n",
       "      <td>4.902362e+12</td>\n",
       "      <td>4.902362e+12</td>\n",
       "      <td>4.902362e+12</td>\n",
       "      <td>PR_1parameter_ILHFCfit</td>\n",
       "    </tr>\n",
       "    <tr>\n",
       "      <th>13</th>\n",
       "      <td>3.059880e+00</td>\n",
       "      <td>1.684686e+05</td>\n",
       "      <td>6.033708e+09</td>\n",
       "      <td>3.279120e-01</td>\n",
       "      <td>SRK_4parameter</td>\n",
       "    </tr>\n",
       "    <tr>\n",
       "      <th>14</th>\n",
       "      <td>1.696092e-04</td>\n",
       "      <td>5.895905e+03</td>\n",
       "      <td>5.895905e+03</td>\n",
       "      <td>5.895905e+03</td>\n",
       "      <td>PR_1parameter_ILHFCfit_GF</td>\n",
       "    </tr>\n",
       "    <tr>\n",
       "      <th>15</th>\n",
       "      <td>9.670987e+02</td>\n",
       "      <td>3.420140e+07</td>\n",
       "      <td>-1.504168e+20</td>\n",
       "      <td>-1.272635e-01</td>\n",
       "      <td>PR_8parameter</td>\n",
       "    </tr>\n",
       "    <tr>\n",
       "      <th>16</th>\n",
       "      <td>9.300094e+00</td>\n",
       "      <td>-1.861638e+09</td>\n",
       "      <td>-2.500917e+33</td>\n",
       "      <td>-1.888585e+09</td>\n",
       "      <td>SRK_8parameter</td>\n",
       "    </tr>\n",
       "  </tbody>\n",
       "</table>\n",
       "</div>"
      ],
      "text/plain": [
       "       cov_trace     FIM_trace   determinant    min_eigval  \\\n",
       "0   3.584357e-01  9.571365e+08  1.150198e+28  2.870571e+00   \n",
       "1   2.063176e+01  2.965072e+07  1.281550e+19  4.867403e-02   \n",
       "2   1.339579e-02  1.030065e+12  7.499892e+17  7.523056e+01   \n",
       "3   3.215929e-02  1.801476e+07  4.116964e+17  3.121947e+01   \n",
       "4   7.522359e-03  1.186330e+15  1.577083e+17  1.330000e+02   \n",
       "5   2.498489e-03  3.472665e+14  1.389910e+17  4.001875e+02   \n",
       "6   8.047367e-16  1.242642e+15  1.242642e+15  1.242642e+15   \n",
       "7   9.863817e-16  1.013806e+15  1.013806e+15  1.013806e+15   \n",
       "8   4.316388e-03  9.642878e+07  1.843267e+14  2.385735e+02   \n",
       "9   6.945763e-04  4.071245e+06  8.258508e+13  1.627691e+03   \n",
       "10  7.533372e-04  3.723381e+06  6.394029e+13  1.501666e+03   \n",
       "11  1.832313e-13  5.457582e+12  5.457582e+12  5.457582e+12   \n",
       "12  2.039833e-13  4.902362e+12  4.902362e+12  4.902362e+12   \n",
       "13  3.059880e+00  1.684686e+05  6.033708e+09  3.279120e-01   \n",
       "14  1.696092e-04  5.895905e+03  5.895905e+03  5.895905e+03   \n",
       "15  9.670987e+02  3.420140e+07 -1.504168e+20 -1.272635e-01   \n",
       "16  9.300094e+00 -1.861638e+09 -2.500917e+33 -1.888585e+09   \n",
       "\n",
       "                         name  \n",
       "0               PR_6parameter  \n",
       "1              SRK_6parameter  \n",
       "2       PR_3parameter_HFCILB0  \n",
       "3               PR_4parameter  \n",
       "4              SRK_2parameter  \n",
       "5               PR_2parameter  \n",
       "6     SRK_1parameter_HFCILfit  \n",
       "7      PR_1parameter_HFCILfit  \n",
       "8      SRK_3parameter_HFCILB0  \n",
       "9       PR_3parameter_ILHFCB0  \n",
       "10     SRK_3parameter_ILHFCB0  \n",
       "11    SRK_1parameter_ILHFCfit  \n",
       "12     PR_1parameter_ILHFCfit  \n",
       "13             SRK_4parameter  \n",
       "14  PR_1parameter_ILHFCfit_GF  \n",
       "15              PR_8parameter  \n",
       "16             SRK_8parameter  "
      ]
     },
     "execution_count": 13,
     "metadata": {},
     "output_type": "execute_result"
    }
   ],
   "source": [
    "OptTable_Dopt"
   ]
  },
  {
   "cell_type": "code",
   "execution_count": 14,
   "id": "0f4dda04",
   "metadata": {},
   "outputs": [
    {
     "data": {
      "text/html": [
       "<div>\n",
       "<style scoped>\n",
       "    .dataframe tbody tr th:only-of-type {\n",
       "        vertical-align: middle;\n",
       "    }\n",
       "\n",
       "    .dataframe tbody tr th {\n",
       "        vertical-align: top;\n",
       "    }\n",
       "\n",
       "    .dataframe thead th {\n",
       "        text-align: right;\n",
       "    }\n",
       "</style>\n",
       "<table border=\"1\" class=\"dataframe\">\n",
       "  <thead>\n",
       "    <tr style=\"text-align: right;\">\n",
       "      <th></th>\n",
       "      <th>cov_trace</th>\n",
       "      <th>FIM_trace</th>\n",
       "      <th>determinant</th>\n",
       "      <th>min_eigval</th>\n",
       "      <th>name</th>\n",
       "    </tr>\n",
       "  </thead>\n",
       "  <tbody>\n",
       "    <tr>\n",
       "      <th>0</th>\n",
       "      <td>8.047367e-16</td>\n",
       "      <td>1.242642e+15</td>\n",
       "      <td>1.242642e+15</td>\n",
       "      <td>1.242642e+15</td>\n",
       "      <td>SRK_1parameter_HFCILfit</td>\n",
       "    </tr>\n",
       "    <tr>\n",
       "      <th>1</th>\n",
       "      <td>9.863817e-16</td>\n",
       "      <td>1.013806e+15</td>\n",
       "      <td>1.013806e+15</td>\n",
       "      <td>1.013806e+15</td>\n",
       "      <td>PR_1parameter_HFCILfit</td>\n",
       "    </tr>\n",
       "    <tr>\n",
       "      <th>2</th>\n",
       "      <td>1.832313e-13</td>\n",
       "      <td>5.457582e+12</td>\n",
       "      <td>5.457582e+12</td>\n",
       "      <td>5.457582e+12</td>\n",
       "      <td>SRK_1parameter_ILHFCfit</td>\n",
       "    </tr>\n",
       "    <tr>\n",
       "      <th>3</th>\n",
       "      <td>2.039833e-13</td>\n",
       "      <td>4.902362e+12</td>\n",
       "      <td>4.902362e+12</td>\n",
       "      <td>4.902362e+12</td>\n",
       "      <td>PR_1parameter_ILHFCfit</td>\n",
       "    </tr>\n",
       "    <tr>\n",
       "      <th>4</th>\n",
       "      <td>1.696092e-04</td>\n",
       "      <td>5.895905e+03</td>\n",
       "      <td>5.895905e+03</td>\n",
       "      <td>5.895905e+03</td>\n",
       "      <td>PR_1parameter_ILHFCfit_GF</td>\n",
       "    </tr>\n",
       "    <tr>\n",
       "      <th>5</th>\n",
       "      <td>6.945763e-04</td>\n",
       "      <td>4.071245e+06</td>\n",
       "      <td>8.258508e+13</td>\n",
       "      <td>1.627691e+03</td>\n",
       "      <td>PR_3parameter_ILHFCB0</td>\n",
       "    </tr>\n",
       "    <tr>\n",
       "      <th>6</th>\n",
       "      <td>7.533372e-04</td>\n",
       "      <td>3.723381e+06</td>\n",
       "      <td>6.394029e+13</td>\n",
       "      <td>1.501666e+03</td>\n",
       "      <td>SRK_3parameter_ILHFCB0</td>\n",
       "    </tr>\n",
       "    <tr>\n",
       "      <th>7</th>\n",
       "      <td>2.498489e-03</td>\n",
       "      <td>3.472665e+14</td>\n",
       "      <td>1.389910e+17</td>\n",
       "      <td>4.001875e+02</td>\n",
       "      <td>PR_2parameter</td>\n",
       "    </tr>\n",
       "    <tr>\n",
       "      <th>8</th>\n",
       "      <td>4.316388e-03</td>\n",
       "      <td>9.642878e+07</td>\n",
       "      <td>1.843267e+14</td>\n",
       "      <td>2.385735e+02</td>\n",
       "      <td>SRK_3parameter_HFCILB0</td>\n",
       "    </tr>\n",
       "    <tr>\n",
       "      <th>9</th>\n",
       "      <td>7.522359e-03</td>\n",
       "      <td>1.186330e+15</td>\n",
       "      <td>1.577083e+17</td>\n",
       "      <td>1.330000e+02</td>\n",
       "      <td>SRK_2parameter</td>\n",
       "    </tr>\n",
       "    <tr>\n",
       "      <th>10</th>\n",
       "      <td>1.339579e-02</td>\n",
       "      <td>1.030065e+12</td>\n",
       "      <td>7.499892e+17</td>\n",
       "      <td>7.523056e+01</td>\n",
       "      <td>PR_3parameter_HFCILB0</td>\n",
       "    </tr>\n",
       "    <tr>\n",
       "      <th>11</th>\n",
       "      <td>3.215929e-02</td>\n",
       "      <td>1.801476e+07</td>\n",
       "      <td>4.116964e+17</td>\n",
       "      <td>3.121947e+01</td>\n",
       "      <td>PR_4parameter</td>\n",
       "    </tr>\n",
       "    <tr>\n",
       "      <th>12</th>\n",
       "      <td>3.584357e-01</td>\n",
       "      <td>9.571365e+08</td>\n",
       "      <td>1.150198e+28</td>\n",
       "      <td>2.870571e+00</td>\n",
       "      <td>PR_6parameter</td>\n",
       "    </tr>\n",
       "    <tr>\n",
       "      <th>13</th>\n",
       "      <td>3.059880e+00</td>\n",
       "      <td>1.684686e+05</td>\n",
       "      <td>6.033708e+09</td>\n",
       "      <td>3.279120e-01</td>\n",
       "      <td>SRK_4parameter</td>\n",
       "    </tr>\n",
       "    <tr>\n",
       "      <th>14</th>\n",
       "      <td>2.063176e+01</td>\n",
       "      <td>2.965072e+07</td>\n",
       "      <td>1.281550e+19</td>\n",
       "      <td>4.867403e-02</td>\n",
       "      <td>SRK_6parameter</td>\n",
       "    </tr>\n",
       "    <tr>\n",
       "      <th>15</th>\n",
       "      <td>9.670987e+02</td>\n",
       "      <td>3.420140e+07</td>\n",
       "      <td>-1.504168e+20</td>\n",
       "      <td>-1.272635e-01</td>\n",
       "      <td>PR_8parameter</td>\n",
       "    </tr>\n",
       "    <tr>\n",
       "      <th>16</th>\n",
       "      <td>9.300094e+00</td>\n",
       "      <td>-1.861638e+09</td>\n",
       "      <td>-2.500917e+33</td>\n",
       "      <td>-1.888585e+09</td>\n",
       "      <td>SRK_8parameter</td>\n",
       "    </tr>\n",
       "  </tbody>\n",
       "</table>\n",
       "</div>"
      ],
      "text/plain": [
       "       cov_trace     FIM_trace   determinant    min_eigval  \\\n",
       "0   8.047367e-16  1.242642e+15  1.242642e+15  1.242642e+15   \n",
       "1   9.863817e-16  1.013806e+15  1.013806e+15  1.013806e+15   \n",
       "2   1.832313e-13  5.457582e+12  5.457582e+12  5.457582e+12   \n",
       "3   2.039833e-13  4.902362e+12  4.902362e+12  4.902362e+12   \n",
       "4   1.696092e-04  5.895905e+03  5.895905e+03  5.895905e+03   \n",
       "5   6.945763e-04  4.071245e+06  8.258508e+13  1.627691e+03   \n",
       "6   7.533372e-04  3.723381e+06  6.394029e+13  1.501666e+03   \n",
       "7   2.498489e-03  3.472665e+14  1.389910e+17  4.001875e+02   \n",
       "8   4.316388e-03  9.642878e+07  1.843267e+14  2.385735e+02   \n",
       "9   7.522359e-03  1.186330e+15  1.577083e+17  1.330000e+02   \n",
       "10  1.339579e-02  1.030065e+12  7.499892e+17  7.523056e+01   \n",
       "11  3.215929e-02  1.801476e+07  4.116964e+17  3.121947e+01   \n",
       "12  3.584357e-01  9.571365e+08  1.150198e+28  2.870571e+00   \n",
       "13  3.059880e+00  1.684686e+05  6.033708e+09  3.279120e-01   \n",
       "14  2.063176e+01  2.965072e+07  1.281550e+19  4.867403e-02   \n",
       "15  9.670987e+02  3.420140e+07 -1.504168e+20 -1.272635e-01   \n",
       "16  9.300094e+00 -1.861638e+09 -2.500917e+33 -1.888585e+09   \n",
       "\n",
       "                         name  \n",
       "0     SRK_1parameter_HFCILfit  \n",
       "1      PR_1parameter_HFCILfit  \n",
       "2     SRK_1parameter_ILHFCfit  \n",
       "3      PR_1parameter_ILHFCfit  \n",
       "4   PR_1parameter_ILHFCfit_GF  \n",
       "5       PR_3parameter_ILHFCB0  \n",
       "6      SRK_3parameter_ILHFCB0  \n",
       "7               PR_2parameter  \n",
       "8      SRK_3parameter_HFCILB0  \n",
       "9              SRK_2parameter  \n",
       "10      PR_3parameter_HFCILB0  \n",
       "11              PR_4parameter  \n",
       "12              PR_6parameter  \n",
       "13             SRK_4parameter  \n",
       "14             SRK_6parameter  \n",
       "15              PR_8parameter  \n",
       "16             SRK_8parameter  "
      ]
     },
     "execution_count": 14,
     "metadata": {},
     "output_type": "execute_result"
    }
   ],
   "source": [
    "OptTable_Eopt"
   ]
  },
  {
   "cell_type": "code",
   "execution_count": null,
   "id": "3ef31037",
   "metadata": {},
   "outputs": [],
   "source": []
  }
 ],
 "metadata": {
  "kernelspec": {
   "display_name": "Python 3 (ipykernel)",
   "language": "python",
   "name": "python3"
  },
  "language_info": {
   "codemirror_mode": {
    "name": "ipython",
    "version": 3
   },
   "file_extension": ".py",
   "mimetype": "text/x-python",
   "name": "python",
   "nbconvert_exporter": "python",
   "pygments_lexer": "ipython3",
   "version": "3.9.9"
  }
 },
 "nbformat": 4,
 "nbformat_minor": 5
}
