2.068523671091814231e-01,-1.414694485703916482e-01,-6.410224756250287870e-01,-4.391015099226517893e-01,-4.609270705970022752e-01,-3.437985371825265091e-01,-5.007633799251019063e-02,1.788046763528010341e-02
1.591823667935827746e-01,2.397562260758134833e-01,-2.246170536984215815e-01,4.077816129514510446e-01,-4.831221369903900276e-01,4.684550734489556501e-01,4.958784237595820765e-01,-4.107734767826141248e-02
-5.442159323155321138e-01,5.616519620018541881e-01,2.597004084595948559e-01,-7.890524804680110194e-02,-4.553987129872227868e-01,-3.229200858693476173e-01,-5.127861145447668023e-02,2.027054862482725525e-02
-4.499189713480017949e-01,-5.535719559390286371e-01,2.005493513662361948e-01,-3.635835103083400188e-01,-1.349599085736056803e-01,1.494959635248829799e-01,5.252740216135384221e-01,-4.735661881718157551e-02
4.690634885434586954e-01,-3.288512937426495975e-01,5.761878608839643423e-01,2.032101613704152820e-01,-4.526310924989932483e-01,-3.005994829830380688e-01,-5.280043878949051278e-02,2.294819142497137379e-02
4.225044581658684573e-01,4.142208060423364646e-01,1.995533987848082946e-01,-4.164028443311393324e-01,2.756955783146292638e-01,-2.104773139406388438e-01,5.598492207936826004e-01,-5.439731449809432490e-02
-1.317979508341413641e-01,-1.029996041898045694e-01,-1.704516937819852418e-01,3.825515585457234247e-01,1.377830449734842311e-01,-4.605408848803055899e-01,2.098083839790702010e-01,-7.221651678801613850e-01
-1.318094733307955124e-01,-1.013782143191764712e-01,-1.735085892229725479e-01,3.761032033735991487e-01,1.693220196750989948e-01,-4.347037261438155276e-01,3.358810222394945089e-01,6.858069545315592652e-01
