1.247772133573199077e-01,4.722926679850524834e-01,4.298290550632167389e-02,7.241962032914958103e-01,1.222762669771516320e-01,-4.090025101042104039e-01,2.103915091918229230e-01,9.253921211823745718e-02
1.295074911578789588e-02,3.705812955611707815e-02,1.464918846118323445e-02,6.031861562825838186e-02,4.886651695186987722e-04,-3.537655782402162608e-01,-9.182829312702488478e-01,-1.619019735943487970e-01
2.396046169747743371e-01,-6.797857489061188696e-01,-4.629526871744784611e-01,2.133136482649117538e-01,4.054799287247765616e-01,-2.262764429456216586e-01,7.081402852466550657e-02,-4.842304292036670420e-03
-1.296039581116449450e-02,1.818957310958058404e-01,-3.807995402937221496e-01,2.997079638202959639e-01,1.550511974253816760e-01,6.741188183141998413e-01,-3.089309104338958112e-01,3.974888863129571459e-01
-8.386396221327150347e-01,2.488382344436892990e-03,7.115146875261502135e-02,5.951546506612247212e-03,5.336737295653971591e-01,-7.106649924715191524e-02,2.349054879924937500e-02,-3.419851514491550892e-02
-1.268767398814405270e-02,-4.346880006762125492e-01,6.493357703551912996e-01,2.237894021204129835e-01,-6.377033030043351147e-02,1.721151460664534227e-02,-9.981425416166045395e-02,5.699481679790364685e-01
4.722811726708541769e-01,2.110589985324833606e-01,3.639477770545075375e-01,-2.640254862899330535e-01,7.108643947717653289e-01,1.365407119280454828e-01,-3.616858266153123724e-02,-7.040881283734838625e-02
1.255714328267625024e-02,2.164852386527141570e-01,-2.818633216123392349e-01,-4.655613523646596752e-01,4.889720758585889421e-02,-4.218288787876505186e-01,1.469963781240675969e-02,6.900982024086697031e-01
