{
 "cells": [
  {
   "cell_type": "markdown",
   "id": "26ac186a",
   "metadata": {},
   "source": [
    "# Optimality Table of Models for R32/emimTF2N system"
   ]
  },
  {
   "cell_type": "code",
   "execution_count": 1,
   "id": "d23b9336",
   "metadata": {},
   "outputs": [],
   "source": [
    "import pandas as pd\n",
    "import numpy as np"
   ]
  },
  {
   "cell_type": "markdown",
   "id": "a93ab5a1",
   "metadata": {},
   "source": [
    "## Import Optimality Data"
   ]
  },
  {
   "cell_type": "code",
   "execution_count": 2,
   "id": "12dd3621",
   "metadata": {},
   "outputs": [],
   "source": [
    "PR_1param_Opt1 = pd.read_csv('PR_FIMtrdet_1param_Opt1.csv',header=None).T\n",
    "PR_1param_Opt1.columns = ['cov_trace','FIM_trace','determinant','min_eigval']\n",
    "PR_1param_Opt1['name'] = 'PR_1param_Opt1'\n",
    "\n",
    "PR_1param_Opt2 = pd.read_csv('PR_FIMtrdet_1param_Opt2.csv',header=None).T\n",
    "PR_1param_Opt2.columns = ['cov_trace','FIM_trace','determinant','min_eigval']\n",
    "PR_1param_Opt2['name'] = 'PR_1param_Opt2'\n",
    "\n",
    "PR_noTdep = pd.read_csv('PR_FIMtrdet_noTdep.csv',header=None).T\n",
    "PR_noTdep.columns = ['cov_trace','FIM_trace','determinant','min_eigval']\n",
    "PR_noTdep['name'] = 'PR_noTdep'\n",
    "\n",
    "PR_3params_Opt1 = pd.read_csv('PR_FIMtrdet_3params_Opt1.csv',header=None).T\n",
    "PR_3params_Opt1.columns = ['cov_trace','FIM_trace','determinant','min_eigval']\n",
    "PR_3params_Opt1['name'] = 'PR_3params_Opt1'\n",
    "\n",
    "PR_3params_Opt2 = pd.read_csv('PR_FIMtrdet_3params_Opt2.csv',header=None).T\n",
    "PR_3params_Opt2.columns = ['cov_trace','FIM_trace','determinant','min_eigval']\n",
    "PR_3params_Opt2['name'] = 'PR_3params_Opt2'\n",
    "\n",
    "PR_linTdep = pd.read_csv('PR_FIMtrdet_linTdep.csv',header=None).T\n",
    "PR_linTdep.columns = ['cov_trace','FIM_trace','determinant','min_eigval']\n",
    "PR_linTdep['name'] = 'PR_linTdep'\n",
    "\n",
    "PR_quadTdep = pd.read_csv('PR_FIMtrdet_quadTdep.csv',header=None).T\n",
    "PR_quadTdep.columns = ['cov_trace','FIM_trace','determinant','min_eigval']\n",
    "PR_quadTdep['name'] = 'PR_quadTdep'\n",
    "\n",
    "PR_polyTdep = pd.read_csv('PR_FIMtrdet_polyTdep.csv',header=None).T\n",
    "PR_polyTdep.columns = ['cov_trace','FIM_trace','determinant','min_eigval']\n",
    "PR_polyTdep['name'] = 'PR_polyTdep'"
   ]
  },
  {
   "cell_type": "code",
   "execution_count": 3,
   "id": "028ba92b",
   "metadata": {},
   "outputs": [],
   "source": [
    "SRK_1param_Opt1 = pd.read_csv('SRK_FIMtrdet_1param_Opt1.csv',header=None).T\n",
    "SRK_1param_Opt1.columns = ['cov_trace','FIM_trace','determinant','min_eigval']\n",
    "SRK_1param_Opt1['name'] = 'SRK_1param_Opt1'\n",
    "\n",
    "SRK_1param_Opt2 = pd.read_csv('SRK_FIMtrdet_1param_Opt2.csv',header=None).T\n",
    "SRK_1param_Opt2.columns = ['cov_trace','FIM_trace','determinant','min_eigval'] \n",
    "SRK_1param_Opt2['name'] = 'SRK_1param_Opt2'\n",
    "\n",
    "SRK_noTdep = pd.read_csv('SRK_FIMtrdet_noTdep.csv',header=None).T\n",
    "SRK_noTdep.columns = ['cov_trace','FIM_trace','determinant','min_eigval']\n",
    "SRK_noTdep['name'] = 'SRK_noTdep'\n",
    "\n",
    "SRK_3params_Opt1 = pd.read_csv('SRK_FIMtrdet_3params_Opt1.csv',header=None).T\n",
    "SRK_3params_Opt1.columns = ['cov_trace','FIM_trace','determinant','min_eigval']\n",
    "SRK_3params_Opt1['name'] = 'SRK_3params_Opt1'\n",
    "\n",
    "SRK_3params_Opt2 = pd.read_csv('SRK_FIMtrdet_3params_Opt2.csv',header=None).T\n",
    "SRK_3params_Opt2.columns = ['cov_trace','FIM_trace','determinant','min_eigval'] \n",
    "SRK_3params_Opt2['name'] = 'SRK_3params_Opt2'\n",
    "\n",
    "SRK_linTdep = pd.read_csv('SRK_FIMtrdet_linTdep.csv',header=None).T\n",
    "SRK_linTdep.columns = ['cov_trace','FIM_trace','determinant','min_eigval']\n",
    "SRK_linTdep['name'] = 'SRK_linTdep'\n",
    "\n",
    "SRK_quadTdep = pd.read_csv('SRK_FIMtrdet_quadTdep.csv',header=None).T\n",
    "SRK_quadTdep.columns = ['cov_trace','FIM_trace','determinant','min_eigval']\n",
    "SRK_quadTdep['name'] = 'SRK_quadTdep'\n",
    "\n",
    "SRK_polyTdep = pd.read_csv('SRK_FIMtrdet_polyTdep.csv',header=None).T\n",
    "SRK_polyTdep.columns = ['cov_trace','FIM_trace','determinant','min_eigval']\n",
    "SRK_polyTdep['name'] = 'SRK_polyTdep'"
   ]
  },
  {
   "cell_type": "code",
   "execution_count": 4,
   "id": "0d24779a",
   "metadata": {},
   "outputs": [],
   "source": [
    "PR = pd.concat([PR_1param_Opt1,PR_1param_Opt2,PR_noTdep,PR_3params_Opt1,PR_3params_Opt2,PR_linTdep,PR_quadTdep,PR_polyTdep])"
   ]
  },
  {
   "cell_type": "code",
   "execution_count": 5,
   "id": "939ef1bc",
   "metadata": {},
   "outputs": [],
   "source": [
    "SRK = pd.concat([SRK_1param_Opt1,SRK_1param_Opt2,SRK_noTdep,SRK_3params_Opt1,SRK_3params_Opt2,SRK_linTdep,SRK_quadTdep,SRK_polyTdep])"
   ]
  },
  {
   "cell_type": "code",
   "execution_count": 6,
   "id": "f484480d",
   "metadata": {},
   "outputs": [],
   "source": [
    "OptTable = pd.concat([PR,SRK],ignore_index=True)"
   ]
  },
  {
   "cell_type": "code",
   "execution_count": 7,
   "id": "fae2a7dc",
   "metadata": {},
   "outputs": [
    {
     "data": {
      "text/html": [
       "<div>\n",
       "<style scoped>\n",
       "    .dataframe tbody tr th:only-of-type {\n",
       "        vertical-align: middle;\n",
       "    }\n",
       "\n",
       "    .dataframe tbody tr th {\n",
       "        vertical-align: top;\n",
       "    }\n",
       "\n",
       "    .dataframe thead th {\n",
       "        text-align: right;\n",
       "    }\n",
       "</style>\n",
       "<table border=\"1\" class=\"dataframe\">\n",
       "  <thead>\n",
       "    <tr style=\"text-align: right;\">\n",
       "      <th></th>\n",
       "      <th>cov_trace</th>\n",
       "      <th>FIM_trace</th>\n",
       "      <th>determinant</th>\n",
       "      <th>min_eigval</th>\n",
       "      <th>name</th>\n",
       "    </tr>\n",
       "  </thead>\n",
       "  <tbody>\n",
       "    <tr>\n",
       "      <th>0</th>\n",
       "      <td>4.123310e-07</td>\n",
       "      <td>2.425236e+06</td>\n",
       "      <td>2.425236e+06</td>\n",
       "      <td>2.425236e+06</td>\n",
       "      <td>PR_1param_Opt1</td>\n",
       "    </tr>\n",
       "    <tr>\n",
       "      <th>1</th>\n",
       "      <td>7.626451e-14</td>\n",
       "      <td>1.311226e+13</td>\n",
       "      <td>1.311226e+13</td>\n",
       "      <td>1.311226e+13</td>\n",
       "      <td>PR_1param_Opt2</td>\n",
       "    </tr>\n",
       "    <tr>\n",
       "      <th>2</th>\n",
       "      <td>6.645543e-05</td>\n",
       "      <td>3.763683e+06</td>\n",
       "      <td>5.663470e+10</td>\n",
       "      <td>1.510833e+04</td>\n",
       "      <td>PR_noTdep</td>\n",
       "    </tr>\n",
       "    <tr>\n",
       "      <th>3</th>\n",
       "      <td>2.210925e-04</td>\n",
       "      <td>1.213568e+07</td>\n",
       "      <td>2.283992e+15</td>\n",
       "      <td>5.163454e+03</td>\n",
       "      <td>PR_3params_Opt1</td>\n",
       "    </tr>\n",
       "    <tr>\n",
       "      <th>4</th>\n",
       "      <td>5.305211e-02</td>\n",
       "      <td>4.037009e+06</td>\n",
       "      <td>2.258923e+12</td>\n",
       "      <td>1.886137e+01</td>\n",
       "      <td>PR_3params_Opt2</td>\n",
       "    </tr>\n",
       "    <tr>\n",
       "      <th>5</th>\n",
       "      <td>5.536754e-02</td>\n",
       "      <td>1.179859e+07</td>\n",
       "      <td>7.249607e+16</td>\n",
       "      <td>1.812041e+01</td>\n",
       "      <td>PR_linTdep</td>\n",
       "    </tr>\n",
       "    <tr>\n",
       "      <th>6</th>\n",
       "      <td>4.149330e+01</td>\n",
       "      <td>1.821538e+07</td>\n",
       "      <td>5.574755e+17</td>\n",
       "      <td>2.418214e-02</td>\n",
       "      <td>PR_quadTdep</td>\n",
       "    </tr>\n",
       "    <tr>\n",
       "      <th>7</th>\n",
       "      <td>5.368268e+02</td>\n",
       "      <td>8.635083e+07</td>\n",
       "      <td>2.423463e+23</td>\n",
       "      <td>1.942511e-03</td>\n",
       "      <td>PR_polyTdep</td>\n",
       "    </tr>\n",
       "    <tr>\n",
       "      <th>8</th>\n",
       "      <td>5.523687e-07</td>\n",
       "      <td>1.810385e+06</td>\n",
       "      <td>1.810385e+06</td>\n",
       "      <td>1.810385e+06</td>\n",
       "      <td>SRK_1param_Opt1</td>\n",
       "    </tr>\n",
       "    <tr>\n",
       "      <th>9</th>\n",
       "      <td>7.201616e-14</td>\n",
       "      <td>1.388577e+13</td>\n",
       "      <td>1.388577e+13</td>\n",
       "      <td>1.388577e+13</td>\n",
       "      <td>SRK_1param_Opt2</td>\n",
       "    </tr>\n",
       "    <tr>\n",
       "      <th>10</th>\n",
       "      <td>5.006084e-05</td>\n",
       "      <td>4.959486e+06</td>\n",
       "      <td>9.906918e+10</td>\n",
       "      <td>2.005681e+04</td>\n",
       "      <td>SRK_noTdep</td>\n",
       "    </tr>\n",
       "    <tr>\n",
       "      <th>11</th>\n",
       "      <td>2.348965e-04</td>\n",
       "      <td>1.133720e+07</td>\n",
       "      <td>1.881115e+15</td>\n",
       "      <td>4.863935e+03</td>\n",
       "      <td>SRK_3params_Opt1</td>\n",
       "    </tr>\n",
       "    <tr>\n",
       "      <th>12</th>\n",
       "      <td>4.302138e-02</td>\n",
       "      <td>4.996082e+06</td>\n",
       "      <td>4.302949e+12</td>\n",
       "      <td>2.325886e+01</td>\n",
       "      <td>SRK_3params_Opt2</td>\n",
       "    </tr>\n",
       "    <tr>\n",
       "      <th>13</th>\n",
       "      <td>5.953304e-02</td>\n",
       "      <td>1.099927e+07</td>\n",
       "      <td>5.510737e+16</td>\n",
       "      <td>1.685205e+01</td>\n",
       "      <td>SRK_linTdep</td>\n",
       "    </tr>\n",
       "    <tr>\n",
       "      <th>14</th>\n",
       "      <td>4.432670e+01</td>\n",
       "      <td>1.716724e+07</td>\n",
       "      <td>3.929457e+17</td>\n",
       "      <td>2.263568e-02</td>\n",
       "      <td>SRK_quadTdep</td>\n",
       "    </tr>\n",
       "    <tr>\n",
       "      <th>15</th>\n",
       "      <td>4.630099e+02</td>\n",
       "      <td>6.797089e+07</td>\n",
       "      <td>1.412688e+23</td>\n",
       "      <td>2.260656e-03</td>\n",
       "      <td>SRK_polyTdep</td>\n",
       "    </tr>\n",
       "  </tbody>\n",
       "</table>\n",
       "</div>"
      ],
      "text/plain": [
       "       cov_trace     FIM_trace   determinant    min_eigval              name\n",
       "0   4.123310e-07  2.425236e+06  2.425236e+06  2.425236e+06    PR_1param_Opt1\n",
       "1   7.626451e-14  1.311226e+13  1.311226e+13  1.311226e+13    PR_1param_Opt2\n",
       "2   6.645543e-05  3.763683e+06  5.663470e+10  1.510833e+04         PR_noTdep\n",
       "3   2.210925e-04  1.213568e+07  2.283992e+15  5.163454e+03   PR_3params_Opt1\n",
       "4   5.305211e-02  4.037009e+06  2.258923e+12  1.886137e+01   PR_3params_Opt2\n",
       "5   5.536754e-02  1.179859e+07  7.249607e+16  1.812041e+01        PR_linTdep\n",
       "6   4.149330e+01  1.821538e+07  5.574755e+17  2.418214e-02       PR_quadTdep\n",
       "7   5.368268e+02  8.635083e+07  2.423463e+23  1.942511e-03       PR_polyTdep\n",
       "8   5.523687e-07  1.810385e+06  1.810385e+06  1.810385e+06   SRK_1param_Opt1\n",
       "9   7.201616e-14  1.388577e+13  1.388577e+13  1.388577e+13   SRK_1param_Opt2\n",
       "10  5.006084e-05  4.959486e+06  9.906918e+10  2.005681e+04        SRK_noTdep\n",
       "11  2.348965e-04  1.133720e+07  1.881115e+15  4.863935e+03  SRK_3params_Opt1\n",
       "12  4.302138e-02  4.996082e+06  4.302949e+12  2.325886e+01  SRK_3params_Opt2\n",
       "13  5.953304e-02  1.099927e+07  5.510737e+16  1.685205e+01       SRK_linTdep\n",
       "14  4.432670e+01  1.716724e+07  3.929457e+17  2.263568e-02      SRK_quadTdep\n",
       "15  4.630099e+02  6.797089e+07  1.412688e+23  2.260656e-03      SRK_polyTdep"
      ]
     },
     "execution_count": 7,
     "metadata": {},
     "output_type": "execute_result"
    }
   ],
   "source": [
    "OptTable"
   ]
  },
  {
   "cell_type": "code",
   "execution_count": 8,
   "id": "bed7cff7",
   "metadata": {},
   "outputs": [],
   "source": [
    "OptTable_Aopt = OptTable.sort_values(['cov_trace'],ascending=True,ignore_index=True)"
   ]
  },
  {
   "cell_type": "code",
   "execution_count": 9,
   "id": "79246981",
   "metadata": {},
   "outputs": [],
   "source": [
    "OptTable_Dopt = OptTable.sort_values(['determinant'],ascending=False,ignore_index=True)"
   ]
  },
  {
   "cell_type": "code",
   "execution_count": 10,
   "id": "637d25dc",
   "metadata": {},
   "outputs": [],
   "source": [
    "OptTable_Eopt = OptTable.sort_values(['min_eigval'],ascending=False,ignore_index=True)"
   ]
  },
  {
   "cell_type": "code",
   "execution_count": 11,
   "id": "d73a5cbb",
   "metadata": {},
   "outputs": [
    {
     "data": {
      "text/html": [
       "<div>\n",
       "<style scoped>\n",
       "    .dataframe tbody tr th:only-of-type {\n",
       "        vertical-align: middle;\n",
       "    }\n",
       "\n",
       "    .dataframe tbody tr th {\n",
       "        vertical-align: top;\n",
       "    }\n",
       "\n",
       "    .dataframe thead th {\n",
       "        text-align: right;\n",
       "    }\n",
       "</style>\n",
       "<table border=\"1\" class=\"dataframe\">\n",
       "  <thead>\n",
       "    <tr style=\"text-align: right;\">\n",
       "      <th></th>\n",
       "      <th>cov_trace</th>\n",
       "      <th>FIM_trace</th>\n",
       "      <th>determinant</th>\n",
       "      <th>min_eigval</th>\n",
       "      <th>name</th>\n",
       "    </tr>\n",
       "  </thead>\n",
       "  <tbody>\n",
       "    <tr>\n",
       "      <th>0</th>\n",
       "      <td>7.201616e-14</td>\n",
       "      <td>1.388577e+13</td>\n",
       "      <td>1.388577e+13</td>\n",
       "      <td>1.388577e+13</td>\n",
       "      <td>SRK_1param_Opt2</td>\n",
       "    </tr>\n",
       "    <tr>\n",
       "      <th>1</th>\n",
       "      <td>7.626451e-14</td>\n",
       "      <td>1.311226e+13</td>\n",
       "      <td>1.311226e+13</td>\n",
       "      <td>1.311226e+13</td>\n",
       "      <td>PR_1param_Opt2</td>\n",
       "    </tr>\n",
       "    <tr>\n",
       "      <th>2</th>\n",
       "      <td>4.123310e-07</td>\n",
       "      <td>2.425236e+06</td>\n",
       "      <td>2.425236e+06</td>\n",
       "      <td>2.425236e+06</td>\n",
       "      <td>PR_1param_Opt1</td>\n",
       "    </tr>\n",
       "    <tr>\n",
       "      <th>3</th>\n",
       "      <td>5.523687e-07</td>\n",
       "      <td>1.810385e+06</td>\n",
       "      <td>1.810385e+06</td>\n",
       "      <td>1.810385e+06</td>\n",
       "      <td>SRK_1param_Opt1</td>\n",
       "    </tr>\n",
       "    <tr>\n",
       "      <th>4</th>\n",
       "      <td>5.006084e-05</td>\n",
       "      <td>4.959486e+06</td>\n",
       "      <td>9.906918e+10</td>\n",
       "      <td>2.005681e+04</td>\n",
       "      <td>SRK_noTdep</td>\n",
       "    </tr>\n",
       "    <tr>\n",
       "      <th>5</th>\n",
       "      <td>6.645543e-05</td>\n",
       "      <td>3.763683e+06</td>\n",
       "      <td>5.663470e+10</td>\n",
       "      <td>1.510833e+04</td>\n",
       "      <td>PR_noTdep</td>\n",
       "    </tr>\n",
       "    <tr>\n",
       "      <th>6</th>\n",
       "      <td>2.210925e-04</td>\n",
       "      <td>1.213568e+07</td>\n",
       "      <td>2.283992e+15</td>\n",
       "      <td>5.163454e+03</td>\n",
       "      <td>PR_3params_Opt1</td>\n",
       "    </tr>\n",
       "    <tr>\n",
       "      <th>7</th>\n",
       "      <td>2.348965e-04</td>\n",
       "      <td>1.133720e+07</td>\n",
       "      <td>1.881115e+15</td>\n",
       "      <td>4.863935e+03</td>\n",
       "      <td>SRK_3params_Opt1</td>\n",
       "    </tr>\n",
       "    <tr>\n",
       "      <th>8</th>\n",
       "      <td>4.302138e-02</td>\n",
       "      <td>4.996082e+06</td>\n",
       "      <td>4.302949e+12</td>\n",
       "      <td>2.325886e+01</td>\n",
       "      <td>SRK_3params_Opt2</td>\n",
       "    </tr>\n",
       "    <tr>\n",
       "      <th>9</th>\n",
       "      <td>5.305211e-02</td>\n",
       "      <td>4.037009e+06</td>\n",
       "      <td>2.258923e+12</td>\n",
       "      <td>1.886137e+01</td>\n",
       "      <td>PR_3params_Opt2</td>\n",
       "    </tr>\n",
       "    <tr>\n",
       "      <th>10</th>\n",
       "      <td>5.536754e-02</td>\n",
       "      <td>1.179859e+07</td>\n",
       "      <td>7.249607e+16</td>\n",
       "      <td>1.812041e+01</td>\n",
       "      <td>PR_linTdep</td>\n",
       "    </tr>\n",
       "    <tr>\n",
       "      <th>11</th>\n",
       "      <td>5.953304e-02</td>\n",
       "      <td>1.099927e+07</td>\n",
       "      <td>5.510737e+16</td>\n",
       "      <td>1.685205e+01</td>\n",
       "      <td>SRK_linTdep</td>\n",
       "    </tr>\n",
       "    <tr>\n",
       "      <th>12</th>\n",
       "      <td>4.149330e+01</td>\n",
       "      <td>1.821538e+07</td>\n",
       "      <td>5.574755e+17</td>\n",
       "      <td>2.418214e-02</td>\n",
       "      <td>PR_quadTdep</td>\n",
       "    </tr>\n",
       "    <tr>\n",
       "      <th>13</th>\n",
       "      <td>4.432670e+01</td>\n",
       "      <td>1.716724e+07</td>\n",
       "      <td>3.929457e+17</td>\n",
       "      <td>2.263568e-02</td>\n",
       "      <td>SRK_quadTdep</td>\n",
       "    </tr>\n",
       "    <tr>\n",
       "      <th>14</th>\n",
       "      <td>4.630099e+02</td>\n",
       "      <td>6.797089e+07</td>\n",
       "      <td>1.412688e+23</td>\n",
       "      <td>2.260656e-03</td>\n",
       "      <td>SRK_polyTdep</td>\n",
       "    </tr>\n",
       "    <tr>\n",
       "      <th>15</th>\n",
       "      <td>5.368268e+02</td>\n",
       "      <td>8.635083e+07</td>\n",
       "      <td>2.423463e+23</td>\n",
       "      <td>1.942511e-03</td>\n",
       "      <td>PR_polyTdep</td>\n",
       "    </tr>\n",
       "  </tbody>\n",
       "</table>\n",
       "</div>"
      ],
      "text/plain": [
       "       cov_trace     FIM_trace   determinant    min_eigval              name\n",
       "0   7.201616e-14  1.388577e+13  1.388577e+13  1.388577e+13   SRK_1param_Opt2\n",
       "1   7.626451e-14  1.311226e+13  1.311226e+13  1.311226e+13    PR_1param_Opt2\n",
       "2   4.123310e-07  2.425236e+06  2.425236e+06  2.425236e+06    PR_1param_Opt1\n",
       "3   5.523687e-07  1.810385e+06  1.810385e+06  1.810385e+06   SRK_1param_Opt1\n",
       "4   5.006084e-05  4.959486e+06  9.906918e+10  2.005681e+04        SRK_noTdep\n",
       "5   6.645543e-05  3.763683e+06  5.663470e+10  1.510833e+04         PR_noTdep\n",
       "6   2.210925e-04  1.213568e+07  2.283992e+15  5.163454e+03   PR_3params_Opt1\n",
       "7   2.348965e-04  1.133720e+07  1.881115e+15  4.863935e+03  SRK_3params_Opt1\n",
       "8   4.302138e-02  4.996082e+06  4.302949e+12  2.325886e+01  SRK_3params_Opt2\n",
       "9   5.305211e-02  4.037009e+06  2.258923e+12  1.886137e+01   PR_3params_Opt2\n",
       "10  5.536754e-02  1.179859e+07  7.249607e+16  1.812041e+01        PR_linTdep\n",
       "11  5.953304e-02  1.099927e+07  5.510737e+16  1.685205e+01       SRK_linTdep\n",
       "12  4.149330e+01  1.821538e+07  5.574755e+17  2.418214e-02       PR_quadTdep\n",
       "13  4.432670e+01  1.716724e+07  3.929457e+17  2.263568e-02      SRK_quadTdep\n",
       "14  4.630099e+02  6.797089e+07  1.412688e+23  2.260656e-03      SRK_polyTdep\n",
       "15  5.368268e+02  8.635083e+07  2.423463e+23  1.942511e-03       PR_polyTdep"
      ]
     },
     "execution_count": 11,
     "metadata": {},
     "output_type": "execute_result"
    }
   ],
   "source": [
    "OptTable_Aopt"
   ]
  },
  {
   "cell_type": "code",
   "execution_count": 12,
   "id": "b6a9fe96",
   "metadata": {},
   "outputs": [
    {
     "data": {
      "text/html": [
       "<div>\n",
       "<style scoped>\n",
       "    .dataframe tbody tr th:only-of-type {\n",
       "        vertical-align: middle;\n",
       "    }\n",
       "\n",
       "    .dataframe tbody tr th {\n",
       "        vertical-align: top;\n",
       "    }\n",
       "\n",
       "    .dataframe thead th {\n",
       "        text-align: right;\n",
       "    }\n",
       "</style>\n",
       "<table border=\"1\" class=\"dataframe\">\n",
       "  <thead>\n",
       "    <tr style=\"text-align: right;\">\n",
       "      <th></th>\n",
       "      <th>cov_trace</th>\n",
       "      <th>FIM_trace</th>\n",
       "      <th>determinant</th>\n",
       "      <th>min_eigval</th>\n",
       "      <th>name</th>\n",
       "    </tr>\n",
       "  </thead>\n",
       "  <tbody>\n",
       "    <tr>\n",
       "      <th>0</th>\n",
       "      <td>5.368268e+02</td>\n",
       "      <td>8.635083e+07</td>\n",
       "      <td>2.423463e+23</td>\n",
       "      <td>1.942511e-03</td>\n",
       "      <td>PR_polyTdep</td>\n",
       "    </tr>\n",
       "    <tr>\n",
       "      <th>1</th>\n",
       "      <td>4.630099e+02</td>\n",
       "      <td>6.797089e+07</td>\n",
       "      <td>1.412688e+23</td>\n",
       "      <td>2.260656e-03</td>\n",
       "      <td>SRK_polyTdep</td>\n",
       "    </tr>\n",
       "    <tr>\n",
       "      <th>2</th>\n",
       "      <td>4.149330e+01</td>\n",
       "      <td>1.821538e+07</td>\n",
       "      <td>5.574755e+17</td>\n",
       "      <td>2.418214e-02</td>\n",
       "      <td>PR_quadTdep</td>\n",
       "    </tr>\n",
       "    <tr>\n",
       "      <th>3</th>\n",
       "      <td>4.432670e+01</td>\n",
       "      <td>1.716724e+07</td>\n",
       "      <td>3.929457e+17</td>\n",
       "      <td>2.263568e-02</td>\n",
       "      <td>SRK_quadTdep</td>\n",
       "    </tr>\n",
       "    <tr>\n",
       "      <th>4</th>\n",
       "      <td>5.536754e-02</td>\n",
       "      <td>1.179859e+07</td>\n",
       "      <td>7.249607e+16</td>\n",
       "      <td>1.812041e+01</td>\n",
       "      <td>PR_linTdep</td>\n",
       "    </tr>\n",
       "    <tr>\n",
       "      <th>5</th>\n",
       "      <td>5.953304e-02</td>\n",
       "      <td>1.099927e+07</td>\n",
       "      <td>5.510737e+16</td>\n",
       "      <td>1.685205e+01</td>\n",
       "      <td>SRK_linTdep</td>\n",
       "    </tr>\n",
       "    <tr>\n",
       "      <th>6</th>\n",
       "      <td>2.210925e-04</td>\n",
       "      <td>1.213568e+07</td>\n",
       "      <td>2.283992e+15</td>\n",
       "      <td>5.163454e+03</td>\n",
       "      <td>PR_3params_Opt1</td>\n",
       "    </tr>\n",
       "    <tr>\n",
       "      <th>7</th>\n",
       "      <td>2.348965e-04</td>\n",
       "      <td>1.133720e+07</td>\n",
       "      <td>1.881115e+15</td>\n",
       "      <td>4.863935e+03</td>\n",
       "      <td>SRK_3params_Opt1</td>\n",
       "    </tr>\n",
       "    <tr>\n",
       "      <th>8</th>\n",
       "      <td>7.201616e-14</td>\n",
       "      <td>1.388577e+13</td>\n",
       "      <td>1.388577e+13</td>\n",
       "      <td>1.388577e+13</td>\n",
       "      <td>SRK_1param_Opt2</td>\n",
       "    </tr>\n",
       "    <tr>\n",
       "      <th>9</th>\n",
       "      <td>7.626451e-14</td>\n",
       "      <td>1.311226e+13</td>\n",
       "      <td>1.311226e+13</td>\n",
       "      <td>1.311226e+13</td>\n",
       "      <td>PR_1param_Opt2</td>\n",
       "    </tr>\n",
       "    <tr>\n",
       "      <th>10</th>\n",
       "      <td>4.302138e-02</td>\n",
       "      <td>4.996082e+06</td>\n",
       "      <td>4.302949e+12</td>\n",
       "      <td>2.325886e+01</td>\n",
       "      <td>SRK_3params_Opt2</td>\n",
       "    </tr>\n",
       "    <tr>\n",
       "      <th>11</th>\n",
       "      <td>5.305211e-02</td>\n",
       "      <td>4.037009e+06</td>\n",
       "      <td>2.258923e+12</td>\n",
       "      <td>1.886137e+01</td>\n",
       "      <td>PR_3params_Opt2</td>\n",
       "    </tr>\n",
       "    <tr>\n",
       "      <th>12</th>\n",
       "      <td>5.006084e-05</td>\n",
       "      <td>4.959486e+06</td>\n",
       "      <td>9.906918e+10</td>\n",
       "      <td>2.005681e+04</td>\n",
       "      <td>SRK_noTdep</td>\n",
       "    </tr>\n",
       "    <tr>\n",
       "      <th>13</th>\n",
       "      <td>6.645543e-05</td>\n",
       "      <td>3.763683e+06</td>\n",
       "      <td>5.663470e+10</td>\n",
       "      <td>1.510833e+04</td>\n",
       "      <td>PR_noTdep</td>\n",
       "    </tr>\n",
       "    <tr>\n",
       "      <th>14</th>\n",
       "      <td>4.123310e-07</td>\n",
       "      <td>2.425236e+06</td>\n",
       "      <td>2.425236e+06</td>\n",
       "      <td>2.425236e+06</td>\n",
       "      <td>PR_1param_Opt1</td>\n",
       "    </tr>\n",
       "    <tr>\n",
       "      <th>15</th>\n",
       "      <td>5.523687e-07</td>\n",
       "      <td>1.810385e+06</td>\n",
       "      <td>1.810385e+06</td>\n",
       "      <td>1.810385e+06</td>\n",
       "      <td>SRK_1param_Opt1</td>\n",
       "    </tr>\n",
       "  </tbody>\n",
       "</table>\n",
       "</div>"
      ],
      "text/plain": [
       "       cov_trace     FIM_trace   determinant    min_eigval              name\n",
       "0   5.368268e+02  8.635083e+07  2.423463e+23  1.942511e-03       PR_polyTdep\n",
       "1   4.630099e+02  6.797089e+07  1.412688e+23  2.260656e-03      SRK_polyTdep\n",
       "2   4.149330e+01  1.821538e+07  5.574755e+17  2.418214e-02       PR_quadTdep\n",
       "3   4.432670e+01  1.716724e+07  3.929457e+17  2.263568e-02      SRK_quadTdep\n",
       "4   5.536754e-02  1.179859e+07  7.249607e+16  1.812041e+01        PR_linTdep\n",
       "5   5.953304e-02  1.099927e+07  5.510737e+16  1.685205e+01       SRK_linTdep\n",
       "6   2.210925e-04  1.213568e+07  2.283992e+15  5.163454e+03   PR_3params_Opt1\n",
       "7   2.348965e-04  1.133720e+07  1.881115e+15  4.863935e+03  SRK_3params_Opt1\n",
       "8   7.201616e-14  1.388577e+13  1.388577e+13  1.388577e+13   SRK_1param_Opt2\n",
       "9   7.626451e-14  1.311226e+13  1.311226e+13  1.311226e+13    PR_1param_Opt2\n",
       "10  4.302138e-02  4.996082e+06  4.302949e+12  2.325886e+01  SRK_3params_Opt2\n",
       "11  5.305211e-02  4.037009e+06  2.258923e+12  1.886137e+01   PR_3params_Opt2\n",
       "12  5.006084e-05  4.959486e+06  9.906918e+10  2.005681e+04        SRK_noTdep\n",
       "13  6.645543e-05  3.763683e+06  5.663470e+10  1.510833e+04         PR_noTdep\n",
       "14  4.123310e-07  2.425236e+06  2.425236e+06  2.425236e+06    PR_1param_Opt1\n",
       "15  5.523687e-07  1.810385e+06  1.810385e+06  1.810385e+06   SRK_1param_Opt1"
      ]
     },
     "execution_count": 12,
     "metadata": {},
     "output_type": "execute_result"
    }
   ],
   "source": [
    "OptTable_Dopt"
   ]
  },
  {
   "cell_type": "code",
   "execution_count": 13,
   "id": "0f4dda04",
   "metadata": {},
   "outputs": [
    {
     "data": {
      "text/html": [
       "<div>\n",
       "<style scoped>\n",
       "    .dataframe tbody tr th:only-of-type {\n",
       "        vertical-align: middle;\n",
       "    }\n",
       "\n",
       "    .dataframe tbody tr th {\n",
       "        vertical-align: top;\n",
       "    }\n",
       "\n",
       "    .dataframe thead th {\n",
       "        text-align: right;\n",
       "    }\n",
       "</style>\n",
       "<table border=\"1\" class=\"dataframe\">\n",
       "  <thead>\n",
       "    <tr style=\"text-align: right;\">\n",
       "      <th></th>\n",
       "      <th>cov_trace</th>\n",
       "      <th>FIM_trace</th>\n",
       "      <th>determinant</th>\n",
       "      <th>min_eigval</th>\n",
       "      <th>name</th>\n",
       "    </tr>\n",
       "  </thead>\n",
       "  <tbody>\n",
       "    <tr>\n",
       "      <th>0</th>\n",
       "      <td>7.201616e-14</td>\n",
       "      <td>1.388577e+13</td>\n",
       "      <td>1.388577e+13</td>\n",
       "      <td>1.388577e+13</td>\n",
       "      <td>SRK_1param_Opt2</td>\n",
       "    </tr>\n",
       "    <tr>\n",
       "      <th>1</th>\n",
       "      <td>7.626451e-14</td>\n",
       "      <td>1.311226e+13</td>\n",
       "      <td>1.311226e+13</td>\n",
       "      <td>1.311226e+13</td>\n",
       "      <td>PR_1param_Opt2</td>\n",
       "    </tr>\n",
       "    <tr>\n",
       "      <th>2</th>\n",
       "      <td>4.123310e-07</td>\n",
       "      <td>2.425236e+06</td>\n",
       "      <td>2.425236e+06</td>\n",
       "      <td>2.425236e+06</td>\n",
       "      <td>PR_1param_Opt1</td>\n",
       "    </tr>\n",
       "    <tr>\n",
       "      <th>3</th>\n",
       "      <td>5.523687e-07</td>\n",
       "      <td>1.810385e+06</td>\n",
       "      <td>1.810385e+06</td>\n",
       "      <td>1.810385e+06</td>\n",
       "      <td>SRK_1param_Opt1</td>\n",
       "    </tr>\n",
       "    <tr>\n",
       "      <th>4</th>\n",
       "      <td>5.006084e-05</td>\n",
       "      <td>4.959486e+06</td>\n",
       "      <td>9.906918e+10</td>\n",
       "      <td>2.005681e+04</td>\n",
       "      <td>SRK_noTdep</td>\n",
       "    </tr>\n",
       "    <tr>\n",
       "      <th>5</th>\n",
       "      <td>6.645543e-05</td>\n",
       "      <td>3.763683e+06</td>\n",
       "      <td>5.663470e+10</td>\n",
       "      <td>1.510833e+04</td>\n",
       "      <td>PR_noTdep</td>\n",
       "    </tr>\n",
       "    <tr>\n",
       "      <th>6</th>\n",
       "      <td>2.210925e-04</td>\n",
       "      <td>1.213568e+07</td>\n",
       "      <td>2.283992e+15</td>\n",
       "      <td>5.163454e+03</td>\n",
       "      <td>PR_3params_Opt1</td>\n",
       "    </tr>\n",
       "    <tr>\n",
       "      <th>7</th>\n",
       "      <td>2.348965e-04</td>\n",
       "      <td>1.133720e+07</td>\n",
       "      <td>1.881115e+15</td>\n",
       "      <td>4.863935e+03</td>\n",
       "      <td>SRK_3params_Opt1</td>\n",
       "    </tr>\n",
       "    <tr>\n",
       "      <th>8</th>\n",
       "      <td>4.302138e-02</td>\n",
       "      <td>4.996082e+06</td>\n",
       "      <td>4.302949e+12</td>\n",
       "      <td>2.325886e+01</td>\n",
       "      <td>SRK_3params_Opt2</td>\n",
       "    </tr>\n",
       "    <tr>\n",
       "      <th>9</th>\n",
       "      <td>5.305211e-02</td>\n",
       "      <td>4.037009e+06</td>\n",
       "      <td>2.258923e+12</td>\n",
       "      <td>1.886137e+01</td>\n",
       "      <td>PR_3params_Opt2</td>\n",
       "    </tr>\n",
       "    <tr>\n",
       "      <th>10</th>\n",
       "      <td>5.536754e-02</td>\n",
       "      <td>1.179859e+07</td>\n",
       "      <td>7.249607e+16</td>\n",
       "      <td>1.812041e+01</td>\n",
       "      <td>PR_linTdep</td>\n",
       "    </tr>\n",
       "    <tr>\n",
       "      <th>11</th>\n",
       "      <td>5.953304e-02</td>\n",
       "      <td>1.099927e+07</td>\n",
       "      <td>5.510737e+16</td>\n",
       "      <td>1.685205e+01</td>\n",
       "      <td>SRK_linTdep</td>\n",
       "    </tr>\n",
       "    <tr>\n",
       "      <th>12</th>\n",
       "      <td>4.149330e+01</td>\n",
       "      <td>1.821538e+07</td>\n",
       "      <td>5.574755e+17</td>\n",
       "      <td>2.418214e-02</td>\n",
       "      <td>PR_quadTdep</td>\n",
       "    </tr>\n",
       "    <tr>\n",
       "      <th>13</th>\n",
       "      <td>4.432670e+01</td>\n",
       "      <td>1.716724e+07</td>\n",
       "      <td>3.929457e+17</td>\n",
       "      <td>2.263568e-02</td>\n",
       "      <td>SRK_quadTdep</td>\n",
       "    </tr>\n",
       "    <tr>\n",
       "      <th>14</th>\n",
       "      <td>4.630099e+02</td>\n",
       "      <td>6.797089e+07</td>\n",
       "      <td>1.412688e+23</td>\n",
       "      <td>2.260656e-03</td>\n",
       "      <td>SRK_polyTdep</td>\n",
       "    </tr>\n",
       "    <tr>\n",
       "      <th>15</th>\n",
       "      <td>5.368268e+02</td>\n",
       "      <td>8.635083e+07</td>\n",
       "      <td>2.423463e+23</td>\n",
       "      <td>1.942511e-03</td>\n",
       "      <td>PR_polyTdep</td>\n",
       "    </tr>\n",
       "  </tbody>\n",
       "</table>\n",
       "</div>"
      ],
      "text/plain": [
       "       cov_trace     FIM_trace   determinant    min_eigval              name\n",
       "0   7.201616e-14  1.388577e+13  1.388577e+13  1.388577e+13   SRK_1param_Opt2\n",
       "1   7.626451e-14  1.311226e+13  1.311226e+13  1.311226e+13    PR_1param_Opt2\n",
       "2   4.123310e-07  2.425236e+06  2.425236e+06  2.425236e+06    PR_1param_Opt1\n",
       "3   5.523687e-07  1.810385e+06  1.810385e+06  1.810385e+06   SRK_1param_Opt1\n",
       "4   5.006084e-05  4.959486e+06  9.906918e+10  2.005681e+04        SRK_noTdep\n",
       "5   6.645543e-05  3.763683e+06  5.663470e+10  1.510833e+04         PR_noTdep\n",
       "6   2.210925e-04  1.213568e+07  2.283992e+15  5.163454e+03   PR_3params_Opt1\n",
       "7   2.348965e-04  1.133720e+07  1.881115e+15  4.863935e+03  SRK_3params_Opt1\n",
       "8   4.302138e-02  4.996082e+06  4.302949e+12  2.325886e+01  SRK_3params_Opt2\n",
       "9   5.305211e-02  4.037009e+06  2.258923e+12  1.886137e+01   PR_3params_Opt2\n",
       "10  5.536754e-02  1.179859e+07  7.249607e+16  1.812041e+01        PR_linTdep\n",
       "11  5.953304e-02  1.099927e+07  5.510737e+16  1.685205e+01       SRK_linTdep\n",
       "12  4.149330e+01  1.821538e+07  5.574755e+17  2.418214e-02       PR_quadTdep\n",
       "13  4.432670e+01  1.716724e+07  3.929457e+17  2.263568e-02      SRK_quadTdep\n",
       "14  4.630099e+02  6.797089e+07  1.412688e+23  2.260656e-03      SRK_polyTdep\n",
       "15  5.368268e+02  8.635083e+07  2.423463e+23  1.942511e-03       PR_polyTdep"
      ]
     },
     "execution_count": 13,
     "metadata": {},
     "output_type": "execute_result"
    }
   ],
   "source": [
    "OptTable_Eopt"
   ]
  },
  {
   "cell_type": "code",
   "execution_count": null,
   "id": "3ef31037",
   "metadata": {},
   "outputs": [],
   "source": []
  },
  {
   "cell_type": "code",
   "execution_count": null,
   "id": "82ce8a50",
   "metadata": {},
   "outputs": [],
   "source": []
  }
 ],
 "metadata": {
  "kernelspec": {
   "display_name": "Python 3 (ipykernel)",
   "language": "python",
   "name": "python3"
  },
  "language_info": {
   "codemirror_mode": {
    "name": "ipython",
    "version": 3
   },
   "file_extension": ".py",
   "mimetype": "text/x-python",
   "name": "python",
   "nbconvert_exporter": "python",
   "pygments_lexer": "ipython3",
   "version": "3.9.9"
  }
 },
 "nbformat": 4,
 "nbformat_minor": 5
}
