[{"model_name": "SRK-8", "0": [[71930118429.97202, -686786954.8284389, 152792785241.82608, -1108637005.8265674, 98942714790.62895, -479409616.727711, 19708752285.832012, -56819691.30812663], [-686786954.8284389, 6557424.506143741, -1458861656.0968199, 10585238.143087575, -944702542.9225507, 4577390.917386562, -188178669.25983685, 542512.9781454662], [152792785241.82608, -1458861656.0968199, 324559944172.52435, -2354948659.0559707, 210172502176.06375, -1018354094.3680856, 41865010389.565834, -120695462.2214546], [-1108637005.8265674, 10585238.143087575, -2354948659.0559707, 17087084.485821754, -1524973925.6390316, 7388994.39698418, -303764995.7995601, 875744.5951539474], [98942714790.62895, -944702542.9225507, 210172502176.06375, -1524973925.6390316, 136099606448.8692, -659446835.4998523, 27110166073.12698, -78157726.33635768], [-479409616.727711, 4577390.917386562, -1018354094.3680856, 7388994.39698418, -659446835.4998523, 3195234.286104597, -131357567.39690103, 378699.59103620006], [19708752285.832012, -188178669.25983685, 41865010389.565834, -303764995.7995601, 27110166073.12698, -131357567.39690103, 5400170681.526842, -15568516.295987217], [-56819691.30812663, 542512.9781454662, -120695462.2214546, 875744.5951539474, -78157726.33635768, 378699.59103620006, -15568516.295987217, 44883.525716614844]], "1": [[707408647260.3246, -37935331249.70959, 1503737555598.7854, -60347050197.90008, 974456527523.9102, -25711241945.419403, 29245115849387.195, -31384211647133.977], [-37935331249.70959, 2034311232.4093647, -80639079696.28786, 3236156849.462063, -52255978638.69164, 1378785068.3170695, -1568291766688.5264, 1683002419401.9983], [1503737555598.7854, -80639079696.28786, 3196492783733.366, -128279638796.6588, 2071400854952.8635, -54654350443.90411, 62166301176662.57, -66713374072297.766], [-60347050197.90008, 3236156849.462063, -128279638796.6588, 5148037816.178561, -83128156843.85675, 2193354031.421098, -2494818915546.716, 2677299186299.2417], [974456527523.9102, -52255978638.69164, 2071400854952.8635, -83128156843.85675, 1342315403849.6216, -35417276338.77863, 40285193216108.77, -43231801051885.266], [-25711241945.419403, 1378785068.3170695, -54654350443.90411, 2193354031.421098, -35417276338.77863, 934492340.3694593, -1062933358586.3081, 1140680230657.0676], [29245115849387.195, -1568291766688.5264, 62166301176662.57, -2494818915546.716, 40285193216108.77, -1062933358586.3081, 1209027913860570.0, -1297460681342730.5], [-31384211647133.977, 1683002419401.9983, -66713374072297.766, 2677299186299.2417, -43231801051885.266, 1140680230657.0676, -1297460681342730.5, 1392361748088207.8]], "2": [[3661982216302.072, -472535160081.7433, 7727453791649.563, -762783820413.8207, 4971012318043.035, -329851795841.06995, 983666125325.105, -39096013645.64395], [-472535160081.7433, 60975030550.24664, -997135813004.7767, 98428160869.38531, -641449893180.2075, 42563442950.96197, -126930389756.74385, 5044874599.434283], [7727453791649.563, -997135813004.7767, 16306344098628.342, -1609613694743.1587, 10489747277961.572, -696047757716.4283, 2075715850290.6565, -82499755880.70786], [-762783820413.8207, 98428160869.38531, -1609613694743.1587, 158886396032.98083, -1035452261455.8345, 68707491773.70018, -204895753383.7599, 8143624105.76906], [4971012318043.035, -641449893180.2075, 10489747277961.572, -1035452261455.8345, 6747974732408.481, -447762234604.8331, 1335292237101.7346, -53071466200.38181], [-329851795841.06995, 42563442950.96197, -696047757716.4283, 68707491773.70018, -447762234604.8331, 29711287710.580173, -88603389853.2041, 3521560059.4218917], [983666125325.105, -126930389756.74385, 2075715850290.6565, -204895753383.7599, 1335292237101.7346, -88603389853.2041, 264228220935.81937, -10501805302.949545], [-39096013645.64395, 5044874599.434283, -82499755880.70786, 8143624105.76906, -53071466200.38181, 3521560059.4218917, -10501805302.949545, 417396424.31248075]], "3": [[63291526936163.64, -27190382585967.387, 291275149043341.1, 299940913827672.6, 310653495545848.4, 308365887880800.2, 2112853396644688.2, -2121948865419102.0], [-27190382585967.387, 11681135547842.916, -125133380780355.9, -128856240241838.5, -133458423338075.45, -132475654701730.36, -907693256646716.9, 911600719268443.0], [291275149043341.1, -125133380780355.9, 1340482945462702.0, 1380363827648978.8, 1429664405272074.8, 1419136562196624.0, 9723603107808262.0, -9765461538962222.0], [299940913827672.6, -128856240241838.5, 1380363827648978.8, 1421431211140131.5, 1472198536650291.2, 1461357478348351.2, 1.0012891286580848e+16, -1.0055995053355826e+16], [310653495545848.4, -133458423338075.45, 1429664405272074.8, 1472198536650291.2, 1524779049685288.5, 1513550796047144.0, 1.0370508107753614e+16, -1.0415151353148052e+16], [308365887880800.2, -132475654701730.36, 1419136562196624.0, 1461357478348351.2, 1513550796047144.0, 1502405225654017.0, 1.0294141177466682e+16, -1.0338455676422334e+16], [2112853396644688.2, -907693256646716.9, 9723603107808262.0, 1.0012891286580848e+16, 1.0370508107753614e+16, 1.0294141177466682e+16, 7.053312965913392e+16, -7.0836762594289336e+16], [-2121948865419102.0, 911600719268443.0, -9765461538962222.0, -1.0055995053355826e+16, -1.0415151353148052e+16, -1.0338455676422334e+16, -7.0836762594289336e+16, 7.1141702616763256e+16]], "4": [[102419452371840.89, -134785561705073.38, 1236088742216710.5, 2337650077194739.5, 1634325409455206.8, 2407872496105962.5, 8938983247560004.0, -8582804646548278.0], [-134785561705073.38, 177379855324700.06, -1626711640989048.5, -3076383161869251.5, -2150797170078002.0, -3168796936382270.5, -1.176383831579513e+16, 1.1295101843446134e+16], [1236088742216710.5, -1626711640989048.5, 1.491821468726163e+16, 2.8212833370478852e+16, 1.9724487809326748e+16, 2.906033977143334e+16, 1.0788357390407798e+17, -1.0358489480813178e+17], [2337650077194739.5, -3076383161869251.5, 2.8212833370478852e+16, 5.335517576845593e+16, 3.730229786528997e+16, 5.495795179573485e+16, 2.040258407439631e+17, -1.9589632125456682e+17], [1634325409455206.8, -2150797170078002.0, 1.9724487809326748e+16, 3.730229786528997e+16, 2.60792211062954e+16, 3.842284948787971e+16, 1.4264094483870117e+17, -1.3695733958152526e+17], [2407872496105962.5, -3168796936382270.5, 2.906033977143334e+16, 5.495795179573485e+16, 3.842284948787971e+16, 5.6608874810754344e+16, 2.101547255574807e+17, -2.017809973523743e+17], [8938983247560004.0, -1.176383831579513e+16, 1.0788357390407798e+17, 2.040258407439631e+17, 1.4264094483870117e+17, 2.101547255574807e+17, 7.801781756267964e+17, -7.490915561043263e+17], [-8582804646548278.0, 1.1295101843446134e+16, -1.0358489480813178e+17, -1.9589632125456682e+17, -1.3695733958152526e+17, -2.017809973523743e+17, -7.490915561043263e+17, 7.192435996764221e+17]], "5": [[130895472174645.08, -84617446595807.17, 380150525177088.4, 8745116371055.263, 322087192522577.2, 75943136871719.95, 571316470354643.6, -510264611851924.06], [-84617446595807.17, 54700992703865.414, -245748506255598.8, -5653285061797.777, -208213434427351.22, -49093480636113.24, -369327831714742.75, 329860825785493.06], [380150525177088.4, -245748506255598.8, 1104044466867426.6, 25397827181950.234, 935415208456607.5, 220556317844675.1, 1659234293130179.0, -1481925669025289.5], [8745116371055.263, -5653285061797.777, 25397827181950.234, 584260548304.2266, 21518620418575.645, 5073755100100.501, 38169609192331.484, -34090739248204.402], [322087192522577.2, -208213434427351.22, 935415208456607.5, 21518620418575.645, 792542002130235.1, 186869043978345.84, 1405806594539176.8, -1255579689232703.0], [75943136871719.95, -49093480636113.24, 220556317844675.1, 5073755100100.501, 186869043978345.84, 44060806245626.19, 331467270673209.5, -296046109272311.06], [571316470354643.6, -369327831714742.75, 1659234293130179.0, 38169609192331.484, 1405806594539176.8, 331467270673209.5, 2493611917018729.5, -2227140268084784.8], [-510264611851924.06, 329860825785493.06, -1481925669025289.5, -34090739248204.402, -1255579689232703.0, -296046109272311.06, -2227140268084784.8, 1989144236868640.2]], "6": [[42161917066904.17, -49976798733477.24, 102759053787016.23, -64734945431445.43, 75616142073597.9, -20676599211968.14, 76666559964679.36, -66003534640145.82], [-49976798733477.24, 59240200289827.33, -121805859562954.7, 76733829102603.81, -89631899503466.0, 24509090411366.86, -90877016594449.27, 78237556446359.92], [102759053787016.23, -121805859562954.7, 250449312312976.47, -157775125095323.53, 184295301330283.03, -50394002890894.234, 186855430377479.84, -160866991779744.28], [-64734945431445.43, 76733829102603.81, -157775125095323.53, 99393325814914.64, -116100195897240.56, 31746623844704.297, -117712996016159.94, 101341103784066.9], [75616142073597.9, -89631899503466.0, 184295301330283.03, -116100195897240.56, 135615297877022.83, -37082864641330.87, 137499191068184.53, -118375372846284.48], [-20676599211968.14, 24509090411366.86, -50394002890894.234, 31746623844704.297, -37082864641330.87, 10139998005639.861, -37597999418160.57, 32368751880089.95], [76666559964679.36, -90877016594449.27, 186855430377479.84, -117712996016159.94, 137499191068184.53, -37597999418160.57, 139409254268270.47, -120019778473063.89], [-66003534640145.82, 78237556446359.92, -160866991779744.28, 101341103784066.9, -118375372846284.48, 32368751880089.95, -120019778473063.89, 103327051710668.62]], "7": [[30893972836.410633, -1438342796.9839602, 69837084766.52365, -2374443637.748858, 48121215758.29946, -1049150419.972441, 27756553846614.156, -29972177451011.707], [-1438342796.9839602, 66965489.11305399, -3251432516.244749, 110547902.70208766, -2240398294.986741, 48845707.13875796, -1292272751898.145, 1395426408084.9907], [69837084766.52365, -3251432516.244749, 157869576519.41995, -5367526620.188024, 108779969535.66896, -2371647285.392058, 62744821265848.734, -67753328727493.79], [-2374443637.748858, 110547902.70208766, -5367526620.188024, 182494579.7259615, -3698492104.0446377, 80635422.09142873, -2133308429961.8296, 2303596446947.0605], [48121215758.29946, -2240398294.986741, 108779969535.66896, -3698492104.0446377, 74954795173.7582, -1634182628.104816, 43234294385912.99, -46685404480136.24], [-1049150419.972441, 48845707.13875796, -2371647285.392058, 80635422.09142873, -1634182628.104816, 35628846.10395852, -942604574664.547, 1017846514163.9868], [27756553846614.156, -1292272751898.145, 62744821265848.734, -2133308429961.8296, 43234294385912.99, -942604574664.547, 2.493775357153133e+16, -2.692837084192688e+16], [-29972177451011.707, 1395426408084.9907, -67753328727493.79, 2303596446947.0605, -46685404480136.24, 1017846514163.9868, -2.692837084192688e+16, 2.9077886030125284e+16]], "8": [[293102664165.31036, -8705827132.726559, 655580803750.8043, -14797616341.02213, 447014481881.1854, -6737883904.701266, 93758638430.97672, -840872308.8988801], [-8705827132.726559, 258583204.21874923, -19472266365.240093, 439523435.2721221, -13277364148.720404, 200130738.08713713, -2784848444.5011106, 24975852.685670335], [655580803750.8043, -19472266365.240093, 1466333277694.6387, -33097731274.704224, 999834355496.1134, -15070580673.16761, 209709330743.21573, -1880773570.208188], [-14797616341.02213, 439523435.2721221, -33097731274.704224, 747074237.6213475, -22568026874.118893, 340169616.8680469, -4733509891.86406, 42452380.48009436], [447014481881.1854, -13277364148.720404, 999834355496.1134, -22568026874.118893, 681747290085.3768, -10276029701.786951, 142992453853.88348, -1282424711.3587165], [-6737883904.701266, 200130738.08713713, -15070580673.16761, 340169616.8680469, -10276029701.786951, 154891391.52835277, -2155336331.076418, 19330086.992465176], [93758638430.97672, -2784848444.5011106, 209709330743.21573, -4733509891.86406, 142992453853.88348, -2155336331.076418, 29991819779.136036, -268980983.16911006], [-840872308.8988801, 24975852.685670335, -1880773570.208188, 42452380.48009436, -1282424711.3587165, 19330086.992465176, -268980983.16911006, 2412350.0954400986]], "9": [[4046510329516.464, -445975977286.12726, 9369387967316.322, -128625134998.94807, 6607870209697.193, 230701967299.84836, 161144541502544.47, -172458367847632.4], [-445975977286.12726, 49152122723.008865, -1032623573160.6519, 14176096343.134893, -728269826238.5845, -25426238153.376106, -17760141091622.973, 19007066059116.89], [9369387967316.322, -1032623573160.6519, 21694107696144.633, -297821751093.26587, 15300022634496.27, 534172919487.81323, 373117972080664.8, -399314279464029.44], [-128625134998.94807, 14176096343.134893, -297821751093.26587, 4088566198.093601, -210042265696.96948, -7333249954.16774, -5122250214936.475, 5481879209425.038], [6607870209697.193, -728269826238.5845, 15300022634496.27, -210042265696.96948, 10790519522390.848, 376731685551.2308, 263145804295331.4, -281621055802307.7], [230701967299.84836, -25426238153.376106, 534172919487.81323, -7333249954.16774, 376731685551.2308, 13152912851.301235, 9187265005378.459, -9832295360660.547], [161144541502544.47, -17760141091622.973, 373117972080664.8, -5122250214936.475, 263145804295331.4, 9187265005378.459, 6417273438461297.0, -6867824953360424.0], [-172458367847632.4, 19007066059116.89, -399314279464029.44, 5481879209425.038, -281621055802307.7, -9832295360660.547, -6867824953360424.0, 7350009321296676.0]], "10": [[52633735662631.75, -10051827227174.166, 149094663493295.28, 40253396209291.766, 124823911529052.77, 46601199877622.43, 1167998742377015.0, -1218090161845829.5], [-10051827227174.166, 1919666718178.5173, -28473635379680.746, -7687468482121.3545, -23838482614125.266, -8899752294827.873, -223060769145934.94, 232627072729093.03], [149094663493295.28, -28473635379680.746, 422337848574198.44, 114025092209967.56, 353586513498297.9, 132006404764288.05, 3308569632440674.5, -3450462721266339.5], [40253396209291.766, -7687468482121.3545, 114025092209967.56, 30785120721207.152, 95463229123214.94, 35639814253848.07, 893265802948436.1, -931574878471562.2], [124823911529052.77, -23838482614125.266, 353586513498297.9, 95463229123214.94, 296027038424232.7, 110517408225726.4, 2769975755074945.0, -2888770418486592.0], [46601199877622.43, -8899752294827.873, 132006404764288.05, 35639814253848.07, 110517408225726.4, 41260074032251.02, 1034130337987135.2, -1078480605385642.1], [1167998742377015.0, -223060769145934.94, 3308569632440674.5, 893265802948436.1, 2769975755074945.0, 1034130337987135.2, 2.5919138077878096e+16, -2.7030720111850892e+16], [-1218090161845829.5, 232627072729093.03, -3450462721266339.5, -931574878471562.2, -2888770418486592.0, -1078480605385642.1, -2.7030720111850892e+16, 2.818997404812763e+16]], "11": [[507047151255181.94, -221206219765524.47, 2545529120087687.0, 2890510418140613.0, 2856575941673398.0, 3048375078514670.0, 2.7882579545461508e+16, -2.85439935144687e+16], [-221206219765524.47, 96504223604891.88, -1110521718865301.2, -1261024504736759.2, -1246220127588692.2, -1329895111088591.5, -1.2164154760153664e+16, 1.2452705604827592e+16], [2545529120087687.0, -1110521718865301.2, 1.2779321381007704e+16, 1.4511231200253332e+16, 1.4340869927522796e+16, 1.5303759250199276e+16, 1.3997893095431963e+17, -1.4329942790292243e+17], [2890510418140613.0, -1261024504736759.2, 1.4511231200253332e+16, 1.647785705273506e+16, 1.6284407671312016e+16, 1.7377791988446384e+16, 1.5894949111000883e+17, -1.627199964040162e+17], [2856575941673398.0, -1246220127588692.2, 1.4340869927522796e+16, 1.6284407671312016e+16, 1.6093229377874092e+16, 1.71737774069444e+16, 1.5708343045452845e+17, -1.6080967016749312e+17], [3048375078514670.0, -1329895111088591.5, 1.5303759250199276e+16, 1.7377791988446384e+16, 1.71737774069444e+16, 1.8326876694417388e+16, 1.6763048643638173e+17, -1.716069171385597e+17], [2.7882579545461508e+16, -1.2164154760153664e+16, 1.3997893095431963e+17, 1.5894949111000883e+17, 1.5708343045452845e+17, 1.6763048643638173e+17, 1.533266167030937e+18, -1.5696373951458568e+18], [-2.85439935144687e+16, 1.2452705604827592e+16, -1.4329942790292243e+17, -1.627199964040162e+17, -1.6080967016749312e+17, -1.716069171385597e+17, -1.5696373951458568e+18, 1.6068713999025836e+18]], "12": [[110650328191899.88, -81887648339021.62, 787689938199419.5, 1168903516549326.8, 978141145842847.0, 1245411009560231.0, 7470854615686978.0, -7466865782121722.0], [-81887648339021.62, 60601600194676.62, -582936153136341.1, -865056269326493.2, -723881071891572.1, -921676243124598.2, -5528864898623195.0, 5525912930873871.0], [787689938199419.5, -582936153136341.1, 5607352900612776.0, 8321109876104510.0, 6963123845263604.0, 8865746149907838.0, 5.318300547940094e+16, -5.3154610045642664e+16], [1168903516549326.8, -865056269326493.2, 8321109876104510.0, 1.2348227550050812e+16, 1.0333025158989004e+16, 1.3156448176994832e+16, 7.892166588751747e+16, -7.887952808587198e+16], [978141145842847.0, -723881071891572.1, 6963123845263604.0, 1.0333025158989004e+16, 8646699172292171.0, 1.1009346034869856e+16, 6.604183117776174e+16, -6.600657016861834e+16], [1245411009560231.0, -921676243124598.2, 8865746149907838.0, 1.3156448176994832e+16, 1.1009346034869856e+16, 1.4017568750847842e+16, 8.408727512370403e+16, -8.404237930352302e+16], [7470854615686978.0, -5528864898623195.0, 5.318300547940094e+16, 7.892166588751747e+16, 6.604183117776174e+16, 8.408727512370403e+16, 5.044148499219475e+17, -5.041455330917207e+17], [-7466865782121722.0, 5525912930873871.0, -5.3154610045642664e+16, -7.887952808587198e+16, -6.600657016861834e+16, -8.404237930352302e+16, -5.041455330917207e+17, 5.038763600549509e+17]], "13": [[7872046337518.248, -77657943961527.72, 751782931293369.6, 1821351335266862.0, 1131878404033336.5, 1929584804839787.0, 7889054179947247.0, -7681202519377107.0], [-77657943961527.72, 766097657681350.0, -7416358370677364.0, -1.7967678779314576e+16, -1.1166010196453638e+16, -1.9035404800539416e+16, -7.782572677397926e+16, 7.577526468104966e+16], [751782931293369.6, -7416358370677364.0, 7.179550926808061e+16, 1.7393963234389312e+17, 1.0809474791787202e+17, 1.8427596314415584e+17, 7.534071856597737e+17, -7.335572859058963e+17], [1821351335266862.0, -1.7967678779314576e+16, 1.7393963234389312e+17, 4.214051269830563e+17, 2.6188212748704022e+17, 4.464470494864445e+17, 1.8252864310716754e+18, -1.7771958986630198e+18], [1131878404033336.5, -1.1166010196453638e+16, 1.0809474791787202e+17, 2.6188212748704022e+17, 1.627465930187791e+17, 2.7744442495718125e+17, 1.1343238684931729e+18, -1.1044380172475387e+18], [1929584804839787.0, -1.9035404800539416e+16, 1.8427596314415584e+17, 4.464470494864445e+17, 2.7744442495718125e+17, 4.729770836489271e+17, 1.933753742992208e+18, -1.882805439501492e+18], [7889054179947247.0, -7.782572677397926e+16, 7.534071856597737e+17, 1.8252864310716754e+18, 1.1343238684931729e+18, 1.933753742992208e+18, 7.906098768438412e+18, -7.697798036795769e+18], [-7681202519377107.0, 7.577526468104966e+16, -7.335572859058963e+17, -1.7771958986630198e+18, -1.1044380172475387e+18, -1.882805439501492e+18, -7.697798036795769e+18, 7.494985371527413e+18]], "14": [[475530382167788.9, -530053158265120.3, 3626189976735588.5, 5174293212264438.0, 4630104412374813.0, 5771655211329118.0, 1.974298647231792e+16, -1.8427382549140916e+16], [-530053158265120.3, 590827339582467.4, -4041957194987020.5, -5767560942053135.0, -5160977213881960.0, -6433414536493031.0, -2.200665346666575e+16, 2.054020665137078e+16], [3626189976735588.5, -4041957194987020.5, 2.765176367372041e+16, 3.945693248340936e+16, 3.5307182970842476e+16, 4.4012157921616504e+16, 1.505515154055597e+17, -1.4051928626000918e+17], [5174293212264438.0, -5767560942053135.0, 3.945693248340936e+16, 5.6301997202439496e+16, 5.038062494306265e+16, 6.280195231137399e+16, 2.1482539228691792e+17, -2.0051017562570086e+17], [4630104412374813.0, -5160977213881960.0, 3.5307182970842476e+16, 5.038062494306265e+16, 4.508201299728616e+16, 5.6196969242759784e+16, 1.9223185774632816e+17, -1.7942219561313107e+17], [5771655211329118.0, -6433414536493031.0, 4.4012157921616504e+16, 6.280195231137399e+16, 5.6196969242759784e+16, 7.005231448431106e+16, 2.3962656232540646e+17, -2.2365868198801437e+17], [1.974298647231792e+16, -2.200665346666575e+16, 1.505515154055597e+17, 2.1482539228691792e+17, 1.9223185774632816e+17, 2.3962656232540646e+17, 8.196858275789292e+17, -7.65064816109998e+17], [-1.8427382549140916e+16, 2.054020665137078e+16, -1.4051928626000918e+17, -2.0051017562570086e+17, -1.7942219561313107e+17, -2.2365868198801437e+17, -7.65064816109998e+17, 7.140835587926071e+17]], "15": [[6887085378.61476, -220453637.33715737, 16949571008.453205, -397913002.34479344, 12713285781.533405, -192329246.63055623, 12332199949945.072, -13318294480928.078], [-220453637.33715737, 7056658.011833456, -542550930.4299495, 12737081.637327174, -406948649.3878091, 6156404.29225366, -394750200683.77966, 426314805180.8429], [16949571008.453205, -542550930.4299495, 41714011309.14705, -979290123.1299145, 31288234174.352673, -473334951.3698935, 30350356827444.992, -32777200456513.75], [-397913002.34479344, 12737081.637327174, -979290123.1299145, 22990096.496653907, -734531581.4880798, 11112147.41189543, -712513703233.0441, 769486982036.5298], [12713285781.533405, -406948649.3878091, 31288234174.352673, -734531581.4880798, 23468220078.237007, -355032142.3564356, 22764750784924.684, -24585042082448.227], [-192329246.63055623, 6156404.29225366, -473334951.3698935, 11112147.41189543, -355032142.3564356, 5371000.51414165, -344389911737.58057, 371927659249.6666], [12332199949945.072, -394750200683.77966, 30350356827444.992, -712513703233.0441, 22764750784924.684, -344389911737.58057, 2.2082368265342256e+16, -2.3848095602394044e+16], [-13318294480928.078, 426314805180.8429, -32777200456513.75, 769486982036.5298, -24585042082448.227, 371927659249.6666, -2.3848095602394044e+16, 2.575501219013437e+16]], "16": [[465988570578.84985, -10100677006.751617, 1129654116216.4463, -18549169209.223473, 834842573389.5968, -9125252149.067074, 11393525159751.22, -12103688928094.691], [-10100677006.751617, 218940296.900388, -24486161416.096466, 402068159.5113191, -18095884143.293148, 197797178.6913093, -246963820301.4083, 262357191080.92017], [1129654116216.4463, -24486161416.096466, 2738518716670.6025, -44967080037.10364, 2023833649505.1646, -22121526798.182087, 27620296735906.215, -29341882789187.406], [-18549169209.223473, 402068159.5113191, -44967080037.10364, 738369350.8297834, -33231793942.13677, 363240338.66241324, -453531351241.606, 481800173133.3091], [834842573389.5968, -18095884143.293148, 2023833649505.1646, -33231793942.13677, 1495663555606.0947, -16348360170.063522, 20412088331974.086, -21684383373793.35], [-9125252149.067074, 197797178.6913093, -22121526798.182087, 363240338.66241324, -16348360170.063522, 178695856.59711602, -223114463559.30963, 237021292744.4458], [11393525159751.22, -246963820301.4083, 27620296735906.215, -453531351241.606, 20412088331974.086, -223114463559.30963, 278574247871855.3, -295937911431487.5], [-12103688928094.691, 262357191080.92017, -29341882789187.406, 481800173133.3091, -21684383373793.35, 237021292744.4458, -295937911431487.5, 314383860286746.9]], "17": [[18708077160301.28, -1704036593762.1208, 45392451402486.75, -3099248652173.734, 33575808527645.277, -1509783412616.6448, 2204205029621936.5, -2372966290192681.0], [-1704036593762.1208, 155213210208.5925, -4134599061551.04, 282296949666.14746, -3058272953762.8457, 137519540982.71347, -200771356588194.16, 216143078714303.97], [45392451402486.75, -4134599061551.04, 110138237440000.95, -7519879922590.248, 81466857541322.75, -3663271730079.7134, 5348185643607818.0, -5757660505906095.0], [-3099248652173.734, 282296949666.14746, -7519879922590.248, 513432894556.5467, -5562291540349.419, 250116255483.2568, -365156686528244.9, 393114295687186.1], [33575808527645.277, -3058272953762.8457, 81466857541322.75, -5562291540349.419, 60259261741624.24, -2709642383119.9854, 3955936539929632.5, -4258816185082651.5], [-1509783412616.6448, 137519540982.71347, -3663271730079.7134, 250116255483.2568, -2709642383119.9854, 121842877463.0761, -177884245570205.2, 191503654434022.47], [2204205029621936.5, -200771356588194.16, 5348185643607818.0, -365156686528244.9, 3955936539929632.5, -177884245570205.2, 2.5970171979622086e+17, -2.7958534632651584e+17], [-2372966290192681.0, 216143078714303.97, -5757660505906095.0, 393114295687186.1, -4258816185082651.5, 191503654434022.47, -2.7958534632651584e+17, 3.009913293676051e+17]], "18": [[51206426069892.586, -6452322235034.676, 124216688712412.52, -11720396228102.1, 91859483347008.05, -5702091678945.836, 3891445800833985.0, -4181789137968924.5], [-6452322235034.676, 813031984850.8462, -15652060962964.242, 1476841462881.6208, -11574855587259.713, 718498355578.4722, -490345923241780.25, 526930955898285.5], [124216688712412.52, -15652060962964.242, 301325183944999.3, -28431369294649.67, 222832986481500.72, -13832149623691.525, 9439879889755290.0, -1.0144195552781398e+16], [-11720396228102.1, 1476841462881.6208, -28431369294649.67, 2682625957066.683, -21025281879000.293, 1305124745769.0293, -890694590239620.5, 957149900922037.4], [91859483347008.05, -11574855587259.713, 222832986481500.72, -21025281879000.293, 164787221612807.8, -10229012954551.955, 6980885567947696.0, -7501734043216373.0], [-5702091678945.836, 718498355578.4722, -13832149623691.525, 1305124745769.0293, -10229012954551.955, 634956430482.4672, -433331955050280.06, 465663137946246.94], [3891445800833985.0, -490345923241780.25, 9439879889755290.0, -890694590239620.5, 6980885567947696.0, -433331955050280.06, 2.95731445896244e+17, -3.177961640734455e+17], [-4181789137968924.5, 526930955898285.5, -1.0144195552781398e+16, 957149900922037.4, -7501734043216373.0, 465663137946246.94, -3.177961640734455e+17, 3.415071454228433e+17]], "19": [[9530579958521.559, -8523859707115.993, 45248963743949.67, 43134483995511.06, 50085389353761.04, 50820138860330.88, 7291197289490253.0, -7848672914280224.0], [-8523859707115.993, 7623479853566.687, -40469291535710.125, -38578165412465.83, -44794842925169.33, -45451980448922.45, -6521024225493226.0, 7019613402282807.0], [45248963743949.67, -40469291535710.125, 214831492817031.88, 204792437702776.6, 237793710019038.56, 241282128764629.9, 3.4616898786640856e+16, -3.726366261885681e+16], [43134483995511.06, -38578165412465.83, 204792437702776.6, 195222506673940.66, 226681632690890.44, 230007037962109.9, 3.2999254416875844e+16, -3.55223352283316e+16], [50085389353761.04, -44794842925169.33, 237793710019038.56, 226681632690890.44, 263210238792958.03, 267071516414487.28, 3.831691845496628e+16, -4.124658106147656e+16], [50820138860330.88, -45451980448922.45, 241282128764629.9, 230007037962109.9, 267071516414487.28, 270989438735473.84, 3.887902523483399e+16, -4.1851665807220616e+16], [7291197289490253.0, -6521024225493226.0, 3.4616898786640856e+16, 3.2999254416875844e+16, 3.831691845496628e+16, 3.887902523483399e+16, 5.577998206366945e+18, -6.004484819156043e+18], [-7848672914280224.0, 7019613402282807.0, -3.726366261885681e+16, -3.55223352283316e+16, -4.124658106147656e+16, -4.1851665807220616e+16, -6.004484819156043e+18, 6.463580053202979e+18]], "20": [[26254250472923.75, -5423525259481.173, 72825033443105.88, 9256483910182.246, 60813085011589.99, 14360409147360.947, 1078637571205773.0, -1145149519284346.0], [-5423525259481.173, 1120375775745.9463, -15043979595173.76, -1912177015018.161, -12562586885025.799, -2966530765276.2407, -222821752968842.5, 236561594097937.56], [72825033443105.88, -15043979595173.76, 202004833520538.84, 25675985342632.54, 168685636419704.97, 39833446302029.65, 2991965711497349.0, -3176459069941673.5], [9256483910182.246, -1912177015018.161, 25675985342632.54, 3263566578212.848, 21440922243004.72, 5063061935562.369, 380296186062568.8, -403746361410714.06], [60813085011589.99, -12562586885025.799, 168685636419704.97, 21440922243004.72, 140862193435721.66, 33263215157496.844, 2498463187211558.5, -2652525736319945.5], [14360409147360.947, -2966530765276.2407, 39833446302029.65, 5063061935562.369, 33263215157496.844, 7854779594347.437, 589987395001248.5, -626367743721596.8], [1078637571205773.0, -222821752968842.5, 2991965711497349.0, 380296186062568.8, 2498463187211558.5, 589987395001248.5, 4.431507238100646e+16, -4.704766938299e+16], [-1145149519284346.0, 236561594097937.56, -3176459069941673.5, -403746361410714.06, -2652525736319945.5, -626367743721596.8, -4.704766938299e+16, 4.9948766310034024e+16]], "21": [[51153616458067.47, -16067841976089.812, 181745387358363.94, 101557620758447.38, 179987793349611.16, 119403502478171.42, 2933878083938809.0, -3086836229180758.0], [-16067841976089.812, 5047063407144.046, -57087970825117.83, -31900223577585.133, -56535893675031.83, -37505786336409.26, -921559269782719.2, 969604891517364.4], [181745387358363.94, -57087970825117.83, 645729238970206.9, 360827452719168.9, 639484624687629.8, 424232680159178.6, 1.0423873144233562e+16, -1.0967323232056838e+16], [101557620758447.38, -31900223577585.133, 360827452719168.9, 201627002121567.5, 357338020726915.6, 237057249546547.2, 5824762713393389.0, -6128437534099980.0], [179987793349611.16, -56535893675031.83, 639484624687629.8, 357338020726915.6, 633300399814707.4, 420130079109421.6, 1.0323067631353178e+16, -1.0861262209629292e+16], [119403502478171.42, -37505786336409.26, 424232680159178.6, 237057249546547.2, 420130079109421.6, 278713361659225.88, 6848300146156958.0, -7205337234422750.0], [2933878083938809.0, -921559269782719.2, 1.0423873144233562e+16, 5824762713393389.0, 1.0323067631353178e+16, 6848300146156958.0, 1.682704216714074e+17, -1.770432236971087e+17], [-3086836229180758.0, 969604891517364.4, -1.0967323232056838e+16, -6128437534099980.0, -1.0861262209629292e+16, -7205337234422750.0, -1.770432236971087e+17, 1.8627339698638502e+17]], "22": [[1.0798367037018336e+16, -4448382345073174.5, 4.641662406745491e+16, 3.829979278005646e+16, 5.0867640225028344e+16, 4.431277907771167e+16, 6.237613199863747e+17, -6.47000478272364e+17], [-4448382345073174.5, 1832509065502430.2, -1.9121306982039604e+16, -1.5777582058352376e+16, -2.095490104539275e+16, -1.8254629004058164e+16, -2.5695818949798275e+17, 2.665315500884652e+17], [4.641662406745491e+16, -1.9121306982039604e+16, 1.9952118523416477e+17, 1.6463110368807942e+17, 2.1865381362103066e+17, 1.904778380641398e+17, 2.681228985676479e+18, -2.7811221704614533e+18], [3.829979278005646e+16, -1.5777582058352376e+16, 1.6463110368807942e+17, 1.3584221780632315e+17, 1.8041802738787034e+17, 1.5716915811128086e+17, 2.212365000911209e+18, -2.2947899586557542e+18], [5.0867640225028344e+16, -2.095490104539275e+16, 2.1865381362103066e+17, 1.8041802738787034e+17, 2.396211217115094e+17, 2.087432753275446e+17, 2.9383393158042557e+18, -3.047811529405786e+18], [4.431277907771167e+16, -1.8254629004058164e+16, 1.904778380641398e+17, 1.5716915811128086e+17, 2.087432753275446e+17, 1.818443828458974e+17, 2.5597016173854935e+18, -2.6550671188125844e+18], [6.237613199863747e+17, -2.5695818949798275e+17, 2.681228985676479e+18, 2.212365000911209e+18, 2.9383393158042557e+18, 2.5597016173854935e+18, 3.6031205734842053e+19, -3.737360204329756e+19], [-6.47000478272364e+17, 2.665315500884652e+17, -2.7811221704614533e+18, -2.2947899586557542e+18, -3.047811529405786e+18, -2.6550671188125844e+18, -3.737360204329756e+19, 3.876601132834387e+19]], "23": [[3259460967.034422, -110111573.91588299, 8717795078.918242, -215778541.8422404, 7104236275.3417635, -113256204.62266873, 11243197318984.236, -12143172584525.256], [-110111573.91588299, 3719804.8489791653, -294505793.11253625, 7289461.38635333, -239996320.14612514, 3826037.2107133307, -379819290723.57446, 410222383129.44824], [8717795078.918242, -294505793.11253625, 23316723779.37959, -577123987.4426056, 19001079217.400803, -302916461.74084455, 30071196203931.234, -32478281308012.117], [-215778541.8422404, 7289461.38635333, -577123987.4426056, 14284686.821062269, -470305292.7768979, 7497638.086551683, -744307340284.6443, 803886317439.6338], [7104236275.3417635, -239996320.14612514, 19001079217.400803, -470305292.7768979, 15484208452.356905, -246850275.37542394, 24505380200035.25, -26466942861171.824], [-113256204.62266873, 3826037.2107133307, -302916461.74084455, 7497638.086551683, -246850275.37542394, 3935303.418344739, -390666392096.872, 421937753791.4383], [11243197318984.236, -379819290723.57446, 30071196203931.234, -744307340284.6443, 24505380200035.25, -390666392096.872, 3.878232849912798e+16, -4.1886706675464664e+16], [-12143172584525.256, 410222383129.44824, -32478281308012.117, 803886317439.6338, -26466942861171.824, 421937753791.4383, -4.1886706675464664e+16, 4.5239578540413464e+16]], "24": [[341906280302.13367, -3977860001.615196, 893017785570.7357, -7894459419.826296, 711053110278.8484, -4197061500.421908, 880009210266.9391, -763085388051.745], [-3977860001.615196, 46279846.566337846, -10389688445.657478, 91846965.58586542, -8272646305.013364, 48830115.23536258, -10238342026.009249, 8878008442.154678], [893017785570.7357, -10389688445.657478, 2332454275601.336, -20619371668.579784, 1857184586967.175, -10962216206.437937, 2298477452768.596, -1993086593311.9927], [-7894459419.826296, 91846965.58586542, -20619371668.579784, 182279452.35814732, -16417890655.52479, 96908227.79949166, -20319009622.714973, 17619292118.6283], [711053110278.8484, -8272646305.013364, 1857184586967.175, -16417890655.52479, 1478757644318.3247, -8728513647.861132, 1830131009823.4985, -1586967744795.617], [-4197061500.421908, 48830115.23536258, -10962216206.437937, 96908227.79949166, -8728513647.861132, 51520917.43608099, -10802529784.373219, 9367234497.407692], [880009210266.9391, -10238342026.009249, 2298477452768.596, -20319009622.714973, 1830131009823.4985, -10802529784.373219, 2264995569751.7764, -1964053333890.9429], [-763085388051.745, 8878008442.154678, -1993086593311.9927, 17619292118.6283, -1586967744795.617, 9367234497.407692, -1964053333890.9429, 1703096266449.1553]], "25": [[19441816529099.55, -1414294119141.0696, 50845980750694.42, -2783525410793.622, 40538211145760.34, -1467471124526.6396, 3491899248825919.0, -3761477318183295.0], [-1414294119141.0696, 102882765735.55623, -3698788714009.005, 202487437995.9741, -2948950451113.1807, 106751124737.80159, -254018062810941.78, 273628508037131.66], [50845980750694.42, -3698788714009.005, 132976965122081.95, -7279725083530.366, 106019162381241.81, -3837861983637.247, 9132327821498590.0, -9837352545131724.0], [-2783525410793.622, 202487437995.9741, -7279725083530.366, 398523137019.4734, -5803940216360.395, 210100900736.92197, -499942496447798.75, 538538550737572.2], [40538211145760.34, -2948950451113.1807, 106019162381241.81, -5803940216360.395, 84526389827749.27, -3059830042492.563, 7280973402704113.0, -7843071737472313.0], [-1467471124526.6396, 106751124737.80159, -3837861983637.247, 210100900736.92197, -3059830042492.563, 110764932798.14008, -263569060521611.2, 283916852200206.5], [3491899248825919.0, -254018062810941.78, 9132327821498590.0, -499942496447798.75, 7280973402704113.0, -263569060521611.2, 6.271718666669134e+17, -6.755901539437228e+17], [-3761477318183295.0, 273628508037131.66, -9837352545131724.0, 538538550737572.2, -7843071737472313.0, 283916852200206.5, -6.755901539437228e+17, 7.277463807988466e+17]], "26": [[20655844384426.21, -1460189991867.4404, 53975702174392.71, -2884466374213.1685, 42997425844797.67, -1526376987246.1614, 1233471004152938.0, -1321254906788272.8], [-1460189991867.4404, 103222834790.39987, -3815616474071.1104, 203906887228.48022, -3039547051485.983, 107901684342.37714, -87195758353058.19, 93401322923046.25], [53975702174392.71, -3815616474071.1104, 141043685796516.1, -7537387242516.508, 112356396982451.6, -3988569440015.8613, 3223178017893337.0, -3452565773540991.0], [-2884466374213.1685, 203906887228.48022, -7537387242516.508, 402798651515.7697, -6004335950582.266, 213149509269.34265, -172246922896487.25, 184505425170049.0], [42997425844797.67, -3039547051485.983, 112356396982451.6, -6004335950582.266, 89503899955442.61, -3177322606564.825, 2567606390023030.5, -2750338297452367.0], [-1526376987246.1614, 107901684342.37714, -3988569440015.8613, 213149509269.34265, -3177322606564.825, 112792615195.69136, -91148138034675.58, 97634986325140.89], [1233471004152938.0, -87195758353058.19, 3223178017893337.0, -172246922896487.25, 2567606390023030.5, -91148138034675.58, 7.365715435158768e+16, -7.889920093738152e+16], [-1321254906788272.8, 93401322923046.25, -3452565773540991.0, 184505425170049.0, -2750338297452367.0, 97634986325140.89, -7.889920093738152e+16, 8.451431450695357e+16]], "27": [[65097461906981.69, -6681548378731.029, 170068886957331.3, -13183853874507.438, 135448581583856.98, -6968575817845.486, 4264238055314825.0, -4571461647479342.0], [-6681548378731.029, 685788469005.3528, -17455726577267.326, 1353179600250.966, -13902327743226.123, 715248722359.1144, -437677783900760.6, 469210953305551.1], [170068886957331.3, -17455726577267.326, 444309585406485.75, -34443176255464.86, 353863097501890.1, -18205593556200.55, 1.1140437715140906e+16, -1.1943067692345114e+16], [-13183853874507.438, 1353179600250.966, -34443176255464.86, 2670058062059.763, -27431704014244.375, 1411309790037.263, -863614183418031.8, 925834596122998.6], [135448581583856.98, -13902327743226.123, 353863097501890.1, -27431704014244.375, 281828472503182.56, -14499547025895.736, 8872619288193045.0, -9511860797289704.0], [-6968575817845.486, 715248722359.1144, -18205593556200.55, 1411309790037.263, -14499547025895.736, 745974535819.0797, -456479643342536.44, 489367421641611.2], [4264238055314825.0, -437677783900760.6, 1.1140437715140906e+16, -863614183418031.8, 8872619288193045.0, -456479643342536.44, 2.7933080122813453e+17, -2.994556186145701e+17], [-4571461647479342.0, 469210953305551.1, -1.1943067692345114e+16, 925834596122998.6, -9511860797289704.0, 489367421641611.2, -2.994556186145701e+17, 3.2103035943607514e+17]], "28": [[15538023579493.197, -1511322806603.619, 40578378518898.87, -2993790092753.638, 32305948131692.312, -1588672130613.3262, 274938347762918.8, -288677554029693.2], [-1511322806603.619, 147000460777.6982, -3946900234566.804, 291194257893.52, -3142273272439.755, 154523927121.6112, -26742178196486.51, 28078537075682.188], [40578378518898.87, -3946900234566.804, 105972602937492.78, -7818442736193.15, 84368709121400.53, -4148902125720.4043, 718016180616985.8, -753896851642494.9], [-2993790092753.638, 291194257893.52, -7818442736193.15, 576828775784.5052, -6224551466205.715, 306097545864.2676, -52973770920067.56, 55620973725066.1], [32305948131692.312, -3142273272439.755, 84368709121400.53, -6224551466205.715, 67169050127135.63, -3303094450029.9985, 571639240782497.8, -600205170210667.1], [-1588672130613.3262, 154523927121.6112, -4148902125720.4043, 306097545864.2676, -3303094450029.9985, 162432443590.73154, -28110839740537.355, 29515593310455.953], [274938347762918.8, -26742178196486.51, 718016180616985.8, -52973770920067.56, 571639240782497.8, -28110839740537.355, 4864910564968344.0, -5108019648387826.0], [-288677554029693.2, 28078537075682.188, -753896851642494.9, 55620973725066.1, -600205170210667.1, 29515593310455.953, -5108019648387826.0, 5363277367563666.0]], "29": [[92146860485533.02, -11751424817649.432, 240740071186851.56, -23253745126963.902, 191736633755748.3, -12326543771606.336, 2453385171908209.0, -2601234300941420.0], [-11751424817649.432, 1498651006851.6975, -30701413290060.11, 2965533889580.54, -24452039109065.55, 1571995525731.8696, -312878499001511.3, 331733595258008.3], [240740071186851.56, -30701413290060.11, 628950151634839.2, -60752023755655.69, 500925268818388.2, -32203951490352.137, 6409639111108690.0, -6795905226533830.0], [-23253745126963.902, 2965533889580.54, -60752023755655.69, 5868204945676.826, -48385748460287.375, 3110668183929.067, -619124658021125.8, 656435163725459.0], [191736633755748.3, -24452039109065.55, 500925268818388.2, -48385748460287.375, 398960274178388.5, -25648730690957.664, 5104935878328713.0, -5412576248876093.0], [-12326543771606.336, 1571995525731.8696, -32