{
 "cells": [
  {
   "cell_type": "code",
   "execution_count": 1,
   "id": "08bcec6e",
   "metadata": {},
   "outputs": [
    {
     "name": "stdout",
     "output_type": "stream",
     "text": [
      "[    0.00] Initializing mpi-sppy\n"
     ]
    }
   ],
   "source": [
    "from MBDOE import *\n",
    "from generalize_functions import CEOSModels\n"
   ]
  },
  {
   "cell_type": "markdown",
   "id": "e4291a0c",
   "metadata": {},
   "source": [
    "## Choose experiments and model"
   ]
  },
  {
   "cell_type": "code",
   "execution_count": 2,
   "id": "c381361e",
   "metadata": {},
   "outputs": [],
   "source": [
    "model_option = \"PR\"\n",
    "if_poly = False\n",
    "\n",
    "if model_option==\"PR\":\n",
    "    if not if_poly:\n",
    "        from hfc32_emimtf2n_PR import configuration\n",
    "    else:\n",
    "        from hfc32_emimtf2n_PR_polynomial import configuration\n",
    "        \n",
    "elif model_option==\"SRK\":\n",
    "    if not if_poly:\n",
    "        from hfc32_emimtf2n_SRK import configuration\n",
    "    else:\n",
    "        from hfc32_emimtf2n_SRK_polynomial import configuration\n",
    "        "
   ]
  },
  {
   "cell_type": "code",
   "execution_count": 3,
   "id": "e1f87bf2",
   "metadata": {},
   "outputs": [],
   "source": [
    "# Experiments \n",
    "data_file = './emimtf2n/R32/Final_Results/MBDoE/r32_emimtf2n_subset.csv'\n",
    "\n",
    "path = './emimtf2n/R32/Final_Results/MBDoE/Params/'\n",
    "\n",
    "# Decide on model \n",
    "#para_file = path + 'PR_params_1param_Opt1.csv'\n",
    "#PR_type_opt = \"1Param_Opt1\"\n",
    "\n",
    "#para_file = path + 'PR_params_1param_Opt2.csv'\n",
    "#PR_type_opt = \"1Param_Opt2\"\n",
    "\n",
    "#para_file = path + 'PR_params_1param_Opt2_GF.csv'\n",
    "#PR_type_opt = \"1Param_Opt2\"\n",
    "\n",
    "#para_file = path + 'PR_params_3params_Opt1.csv'\n",
    "#PR_type_opt = \"3Params_Opt1\"\n",
    "\n",
    "#para_file = path + 'PR_params_3params_Opt2.csv'\n",
    "#PR_type_opt = \"3Params_Opt2\"\n",
    "\n",
    "#para_file = path + 'PR_params_linTdep.csv'\n",
    "#PR_type_opt = \"Linear\"\n",
    "\n",
    "#para_file = path + 'PR_params_noTdep.csv'\n",
    "#PR_type_opt = \"No\"\n",
    "\n",
    "#para_file = path + 'PR_params_polyTdep.csv'\n",
    "#PR_type_opt = \"Polynomial\"\n",
    "\n",
    "# important model\n",
    "para_file = path + 'PR_params_quadTdep.csv'\n",
    "PR_type_opt = \"Quadratic\"\n",
    "\n",
    "#para_file = path + 'SRK_params_1param_Opt1.csv'\n",
    "#PR_type_opt = \"1Param_Opt1\"\n",
    "\n",
    "#para_file = path + 'SRK_params_1param_Opt2.csv'\n",
    "#PR_type_opt = \"1Param_Opt2\"\n",
    "\n",
    "#para_file = path + 'SRK_params_3params_Opt1.csv'\n",
    "#PR_type_opt = \"3Params_Opt1\"\n",
    "\n",
    "#para_file = path + 'SRK_params_3params_Opt2.csv'\n",
    "#PR_type_opt = \"3Params_Opt2\"\n",
    "\n",
    "#para_file = path + 'SRK_params_linTdep.csv'\n",
    "#PR_type_opt = \"Linear\"\n",
    "\n",
    "#para_file = path + 'SRK_params_noTdep.csv'\n",
    "#PR_type_opt = \"No\"\n",
    "\n",
    "\n",
    "#para_file = path + 'SRK_params_polyTdep.csv'\n",
    "#PR_type_opt = \"Polynomial\"\n",
    "\n",
    "#para_file = path + 'SRK_params_quadTdep.csv'\n",
    "#PR_type_opt = \"Quadratic\"\n",
    "\n",
    "\n",
    "\n",
    "model_creation = CEOSModels(para_file, configuration, \n",
    "                         comp_1= \"R32\", comp_2 = \"emimTf2N\", \n",
    "                         x_comp_1=\"x_R32\", x_comp_2=\"x_emimTf2N\",  Model_type = model_option, Tdep_type=PR_type_opt)"
   ]
  },
  {
   "cell_type": "markdown",
   "id": "c8d7e9af",
   "metadata": {},
   "source": [
    "## Run pyomo.doe"
   ]
  },
  {
   "cell_type": "code",
   "execution_count": null,
   "id": "a3da3439",
   "metadata": {},
   "outputs": [],
   "source": [
    "data_exp = pd.read_csv(data_file)\n",
    "print(len(data_exp))\n",
    "print(data_exp.iloc[1])"
   ]
  },
  {
   "cell_type": "code",
   "execution_count": null,
   "id": "14635489",
   "metadata": {},
   "outputs": [],
   "source": [
    "print(model_creation.param_name_dict)"
   ]
  },
  {
   "cell_type": "code",
   "execution_count": null,
   "id": "3852400b",
   "metadata": {
    "scrolled": true
   },
   "outputs": [],
   "source": [
    "mbdoe_obj = MBDOE(data_file, model_creation)\n",
    "\n",
    "exp_set = range(len(data_exp))\n",
    "#exp_set = range(12)\n",
    "#exp_set = [0,1,2,3]\n",
    "\n",
    "#exp_set = 0\n",
    "# init_T: 283-348; 323 is good; init_pressure: low mole fraction use 150000; high 399800; x_option: 0.4-0.6;0.3-0.55;\n",
    "# SRK: init_temp_option=323, init_pressure_option= 399800, init_x_c1_option = 0.5\n",
    "\n",
    "total_fim = mbdoe_obj.sumDOE(exp_set, scale_opt=True, record_name=\"SRK_polyTdep\", \n",
    "                             init_temp_option=343, \n",
    "                             init_pressure_option= 150000,\n",
    "                             init_x_c1_option = 0.4,\n",
    "                             poly_option=True)\n",
    "#total_fim = mbdoe_obj.doe(exp_set, scale=True)"
   ]
  },
  {
   "cell_type": "code",
   "execution_count": null,
   "id": "93f586ef",
   "metadata": {},
   "outputs": [],
   "source": [
    "print(total_fim)\n",
    "print(np.linalg.det(total_fim))\n",
    "print(np.trace(total_fim))\n",
    "print(np.linalg.eigvals(total_fim))"
   ]
  },
  {
   "cell_type": "markdown",
   "id": "44b63427",
   "metadata": {},
   "source": [
    "## Heatmap"
   ]
  },
  {
   "cell_type": "code",
   "execution_count": 14,
   "id": "f06cedab",
   "metadata": {},
   "outputs": [
    {
     "name": "stdout",
     "output_type": "stream",
     "text": [
      "[[45575355309926.85, -10796186966711.326, 83445290175042.88, -7989512603441.533, 30035490945132.06, -5294333373880.846], [-10796186966711.326, 3888813365343.9434, -19011816632190.887, 2790548602457.38, -6577442271879.425, 1789815131395.5442], [83445290175042.88, -19011816632190.887, 153592012364861.78, -14134663295880.395, 55573688924934.195, -9411789134390.35], [-7989512603441.533, 2790548602457.38, -14134663295880.395, 2008060912146.0166, -4913769119004.827, 1291821973754.2095], [30035490945132.06, -6577442271879.425, 55573688924934.195, -4913769119004.827, 20211335904074.926, -3288302607352.0684], [-5294333373880.846, 1789815131395.5442, -9411789134390.35, 1291821973754.2095, -3288302607352.0684, 833744206456.5271]]\n",
      "61.06068485550636\n"
     ]
    }
   ],
   "source": [
    "# read prior\n",
    "\n",
    "f = open('emimtf2n_FIM_info/PR_quadTdep.json')\n",
    "\n",
    "data = json.load(f)\n",
    "\n",
    "prior_info = data[0]['Total']\n",
    "\n",
    "print(prior_info)\n",
    "print(np.log10(np.linalg.det(prior_info)))"
   ]
  },
  {
   "cell_type": "code",
   "execution_count": 5,
   "id": "c5d1898d",
   "metadata": {},
   "outputs": [],
   "source": [
    "#data_exp = pd.read_csv(data_file)\n",
    "#print(data_exp)"
   ]
  },
  {
   "cell_type": "code",
   "execution_count": 15,
   "id": "d5ff6c6d",
   "metadata": {
    "scrolled": true
   },
   "outputs": [
    {
     "name": "stdout",
     "output_type": "stream",
     "text": [
      "{'pressure': 549300, 'temperature': 273, 'x_R32': 0.1, 'x_emimTf2N': 0.9}\n",
      "2022-10-18 19:29:58 [INFO] idaes.init.fs.state_block: Property package initialization: optimal - Optimal Solution Found.\n",
      "{'pressure': 549300, 'temperature': 273, 'x_R32': 0.2, 'x_emimTf2N': 0.8}\n",
      "2022-10-18 19:29:58 [INFO] idaes.init.fs.state_block: Property package initialization: optimal - Optimal Solution Found.\n",
      "{'pressure': 549300, 'temperature': 273, 'x_R32': 0.3, 'x_emimTf2N': 0.7}\n",
      "2022-10-18 19:29:59 [INFO] idaes.init.fs.state_block: Property package initialization: optimal - Optimal Solution Found.\n",
      "{'pressure': 549300, 'temperature': 273, 'x_R32': 0.4, 'x_emimTf2N': 0.6}\n",
      "2022-10-18 19:30:00 [INFO] idaes.init.fs.state_block: Property package initialization: optimal - Optimal Solution Found.\n",
      "{'pressure': 549300, 'temperature': 273, 'x_R32': 0.5, 'x_emimTf2N': 0.5}\n",
      "2022-10-18 19:30:00 [INFO] idaes.init.fs.state_block: Property package initialization: optimal - Optimal Solution Found.\n",
      "{'pressure': 549300, 'temperature': 273, 'x_R32': 0.6, 'x_emimTf2N': 0.4}\n",
      "2022-10-18 19:30:01 [INFO] idaes.init.fs.state_block: Property package initialization: optimal - Optimal Solution Found.\n",
      "{'pressure': 549300, 'temperature': 273, 'x_R32': 0.7, 'x_emimTf2N': 0.30000000000000004}\n",
      "2022-10-18 19:30:03 [INFO] idaes.init.fs.state_block: Property package initialization: optimal - Optimal Solution Found.\n",
      "{'pressure': 549300, 'temperature': 273, 'x_R32': 0.8, 'x_emimTf2N': 0.19999999999999996}\n",
      "2022-10-18 19:30:03 [INFO] idaes.init.fs.state_block: Property package initialization: optimal - Optimal Solution Found.\n",
      "{'pressure': 549300, 'temperature': 273, 'x_R32': 0.9, 'x_emimTf2N': 0.09999999999999998}\n",
      "2022-10-18 19:30:04 [INFO] idaes.init.fs.state_block: Property package initialization: optimal - Optimal Solution Found.\n",
      "{'pressure': 549300, 'temperature': 283, 'x_R32': 0.1, 'x_emimTf2N': 0.9}\n",
      "2022-10-18 19:30:04 [INFO] idaes.init.fs.state_block: Property package initialization: optimal - Optimal Solution Found.\n",
      "{'pressure': 549300, 'temperature': 283, 'x_R32': 0.2, 'x_emimTf2N': 0.8}\n",
      "2022-10-18 19:30:05 [INFO] idaes.init.fs.state_block: Property package initialization: optimal - Optimal Solution Found.\n",
      "{'pressure': 549300, 'temperature': 283, 'x_R32': 0.3, 'x_emimTf2N': 0.7}\n",
      "2022-10-18 19:30:05 [INFO] idaes.init.fs.state_block: Property package initialization: optimal - Optimal Solution Found.\n",
      "{'pressure': 549300, 'temperature': 283, 'x_R32': 0.4, 'x_emimTf2N': 0.6}\n",
      "2022-10-18 19:30:06 [INFO] idaes.init.fs.state_block: Property package initialization: optimal - Optimal Solution Found.\n",
      "{'pressure': 549300, 'temperature': 283, 'x_R32': 0.5, 'x_emimTf2N': 0.5}\n",
      "2022-10-18 19:30:06 [INFO] idaes.init.fs.state_block: Property package initialization: optimal - Optimal Solution Found.\n",
      "{'pressure': 549300, 'temperature': 283, 'x_R32': 0.6, 'x_emimTf2N': 0.4}\n",
      "2022-10-18 19:30:07 [INFO] idaes.init.fs.state_block: Property package initialization: optimal - Optimal Solution Found.\n",
      "{'pressure': 549300, 'temperature': 283, 'x_R32': 0.7, 'x_emimTf2N': 0.30000000000000004}\n",
      "2022-10-18 19:30:08 [INFO] idaes.init.fs.state_block: Property package initialization: optimal - Optimal Solution Found.\n",
      "{'pressure': 549300, 'temperature': 283, 'x_R32': 0.8, 'x_emimTf2N': 0.19999999999999996}\n",
      "2022-10-18 19:30:08 [INFO] idaes.init.fs.state_block: Property package initialization: optimal - Optimal Solution Found.\n",
      "{'pressure': 549300, 'temperature': 283, 'x_R32': 0.9, 'x_emimTf2N': 0.09999999999999998}\n",
      "2022-10-18 19:30:09 [INFO] idaes.init.fs.state_block: Property package initialization: optimal - Optimal Solution Found.\n",
      "{'pressure': 549300, 'temperature': 293, 'x_R32': 0.1, 'x_emimTf2N': 0.9}\n",
      "2022-10-18 19:30:09 [INFO] idaes.init.fs.state_block: Property package initialization: optimal - Optimal Solution Found.\n",
      "{'pressure': 549300, 'temperature': 293, 'x_R32': 0.2, 'x_emimTf2N': 0.8}\n",
      "2022-10-18 19:30:10 [INFO] idaes.init.fs.state_block: Property package initialization: optimal - Optimal Solution Found.\n",
      "{'pressure': 549300, 'temperature': 293, 'x_R32': 0.3, 'x_emimTf2N': 0.7}\n",
      "2022-10-18 19:30:10 [INFO] idaes.init.fs.state_block: Property package initialization: optimal - Optimal Solution Found.\n",
      "{'pressure': 549300, 'temperature': 293, 'x_R32': 0.4, 'x_emimTf2N': 0.6}\n",
      "2022-10-18 19:30:11 [INFO] idaes.init.fs.state_block: Property package initialization: optimal - Optimal Solution Found.\n",
      "{'pressure': 549300, 'temperature': 293, 'x_R32': 0.5, 'x_emimTf2N': 0.5}\n",
      "2022-10-18 19:30:12 [INFO] idaes.init.fs.state_block: Property package initialization: optimal - Optimal Solution Found.\n",
      "{'pressure': 549300, 'temperature': 293, 'x_R32': 0.6, 'x_emimTf2N': 0.4}\n",
      "2022-10-18 19:30:12 [INFO] idaes.init.fs.state_block: Property package initialization: optimal - Optimal Solution Found.\n",
      "{'pressure': 549300, 'temperature': 293, 'x_R32': 0.7, 'x_emimTf2N': 0.30000000000000004}\n",
      "2022-10-18 19:30:13 [INFO] idaes.init.fs.state_block: Property package initialization: optimal - Optimal Solution Found.\n",
      "{'pressure': 549300, 'temperature': 293, 'x_R32': 0.8, 'x_emimTf2N': 0.19999999999999996}\n",
      "2022-10-18 19:30:13 [INFO] idaes.init.fs.state_block: Property package initialization: optimal - Optimal Solution Found.\n",
      "{'pressure': 549300, 'temperature': 293, 'x_R32': 0.9, 'x_emimTf2N': 0.09999999999999998}\n",
      "2022-10-18 19:30:14 [INFO] idaes.init.fs.state_block: Property package initialization: optimal - Optimal Solution Found.\n",
      "{'pressure': 549300, 'temperature': 303, 'x_R32': 0.1, 'x_emimTf2N': 0.9}\n",
      "2022-10-18 19:30:14 [INFO] idaes.init.fs.state_block: Property package initialization: optimal - Optimal Solution Found.\n",
      "{'pressure': 549300, 'temperature': 303, 'x_R32': 0.2, 'x_emimTf2N': 0.8}\n",
      "2022-10-18 19:30:15 [INFO] idaes.init.fs.state_block: Property package initialization: optimal - Optimal Solution Found.\n",
      "{'pressure': 549300, 'temperature': 303, 'x_R32': 0.3, 'x_emimTf2N': 0.7}\n",
      "2022-10-18 19:30:15 [INFO] idaes.init.fs.state_block: Property package initialization: optimal - Optimal Solution Found.\n",
      "{'pressure': 549300, 'temperature': 303, 'x_R32': 0.4, 'x_emimTf2N': 0.6}\n",
      "2022-10-18 19:30:16 [INFO] idaes.init.fs.state_block: Property package initialization: optimal - Optimal Solution Found.\n",
      "{'pressure': 549300, 'temperature': 303, 'x_R32': 0.5, 'x_emimTf2N': 0.5}\n",
      "2022-10-18 19:30:17 [INFO] idaes.init.fs.state_block: Property package initialization: optimal - Optimal Solution Found.\n",
      "{'pressure': 549300, 'temperature': 303, 'x_R32': 0.6, 'x_emimTf2N': 0.4}\n",
      "2022-10-18 19:30:17 [INFO] idaes.init.fs.state_block: Property package initialization: optimal - Optimal Solution Found.\n",
      "{'pressure': 549300, 'temperature': 303, 'x_R32': 0.7, 'x_emimTf2N': 0.30000000000000004}\n",
      "2022-10-18 19:30:18 [INFO] idaes.init.fs.state_block: Property package initialization: optimal - Optimal Solution Found.\n",
      "{'pressure': 549300, 'temperature': 303, 'x_R32': 0.8, 'x_emimTf2N': 0.19999999999999996}\n",
      "2022-10-18 19:30:19 [INFO] idaes.init.fs.state_block: Property package initialization: optimal - Optimal Solution Found.\n",
      "{'pressure': 549300, 'temperature': 303, 'x_R32': 0.9, 'x_emimTf2N': 0.09999999999999998}\n",
      "2022-10-18 19:30:19 [INFO] idaes.init.fs.state_block: Property package initialization: optimal - Optimal Solution Found.\n",
      "{'pressure': 549300, 'temperature': 313, 'x_R32': 0.1, 'x_emimTf2N': 0.9}\n",
      "2022-10-18 19:30:20 [INFO] idaes.init.fs.state_block: Property package initialization: optimal - Optimal Solution Found.\n",
      "{'pressure': 549300, 'temperature': 313, 'x_R32': 0.2, 'x_emimTf2N': 0.8}\n",
      "2022-10-18 19:30:20 [INFO] idaes.init.fs.state_block: Property package initialization: optimal - Optimal Solution Found.\n",
      "{'pressure': 549300, 'temperature': 313, 'x_R32': 0.3, 'x_emimTf2N': 0.7}\n",
      "2022-10-18 19:30:21 [INFO] idaes.init.fs.state_block: Property package initialization: optimal - Optimal Solution Found.\n",
      "{'pressure': 549300, 'temperature': 313, 'x_R32': 0.4, 'x_emimTf2N': 0.6}\n",
      "2022-10-18 19:30:21 [INFO] idaes.init.fs.state_block: Property package initialization: optimal - Optimal Solution Found.\n",
      "{'pressure': 549300, 'temperature': 313, 'x_R32': 0.5, 'x_emimTf2N': 0.5}\n",
      "2022-10-18 19:30:22 [INFO] idaes.init.fs.state_block: Property package initialization: optimal - Optimal Solution Found.\n",
      "{'pressure': 549300, 'temperature': 313, 'x_R32': 0.6, 'x_emimTf2N': 0.4}\n"
     ]
    },
    {
     "name": "stdout",
     "output_type": "stream",
     "text": [
      "2022-10-18 19:30:23 [INFO] idaes.init.fs.state_block: Property package initialization: optimal - Optimal Solution Found.\n",
      "{'pressure': 549300, 'temperature': 313, 'x_R32': 0.7, 'x_emimTf2N': 0.30000000000000004}\n",
      "2022-10-18 19:30:23 [INFO] idaes.init.fs.state_block: Property package initialization: optimal - Optimal Solution Found.\n",
      "{'pressure': 549300, 'temperature': 313, 'x_R32': 0.8, 'x_emimTf2N': 0.19999999999999996}\n",
      "2022-10-18 19:30:24 [INFO] idaes.init.fs.state_block: Property package initialization: optimal - Optimal Solution Found.\n",
      "{'pressure': 549300, 'temperature': 313, 'x_R32': 0.9, 'x_emimTf2N': 0.09999999999999998}\n",
      "2022-10-18 19:30:24 [INFO] idaes.init.fs.state_block: Property package initialization: optimal - Optimal Solution Found.\n",
      "{'pressure': 549300, 'temperature': 323, 'x_R32': 0.1, 'x_emimTf2N': 0.9}\n",
      "2022-10-18 19:30:25 [INFO] idaes.init.fs.state_block: Property package initialization: optimal - Optimal Solution Found.\n",
      "{'pressure': 549300, 'temperature': 323, 'x_R32': 0.2, 'x_emimTf2N': 0.8}\n",
      "2022-10-18 19:30:25 [INFO] idaes.init.fs.state_block: Property package initialization: optimal - Optimal Solution Found.\n",
      "{'pressure': 549300, 'temperature': 323, 'x_R32': 0.3, 'x_emimTf2N': 0.7}\n",
      "2022-10-18 19:30:26 [INFO] idaes.init.fs.state_block: Property package initialization: optimal - Optimal Solution Found.\n",
      "{'pressure': 549300, 'temperature': 323, 'x_R32': 0.4, 'x_emimTf2N': 0.6}\n",
      "2022-10-18 19:30:26 [INFO] idaes.init.fs.state_block: Property package initialization: optimal - Optimal Solution Found.\n",
      "{'pressure': 549300, 'temperature': 323, 'x_R32': 0.5, 'x_emimTf2N': 0.5}\n",
      "2022-10-18 19:30:27 [INFO] idaes.init.fs.state_block: Property package initialization: optimal - Optimal Solution Found.\n",
      "{'pressure': 549300, 'temperature': 323, 'x_R32': 0.6, 'x_emimTf2N': 0.4}\n",
      "2022-10-18 19:30:27 [INFO] idaes.init.fs.state_block: Property package initialization: optimal - Optimal Solution Found.\n",
      "{'pressure': 549300, 'temperature': 323, 'x_R32': 0.7, 'x_emimTf2N': 0.30000000000000004}\n",
      "2022-10-18 19:30:28 [INFO] idaes.init.fs.state_block: Property package initialization: optimal - Optimal Solution Found.\n",
      "{'pressure': 549300, 'temperature': 323, 'x_R32': 0.8, 'x_emimTf2N': 0.19999999999999996}\n",
      "2022-10-18 19:30:28 [INFO] idaes.init.fs.state_block: Property package initialization: optimal - Optimal Solution Found.\n",
      "{'pressure': 549300, 'temperature': 323, 'x_R32': 0.9, 'x_emimTf2N': 0.09999999999999998}\n",
      "2022-10-18 19:30:29 [INFO] idaes.init.fs.state_block: Property package initialization: optimal - Optimal Solution Found.\n",
      "{'pressure': 549300, 'temperature': 333, 'x_R32': 0.1, 'x_emimTf2N': 0.9}\n",
      "2022-10-18 19:30:30 [INFO] idaes.init.fs.state_block: Property package initialization: optimal - Optimal Solution Found.\n",
      "{'pressure': 549300, 'temperature': 333, 'x_R32': 0.2, 'x_emimTf2N': 0.8}\n",
      "2022-10-18 19:30:30 [INFO] idaes.init.fs.state_block: Property package initialization: optimal - Optimal Solution Found.\n",
      "{'pressure': 549300, 'temperature': 333, 'x_R32': 0.3, 'x_emimTf2N': 0.7}\n",
      "2022-10-18 19:30:31 [INFO] idaes.init.fs.state_block: Property package initialization: optimal - Optimal Solution Found.\n",
      "{'pressure': 549300, 'temperature': 333, 'x_R32': 0.4, 'x_emimTf2N': 0.6}\n",
      "2022-10-18 19:30:31 [INFO] idaes.init.fs.state_block: Property package initialization: optimal - Optimal Solution Found.\n",
      "{'pressure': 549300, 'temperature': 333, 'x_R32': 0.5, 'x_emimTf2N': 0.5}\n",
      "2022-10-18 19:30:32 [INFO] idaes.init.fs.state_block: Property package initialization: optimal - Optimal Solution Found.\n",
      "{'pressure': 549300, 'temperature': 333, 'x_R32': 0.6, 'x_emimTf2N': 0.4}\n",
      "2022-10-18 19:30:32 [INFO] idaes.init.fs.state_block: Property package initialization: optimal - Optimal Solution Found.\n",
      "{'pressure': 549300, 'temperature': 333, 'x_R32': 0.7, 'x_emimTf2N': 0.30000000000000004}\n",
      "2022-10-18 19:30:33 [INFO] idaes.init.fs.state_block: Property package initialization: optimal - Optimal Solution Found.\n",
      "{'pressure': 549300, 'temperature': 333, 'x_R32': 0.8, 'x_emimTf2N': 0.19999999999999996}\n",
      "2022-10-18 19:30:33 [INFO] idaes.init.fs.state_block: Property package initialization: optimal - Optimal Solution Found.\n",
      "{'pressure': 549300, 'temperature': 333, 'x_R32': 0.9, 'x_emimTf2N': 0.09999999999999998}\n",
      "2022-10-18 19:30:34 [INFO] idaes.init.fs.state_block: Property package initialization: optimal - Optimal Solution Found.\n",
      "{'pressure': 549300, 'temperature': 343, 'x_R32': 0.1, 'x_emimTf2N': 0.9}\n",
      "2022-10-18 19:30:34 [INFO] idaes.init.fs.state_block: Property package initialization: optimal - Optimal Solution Found.\n",
      "{'pressure': 549300, 'temperature': 343, 'x_R32': 0.2, 'x_emimTf2N': 0.8}\n",
      "2022-10-18 19:30:35 [INFO] idaes.init.fs.state_block: Property package initialization: optimal - Optimal Solution Found.\n",
      "{'pressure': 549300, 'temperature': 343, 'x_R32': 0.3, 'x_emimTf2N': 0.7}\n",
      "2022-10-18 19:30:35 [INFO] idaes.init.fs.state_block: Property package initialization: optimal - Optimal Solution Found.\n",
      "{'pressure': 549300, 'temperature': 343, 'x_R32': 0.4, 'x_emimTf2N': 0.6}\n",
      "2022-10-18 19:30:36 [INFO] idaes.init.fs.state_block: Property package initialization: optimal - Optimal Solution Found.\n",
      "{'pressure': 549300, 'temperature': 343, 'x_R32': 0.5, 'x_emimTf2N': 0.5}\n",
      "2022-10-18 19:30:37 [INFO] idaes.init.fs.state_block: Property package initialization: optimal - Optimal Solution Found.\n",
      "{'pressure': 549300, 'temperature': 343, 'x_R32': 0.6, 'x_emimTf2N': 0.4}\n",
      "2022-10-18 19:30:37 [INFO] idaes.init.fs.state_block: Property package initialization: optimal - Optimal Solution Found.\n",
      "{'pressure': 549300, 'temperature': 343, 'x_R32': 0.7, 'x_emimTf2N': 0.30000000000000004}\n",
      "2022-10-18 19:30:38 [INFO] idaes.init.fs.state_block: Property package initialization: optimal - Optimal Solution Found.\n",
      "{'pressure': 549300, 'temperature': 343, 'x_R32': 0.8, 'x_emimTf2N': 0.19999999999999996}\n",
      "2022-10-18 19:30:39 [INFO] idaes.init.fs.state_block: Property package initialization: optimal - Optimal Solution Found.\n",
      "{'pressure': 549300, 'temperature': 343, 'x_R32': 0.9, 'x_emimTf2N': 0.09999999999999998}\n",
      "2022-10-18 19:30:39 [INFO] idaes.init.fs.state_block: Property package initialization: optimal - Optimal Solution Found.\n",
      "{'pressure': 549300, 'temperature': 353, 'x_R32': 0.1, 'x_emimTf2N': 0.9}\n",
      "2022-10-18 19:30:40 [INFO] idaes.init.fs.state_block: Property package initialization: optimal - Optimal Solution Found.\n",
      "{'pressure': 549300, 'temperature': 353, 'x_R32': 0.2, 'x_emimTf2N': 0.8}\n",
      "2022-10-18 19:30:40 [INFO] idaes.init.fs.state_block: Property package initialization: optimal - Optimal Solution Found.\n",
      "{'pressure': 549300, 'temperature': 353, 'x_R32': 0.3, 'x_emimTf2N': 0.7}\n",
      "2022-10-18 19:30:41 [INFO] idaes.init.fs.state_block: Property package initialization: optimal - Optimal Solution Found.\n",
      "{'pressure': 549300, 'temperature': 353, 'x_R32': 0.4, 'x_emimTf2N': 0.6}\n",
      "2022-10-18 19:30:41 [INFO] idaes.init.fs.state_block: Property package initialization: optimal - Optimal Solution Found.\n",
      "{'pressure': 549300, 'temperature': 353, 'x_R32': 0.5, 'x_emimTf2N': 0.5}\n",
      "2022-10-18 19:30:42 [INFO] idaes.init.fs.state_block: Property package initialization: optimal - Optimal Solution Found.\n",
      "{'pressure': 549300, 'temperature': 353, 'x_R32': 0.6, 'x_emimTf2N': 0.4}\n",
      "2022-10-18 19:30:42 [INFO] idaes.init.fs.state_block: Property package initialization: optimal - Optimal Solution Found.\n",
      "{'pressure': 549300, 'temperature': 353, 'x_R32': 0.7, 'x_emimTf2N': 0.30000000000000004}\n",
      "2022-10-18 19:30:43 [INFO] idaes.init.fs.state_block: Property package initialization: optimal - Optimal Solution Found.\n",
      "{'pressure': 549300, 'temperature': 353, 'x_R32': 0.8, 'x_emimTf2N': 0.19999999999999996}\n",
      "2022-10-18 19:30:44 [INFO] idaes.init.fs.state_block: Property package initialization: optimal - Optimal Solution Found.\n",
      "{'pressure': 549300, 'temperature': 353, 'x_R32': 0.9, 'x_emimTf2N': 0.09999999999999998}\n",
      "2022-10-18 19:30:44 [INFO] idaes.init.fs.state_block: Property package initialization: optimal - Optimal Solution Found.\n",
      "{'pressure': 549300, 'temperature': 360, 'x_R32': 0.1, 'x_emimTf2N': 0.9}\n",
      "2022-10-18 19:30:45 [INFO] idaes.init.fs.state_block: Property package initialization: optimal - Optimal Solution Found.\n",
      "{'pressure': 549300, 'temperature': 360, 'x_R32': 0.2, 'x_emimTf2N': 0.8}\n"
     ]
    },
    {
     "name": "stdout",
     "output_type": "stream",
     "text": [
      "2022-10-18 19:30:45 [INFO] idaes.init.fs.state_block: Property package initialization: optimal - Optimal Solution Found.\n",
      "{'pressure': 549300, 'temperature': 360, 'x_R32': 0.3, 'x_emimTf2N': 0.7}\n",
      "2022-10-18 19:30:46 [INFO] idaes.init.fs.state_block: Property package initialization: optimal - Optimal Solution Found.\n",
      "{'pressure': 549300, 'temperature': 360, 'x_R32': 0.4, 'x_emimTf2N': 0.6}\n",
      "2022-10-18 19:30:46 [INFO] idaes.init.fs.state_block: Property package initialization: optimal - Optimal Solution Found.\n",
      "{'pressure': 549300, 'temperature': 360, 'x_R32': 0.5, 'x_emimTf2N': 0.5}\n",
      "2022-10-18 19:30:47 [INFO] idaes.init.fs.state_block: Property package initialization: optimal - Optimal Solution Found.\n",
      "{'pressure': 549300, 'temperature': 360, 'x_R32': 0.6, 'x_emimTf2N': 0.4}\n",
      "2022-10-18 19:30:47 [INFO] idaes.init.fs.state_block: Property package initialization: optimal - Optimal Solution Found.\n",
      "{'pressure': 549300, 'temperature': 360, 'x_R32': 0.7, 'x_emimTf2N': 0.30000000000000004}\n",
      "2022-10-18 19:30:48 [INFO] idaes.init.fs.state_block: Property package initialization: optimal - Optimal Solution Found.\n",
      "{'pressure': 549300, 'temperature': 360, 'x_R32': 0.8, 'x_emimTf2N': 0.19999999999999996}\n",
      "2022-10-18 19:30:48 [INFO] idaes.init.fs.state_block: Property package initialization: optimal - Optimal Solution Found.\n",
      "{'pressure': 549300, 'temperature': 360, 'x_R32': 0.9, 'x_emimTf2N': 0.09999999999999998}\n",
      "2022-10-18 19:30:49 [INFO] idaes.init.fs.state_block: Property package initialization: optimal - Optimal Solution Found.\n"
     ]
    }
   ],
   "source": [
    "# model list \n",
    "#T_range = [273, 360]\n",
    "#x_range = [0.1, 0.9]\n",
    "\n",
    "T_range = [273, 283, 293, 303, 313, 323, 333, 343, 353, 360]\n",
    "x_range = [0.1,0.2, 0.3, 0.4, 0.5, 0.6, 0.7, 0.8, 0.9]\n",
    "\n",
    "data_exp = {'pressure': 549300}\n",
    "\n",
    "fixed_model_set = []\n",
    "\n",
    "for i in range(len(T_range)):\n",
    "    for j in range(len(x_range)):\n",
    "        data_exp['temperature'] = T_range[i]\n",
    "        data_exp['x_R32'] = x_range[j]\n",
    "        data_exp['x_emimTf2N'] = 1-x_range[j]\n",
    "    \n",
    "        print(data_exp)\n",
    "        \n",
    "        model = model_creation.create_model(data_exp)\n",
    "        \n",
    "        fixed_model_set.append(model)"
   ]
  },
  {
   "cell_type": "code",
   "execution_count": 16,
   "id": "984ef5d1",
   "metadata": {},
   "outputs": [],
   "source": [
    "design_range_values = [T_range, x_range]"
   ]
  },
  {
   "cell_type": "code",
   "execution_count": 17,
   "id": "e6a01bf5",
   "metadata": {},
   "outputs": [
    {
     "name": "stdout",
     "output_type": "stream",
     "text": [
      "parameter set: {'fs.properties.PR_kappa_A[\"R32\", \"emimTf2N\"]': 0.3212980565927437, 'fs.properties.PR_kappa_A[\"emimTf2N\", \"R32\"]': 0.8429816989080334, 'fs.properties.PR_kappa_B[\"R32\", \"emimTf2N\"]': -0.5532108602621684, 'fs.properties.PR_kappa_B[\"emimTf2N\", \"R32\"]': -0.6100855368792957, 'fs.properties.PR_kappa_C[\"R32\", \"emimTf2N\"]': 0.1862684932461356, 'fs.properties.PR_kappa_C[\"emimTf2N\", \"R32\"]': -0.3935451934926509}\n",
      "All measurements are flattened.\n",
      "Flatten measurement name: ['fs.state_block.pressure']\n",
      "90  design vectors will be searched.\n",
      "=======This is the  1 th iteration=======\n",
      "Design variable values of this iteration: {'fs.F101.inlet.temperature': {0: 1}, 'fs.F101.inlet.pressure': {0: 1}, 'fs.F101.inlet.mole_frac_comp[0,\"R32\"]': {0: 1}, \"fs.F101.inlet.mole_frac_comp[0,'emimTf2N']\": {0: 1}}\n",
      "Sensitivity information is scaled by its corresponding parameter nominal value.\n",
      "After practice: {'fs.state_block.pressure': [0]}\n",
      "name: fs.state_block.pressure\n",
      "Build time with direct kaug mode [s]: 6.9141387939453125e-06\n",
      "Solve time with direct kaug mode [s]: 0.5157022476196289\n",
      "Total wall clock time [s]: 0.5163600444793701\n",
      "Existed information has been added.\n",
      "FIM: [[ 4.56114734e+13 -1.07973879e+13  8.35022442e+13 -7.99030664e+12\n",
      "   3.00530536e+13 -5.29480130e+12]\n",
      " [-1.07973879e+13  3.88885330e+12 -1.90137104e+13  2.79057501e+12\n",
      "  -6.57802626e+12  1.78983069e+12]\n",
      " [ 8.35022442e+13 -1.90137104e+13  1.53681822e+14 -1.41359154e+13\n",
      "   5.56013832e+13 -9.41252700e+12]\n",
      " [-7.99030664e+12  2.79057501e+12 -1.41359154e+13  2.00807837e+12\n",
      "  -4.91415523e+12  1.29183226e+12]\n",
      " [ 3.00530536e+13 -6.57802626e+12  5.56013832e+13 -4.91415523e+12\n",
      "   2.02198759e+13 -3.28853014e+12]\n",
      " [-5.29480130e+12  1.78983069e+12 -9.41252700e+12  1.29183226e+12\n",
      "  -3.28853014e+12  8.33750269e+11]]\n",
      "Trace: 226243853558111.2\n",
      "Determinant: 1.2036463231098248e+61\n",
      "Condition number: 271640773.7759573\n",
      "Minimal eigen value: 822789.3091272657\n",
      "Eigen values: [2.23503125e+14 2.60451064e+12 1.34002404e+11 2.12693219e+09\n",
      " 8.81727297e+07 8.22789309e+05]\n",
      "Eigen vectors: [[ 0.45108637 -0.15229304 -0.73742647 -0.04018342  0.47631133  0.03229447]\n",
      " [-0.10432762  0.74654026 -0.17202012  0.56159728  0.09975658  0.27723562]\n",
      " [ 0.82902178  0.16465557  0.13904454  0.08620929 -0.50740779 -0.03719336]\n",
      " [-0.07744113  0.50464309 -0.17591671 -0.36088986 -0.01656796 -0.76018126]\n",
      " [ 0.29952004  0.21599202  0.59396378 -0.19806601  0.68457171  0.05453122]\n",
      " [-0.0514815   0.30175456 -0.15342176 -0.7114001  -0.19183472  0.58297936]]\n",
      "This is the  2  run out of  90 run.\n",
      "The code has run 0.5201 seconds.\n",
      "Estimated remaining time: 22.8857 seconds\n",
      "=======This is the  2 th iteration=======\n",
      "Design variable values of this iteration: {'fs.F101.inlet.temperature': {0: 1}, 'fs.F101.inlet.pressure': {0: 1}, 'fs.F101.inlet.mole_frac_comp[0,\"R32\"]': {0: 1}, \"fs.F101.inlet.mole_frac_comp[0,'emimTf2N']\": {0: 1}}\n",
      "Sensitivity information is scaled by its corresponding parameter nominal value.\n",
      "After practice: {'fs.state_block.pressure': [0]}\n",
      "name: fs.state_block.pressure\n",
      "Build time with direct kaug mode [s]: 5.9604644775390625e-06\n",
      "Solve time with direct kaug mode [s]: 0.4958951473236084\n",
      "Total wall clock time [s]: 0.49645137786865234\n",
      "Existed information has been added.\n",
      "FIM: [[ 4.57167611e+13 -1.08066193e+13  8.36682569e+13 -7.99642080e+12\n",
      "   3.01042420e+13 -5.29841073e+12]\n",
      " [-1.08066193e+13  3.88958302e+12 -1.90282662e+13  2.79105826e+12\n",
      "  -6.58251444e+12  1.79011594e+12]\n",
      " [ 8.36682569e+13 -1.90282662e+13  1.53943583e+14 -1.41455560e+13\n",
      "   5.56820947e+13 -9.41821826e+12]\n",
      " [-7.99642080e+12  2.79105826e+12 -1.41455560e+13  2.00839840e+12\n",
      "  -4.91712786e+12  1.29202117e+12]\n",
      " [ 3.01042420e+13 -6.58251444e+12  5.56820947e+13 -4.91712786e+12\n",
      "   2.02447625e+13 -3.29028501e+12]\n",
      " [-5.29841073e+12  1.79011594e+12 -9.41821826e+12  1.29202117e+12\n",
      "  -3.29028501e+12  8.33861775e+11]]\n",
      "Trace: 226636950205334.38\n",
      "Determinant: 1.3331109754149083e+61\n",
      "Condition number: 272176760.40137666\n",
      "Minimal eigen value: 822594.007966926\n",
      "Eigen values: [2.23890972e+14 2.60560648e+12 1.38147427e+11 2.12879563e+09\n",
      " 9.44623152e+07 8.22594008e+05]\n",
      "Eigen vectors: [[ 0.45120743 -0.15166052 -0.7380745  -0.04051772  0.47536864  0.03224807]\n",
      " [-0.10422509  0.74669577 -0.17110139  0.56155197  0.10055047  0.27722891]\n",
      " [ 0.82900897  0.16443085  0.14000305  0.08701866 -0.50710333 -0.03714471]\n",
      " [-0.07735876  0.50481488 -0.1757072  -0.3607238  -0.01750426 -0.76018187]\n",
      " [ 0.29944017  0.21545814  0.59325973 -0.19968521  0.68492007  0.05446635]\n",
      " [-0.05142287  0.30190517 -0.15342542 -0.7109498  -0.19323191  0.58299349]]\n",
      "This is the  3  run out of  90 run.\n",
      "The code has run 1.0202 seconds.\n",
      "Estimated remaining time: 29.5863 seconds\n",
      "=======This is the  3 th iteration=======\n",
      "Design variable values of this iteration: {'fs.F101.inlet.temperature': {0: 1}, 'fs.F101.inlet.pressure': {0: 1}, 'fs.F101.inlet.mole_frac_comp[0,\"R32\"]': {0: 1}, \"fs.F101.inlet.mole_frac_comp[0,'emimTf2N']\": {0: 1}}\n",
      "Sensitivity information is scaled by its corresponding parameter nominal value.\n",
      "After practice: {'fs.state_block.pressure': [0]}\n",
      "name: fs.state_block.pressure\n",
      "Build time with direct kaug mode [s]: 6.198883056640625e-06\n",
      "Solve time with direct kaug mode [s]: 0.502485990524292\n",
      "Total wall clock time [s]: 0.5050699710845947\n",
      "Existed information has been added.\n",
      "FIM: [[ 4.58823412e+13 -1.08343315e+13  8.39293286e+13 -8.01478101e+12\n",
      "   3.01847385e+13 -5.30925287e+12]\n",
      " [-1.08343315e+13  3.89355302e+12 -1.90719609e+13  2.79368833e+12\n",
      "  -6.59598704e+12  1.79166895e+12]\n",
      " [ 8.39293286e+13 -1.90719609e+13  1.54355217e+14 -1.41745051e+13\n",
      "   5.58090142e+13 -9.43531337e+12]\n",
      " [-8.01478101e+12  2.79368833e+12 -1.41745051e+13  2.01014079e+12\n",
      "  -4.92605388e+12  1.29305002e+12]\n",
      " [ 3.01847385e+13 -6.59598704e+12  5.58090142e+13 -4.92605388e+12\n",
      "   2.02838957e+13 -3.29555603e+12]\n",
      " [-5.30925287e+12  1.79166895e+12 -9.43531337e+12  1.29305002e+12\n",
      "  -3.29555603e+12  8.34469293e+11]]\n",
      "Trace: 227259617383465.28\n",
      "Determinant: 1.486573243536286e+61\n",
      "Condition number: 272845042.5331013\n",
      "Minimal eigen value: 822847.3822239322\n",
      "Eigen values: [2.24509829e+14 2.60466723e+12 1.42881896e+11 2.13726309e+09\n",
      " 1.01168247e+08 8.22847382e+05]\n",
      "Eigen vectors: [[ 0.45138961 -0.15165239 -0.73863647 -0.04129708  0.47421037  0.0329274 ]\n",
      " [-0.10417574  0.74669008 -0.17031106  0.5614316   0.10230968  0.27734956]\n",
      " [ 0.82897197  0.16441155  0.14099525  0.08892876 -0.50651092 -0.03785512]\n",
      " [-0.07730315  0.50482719 -0.17630486 -0.36038439 -0.01818812 -0.76018591]\n",
      " [ 0.29930789  0.21544534  0.59213813 -0.20352757  0.68474573  0.05541054]\n",
      " [-0.0513742   0.30192241 -0.15433624 -0.70984534 -0.19722174  0.58275815]]\n",
      "This is the  4  run out of  90 run.\n",
      "The code has run 1.5295 seconds.\n",
      "Estimated remaining time: 32.8851 seconds\n",
      "=======This is the  4 th iteration=======\n",
      "Design variable values of this iteration: {'fs.F101.inlet.temperature': {0: 1}, 'fs.F101.inlet.pressure': {0: 1}, 'fs.F101.inlet.mole_frac_comp[0,\"R32\"]': {0: 1}, \"fs.F101.inlet.mole_frac_comp[0,'emimTf2N']\": {0: 1}}\n",
      "Sensitivity information is scaled by its corresponding parameter nominal value.\n",
      "After practice: {'fs.state_block.pressure': [0]}\n",
      "name: fs.state_block.pressure\n",
      "Build time with direct kaug mode [s]: 7.62939453125e-06\n",
      "Solve time with direct kaug mode [s]: 0.5403826236724854\n",
      "Total wall clock time [s]: 0.5410079956054688\n",
      "Existed information has been added.\n",
      "FIM: [[ 4.60905796e+13 -1.08934984e+13  8.42576548e+13 -8.05398498e+12\n",
      "   3.02859702e+13 -5.33240617e+12]\n",
      " [-1.08934984e+13  3.90719277e+12 -1.91652496e+13  2.80272563e+12\n",
      "  -6.62475079e+12  1.79700602e+12]\n",
      " [ 8.42576548e+13 -1.91652496e+13  1.54872884e+14 -1.42363182e+13\n",
      "   5.59686247e+13 -9.47181928e+12]\n",
      " [-8.05398498e+12  2.80272563e+12 -1.42363182e+13  2.01612864e+12\n",
      "  -4.94511274e+12  1.29658620e+12]\n",
      " [ 3.02859702e+13 -6.62475079e+12  5.59686247e+13 -4.94511274e+12\n",
      "   2.03331078e+13 -3.30681192e+12]\n",
      " [-5.33240617e+12  1.79700602e+12 -9.47181928e+12  1.29658620e+12\n",
      "  -3.30681192e+12  8.36557617e+11]]\n",
      "Trace: 228056450628308.22\n",
      "Determinant: 1.618694141433094e+61\n",
      "Condition number: 271168437.0134588\n",
      "Minimal eigen value: 830866.0939079354\n",
      "Eigen values: [2.25304660e+14 2.60353756e+12 1.45983248e+11 2.16379588e+09\n",
      " 1.05143015e+08 8.30866094e+05]\n",
      "Eigen vectors: [[ 0.45160354 -0.15301875 -0.73871081 -0.04250661  0.47322407  0.03461226]\n",
      " [-0.10432082  0.74636341 -0.17031431  0.56120041  0.10513662  0.27758287]\n",
      " [ 0.82889427  0.16491811  0.14150398  0.092021   -0.50564333 -0.03962188]\n",
      " [-0.0773701   0.5044424  -0.17832615 -0.35998928 -0.01815859 -0.76015097]\n",
      " [ 0.2991292   0.21660621  0.59070064 -0.20984146  0.68359764  0.05776725]\n",
      " [-0.05139357  0.30157679 -0.15667969 -0.7079221  -0.20419262  0.58224848]]\n",
      "This is the  5  run out of  90 run.\n",
      "The code has run 2.0746 seconds.\n",
      "Estimated remaining time: 35.2682 seconds\n",
      "=======This is the  5 th iteration=======\n",
      "Design variable values of this iteration: {'fs.F101.inlet.temperature': {0: 1}, 'fs.F101.inlet.pressure': {0: 1}, 'fs.F101.inlet.mole_frac_comp[0,\"R32\"]': {0: 1}, \"fs.F101.inlet.mole_frac_comp[0,'emimTf2N']\": {0: 1}}\n",
      "Sensitivity information is scaled by its corresponding parameter nominal value.\n",
      "After practice: {'fs.state_block.pressure': [0]}\n"
     ]
    },
    {
     "name": "stdout",
     "output_type": "stream",
     "text": [
      "name: fs.state_block.pressure\n",
      "Build time with direct kaug mode [s]: 7.62939453125e-06\n",
      "Solve time with direct kaug mode [s]: 0.5008559226989746\n",
      "Total wall clock time [s]: 0.5014605522155762\n",
      "Existed information has been added.\n",
      "FIM: [[ 4.63095095e+13 -1.09977334e+13  8.46028351e+13 -8.12305431e+12\n",
      "   3.03923975e+13 -5.37319942e+12]\n",
      " [-1.09977334e+13  3.94414365e+12 -1.93295960e+13  2.82720964e+12\n",
