{
 "cells": [
  {
   "cell_type": "code",
   "execution_count": 1,
   "id": "08bcec6e",
   "metadata": {},
   "outputs": [
    {
     "name": "stdout",
     "output_type": "stream",
     "text": [
      "[    0.00] Initializing mpi-sppy\n"
     ]
    }
   ],
   "source": [
    "from MBDOE import *\n",
    "from generalize_functions import CEOSModels\n"
   ]
  },
  {
   "cell_type": "markdown",
   "id": "e4291a0c",
   "metadata": {},
   "source": [
    "## Choose experiments and model"
   ]
  },
  {
   "cell_type": "code",
   "execution_count": 2,
   "id": "e8ad7b63",
   "metadata": {},
   "outputs": [],
   "source": [
    "model_option = \"PR\"\n",
    "if_poly = False\n",
    "\n",
    "if model_option==\"PR\":\n",
    "    if not if_poly:\n",
    "        from hfc32_emimtf2n_PR import configuration\n",
    "    else:\n",
    "        from hfc32_emimtf2n_PR_polynomial import configuration\n",
    "        \n",
    "elif model_option==\"SRK\":\n",
    "    if not if_poly:\n",
    "        from hfc32_emimtf2n_SRK import configuration\n",
    "    else:\n",
    "        from hfc32_emimtf2n_SRK_polynomial import configuration\n",
    "        "
   ]
  },
  {
   "cell_type": "code",
   "execution_count": 3,
   "id": "e1f87bf2",
   "metadata": {},
   "outputs": [],
   "source": [
    "# Experiments \n",
    "data_file = './emimtf2n/R32/Final_Results/MBDoE/r32_emimtf2n_subset.csv'\n",
    "\n",
    "path = './emimtf2n/R32/Final_Results/MBDoE/Params/'\n",
    "\n",
    "# Decide on model \n",
    "#para_file = path + 'PR_params_1param_Opt1.csv'\n",
    "#PR_type_opt = \"1Param_Opt1\"\n",
    "\n",
    "#para_file = path + 'PR_params_1param_Opt2.csv'\n",
    "#PR_type_opt = \"1Param_Opt2\"\n",
    "\n",
    "#para_file = path + 'PR_params_1param_Opt2_GF.csv'\n",
    "#PR_type_opt = \"1Param_Opt2\"\n",
    "\n",
    "#para_file = path + 'PR_params_3params_Opt1.csv'\n",
    "#PR_type_opt = \"3Params_Opt1\"\n",
    "\n",
    "#para_file = path + 'PR_params_3params_Opt2.csv'\n",
    "#PR_type_opt = \"3Params_Opt2\"\n",
    "\n",
    "#para_file = path + 'PR_params_linTdep.csv'\n",
    "#PR_type_opt = \"Linear\"\n",
    "\n",
    "#para_file = path + 'PR_params_noTdep.csv'\n",
    "#PR_type_opt = \"No\"\n",
    "\n",
    "#para_file = path + 'PR_params_polyTdep.csv'\n",
    "#PR_type_opt = \"Polynomial\"\n",
    "\n",
    "# important model\n",
    "para_file = path + 'PR_params_quadTdep.csv'\n",
    "PR_type_opt = \"Quadratic\"\n",
    "\n",
    "#para_file = path + 'SRK_params_1param_Opt1.csv'\n",
    "#PR_type_opt = \"1Param_Opt1\"\n",
    "\n",
    "#para_file = path + 'SRK_params_1param_Opt2.csv'\n",
    "#PR_type_opt = \"1Param_Opt2\"\n",
    "\n",
    "#para_file = path + 'SRK_params_3params_Opt1.csv'\n",
    "#PR_type_opt = \"3Params_Opt1\"\n",
    "\n",
    "#para_file = path + 'SRK_params_3params_Opt2.csv'\n",
    "#PR_type_opt = \"3Params_Opt2\"\n",
    "\n",
    "#para_file = path + 'SRK_params_linTdep.csv'\n",
    "#PR_type_opt = \"Linear\"\n",
    "\n",
    "#para_file = path + 'SRK_params_noTdep.csv'\n",
    "#PR_type_opt = \"No\"\n",
    "\n",
    "\n",
    "#para_file = path + 'SRK_params_polyTdep.csv'\n",
    "#PR_type_opt = \"Polynomial\"\n",
    "\n",
    "#para_file = path + 'SRK_params_quadTdep.csv'\n",
    "#PR_type_opt = \"Quadratic\"\n",
    "\n",
    "\n",
    "\n",
    "model_creation = CEOSModels(para_file, configuration, \n",
    "                         comp_1= \"R32\", comp_2 = \"emimTf2N\", \n",
    "                         x_comp_1=\"x_R32\", x_comp_2=\"x_emimTf2N\",  Model_type = model_option, Tdep_type=PR_type_opt)"
   ]
  },
  {
   "cell_type": "markdown",
   "id": "c8d7e9af",
   "metadata": {},
   "source": [
    "## Run pyomo.doe"
   ]
  },
  {
   "cell_type": "code",
   "execution_count": null,
   "id": "a3da3439",
   "metadata": {},
   "outputs": [],
   "source": [
    "data_exp = pd.read_csv(data_file)\n",
    "print(len(data_exp))\n",
    "print(data_exp.iloc[1])"
   ]
  },
  {
   "cell_type": "code",
   "execution_count": null,
   "id": "def68546",
   "metadata": {},
   "outputs": [],
   "source": [
    "print(model_creation.param_name_dict)"
   ]
  },
  {
   "cell_type": "code",
   "execution_count": null,
   "id": "3852400b",
   "metadata": {
    "scrolled": true
   },
   "outputs": [],
   "source": [
    "mbdoe_obj = MBDOE(data_file, model_creation)\n",
    "\n",
    "exp_set = range(len(data_exp))\n",
    "#exp_set = range(12)\n",
    "#exp_set = [0,1,2,3]\n",
    "\n",
    "#exp_set = 0\n",
    "# init_T: 283-348; 323 is good; init_pressure: low mole fraction use 150000; high 399800; x_option: 0.4-0.6;0.3-0.55;\n",
    "# SRK: init_temp_option=323, init_pressure_option= 399800, init_x_c1_option = 0.5\n",
    "\n",
    "total_fim = mbdoe_obj.sumDOE(exp_set, scale_opt=True, record_name=\"SRK_polyTdep\", \n",
    "                             init_temp_option=343, \n",
    "                             init_pressure_option= 150000,\n",
    "                             init_x_c1_option = 0.4,\n",
    "                             poly_option=True)\n",
    "#total_fim = mbdoe_obj.doe(exp_set, scale=True)"
   ]
  },
  {
   "cell_type": "code",
   "execution_count": null,
   "id": "93f586ef",
   "metadata": {},
   "outputs": [],
   "source": [
    "print(total_fim)\n",
    "print(np.linalg.det(total_fim))\n",
    "print(np.trace(total_fim))\n",
    "print(np.linalg.eigvals(total_fim))"
   ]
  },
  {
   "cell_type": "markdown",
   "id": "7ec41789",
   "metadata": {},
   "source": [
    "## Heatmap"
   ]
  },
  {
   "cell_type": "code",
   "execution_count": 4,
   "id": "f06cedab",
   "metadata": {},
   "outputs": [],
   "source": [
    "# read prior\n",
    "\n",
    "f = open('emimtf2n_FIM_info/PR_quadTdep.json')\n",
    "\n",
    "data = json.load(f)\n",
    "\n",
    "prior_info = data[0]['Total']"
   ]
  },
  {
   "cell_type": "code",
   "execution_count": 5,
   "id": "07365449",
   "metadata": {},
   "outputs": [],
   "source": [
    "#data_exp = pd.read_csv(data_file)\n",
    "#print(data_exp)"
   ]
  },
  {
   "cell_type": "code",
   "execution_count": 10,
   "id": "d5ff6c6d",
   "metadata": {
    "scrolled": true
   },
   "outputs": [
    {
     "name": "stdout",
     "output_type": "stream",
     "text": [
      "{'pressure': 549300, 'temperature': 273, 'x_R32': 0.1, 'x_emimTf2N': 0.9}\n",
      "2022-10-18 19:22:28 [INFO] idaes.init.fs.state_block: Property package initialization: optimal - Optimal Solution Found.\n",
      "{'pressure': 549300, 'temperature': 273, 'x_R32': 0.3, 'x_emimTf2N': 0.7}\n",
      "2022-10-18 19:22:29 [INFO] idaes.init.fs.state_block: Property package initialization: optimal - Optimal Solution Found.\n",
      "{'pressure': 549300, 'temperature': 273, 'x_R32': 0.5, 'x_emimTf2N': 0.5}\n",
      "2022-10-18 19:22:29 [INFO] idaes.init.fs.state_block: Property package initialization: optimal - Optimal Solution Found.\n",
      "{'pressure': 549300, 'temperature': 273, 'x_R32': 0.7, 'x_emimTf2N': 0.30000000000000004}\n",
      "2022-10-18 19:22:30 [INFO] idaes.init.fs.state_block: Property package initialization: optimal - Optimal Solution Found.\n",
      "{'pressure': 549300, 'temperature': 273, 'x_R32': 0.9, 'x_emimTf2N': 0.09999999999999998}\n",
      "2022-10-18 19:22:31 [INFO] idaes.init.fs.state_block: Property package initialization: optimal - Optimal Solution Found.\n",
      "{'pressure': 549300, 'temperature': 293, 'x_R32': 0.1, 'x_emimTf2N': 0.9}\n",
      "2022-10-18 19:22:31 [INFO] idaes.init.fs.state_block: Property package initialization: optimal - Optimal Solution Found.\n",
      "{'pressure': 549300, 'temperature': 293, 'x_R32': 0.3, 'x_emimTf2N': 0.7}\n",
      "2022-10-18 19:22:32 [INFO] idaes.init.fs.state_block: Property package initialization: optimal - Optimal Solution Found.\n",
      "{'pressure': 549300, 'temperature': 293, 'x_R32': 0.5, 'x_emimTf2N': 0.5}\n",
      "2022-10-18 19:22:32 [INFO] idaes.init.fs.state_block: Property package initialization: optimal - Optimal Solution Found.\n",
      "{'pressure': 549300, 'temperature': 293, 'x_R32': 0.7, 'x_emimTf2N': 0.30000000000000004}\n",
      "2022-10-18 19:22:33 [INFO] idaes.init.fs.state_block: Property package initialization: optimal - Optimal Solution Found.\n",
      "{'pressure': 549300, 'temperature': 293, 'x_R32': 0.9, 'x_emimTf2N': 0.09999999999999998}\n",
      "2022-10-18 19:22:33 [INFO] idaes.init.fs.state_block: Property package initialization: optimal - Optimal Solution Found.\n",
      "{'pressure': 549300, 'temperature': 313, 'x_R32': 0.1, 'x_emimTf2N': 0.9}\n",
      "2022-10-18 19:22:34 [INFO] idaes.init.fs.state_block: Property package initialization: optimal - Optimal Solution Found.\n",
      "{'pressure': 549300, 'temperature': 313, 'x_R32': 0.3, 'x_emimTf2N': 0.7}\n",
      "2022-10-18 19:22:34 [INFO] idaes.init.fs.state_block: Property package initialization: optimal - Optimal Solution Found.\n",
      "{'pressure': 549300, 'temperature': 313, 'x_R32': 0.5, 'x_emimTf2N': 0.5}\n",
      "2022-10-18 19:22:35 [INFO] idaes.init.fs.state_block: Property package initialization: optimal - Optimal Solution Found.\n",
      "{'pressure': 549300, 'temperature': 313, 'x_R32': 0.7, 'x_emimTf2N': 0.30000000000000004}\n",
      "2022-10-18 19:22:35 [INFO] idaes.init.fs.state_block: Property package initialization: optimal - Optimal Solution Found.\n",
      "{'pressure': 549300, 'temperature': 313, 'x_R32': 0.9, 'x_emimTf2N': 0.09999999999999998}\n",
      "2022-10-18 19:22:36 [INFO] idaes.init.fs.state_block: Property package initialization: optimal - Optimal Solution Found.\n",
      "{'pressure': 549300, 'temperature': 333, 'x_R32': 0.1, 'x_emimTf2N': 0.9}\n",
      "2022-10-18 19:22:36 [INFO] idaes.init.fs.state_block: Property package initialization: optimal - Optimal Solution Found.\n",
      "{'pressure': 549300, 'temperature': 333, 'x_R32': 0.3, 'x_emimTf2N': 0.7}\n",
      "2022-10-18 19:22:37 [INFO] idaes.init.fs.state_block: Property package initialization: optimal - Optimal Solution Found.\n",
      "{'pressure': 549300, 'temperature': 333, 'x_R32': 0.5, 'x_emimTf2N': 0.5}\n",
      "2022-10-18 19:22:38 [INFO] idaes.init.fs.state_block: Property package initialization: optimal - Optimal Solution Found.\n",
      "{'pressure': 549300, 'temperature': 333, 'x_R32': 0.7, 'x_emimTf2N': 0.30000000000000004}\n",
      "2022-10-18 19:22:38 [INFO] idaes.init.fs.state_block: Property package initialization: optimal - Optimal Solution Found.\n",
      "{'pressure': 549300, 'temperature': 333, 'x_R32': 0.9, 'x_emimTf2N': 0.09999999999999998}\n",
      "2022-10-18 19:22:39 [INFO] idaes.init.fs.state_block: Property package initialization: optimal - Optimal Solution Found.\n",
      "{'pressure': 549300, 'temperature': 353, 'x_R32': 0.1, 'x_emimTf2N': 0.9}\n",
      "2022-10-18 19:22:39 [INFO] idaes.init.fs.state_block: Property package initialization: optimal - Optimal Solution Found.\n",
      "{'pressure': 549300, 'temperature': 353, 'x_R32': 0.3, 'x_emimTf2N': 0.7}\n",
      "2022-10-18 19:22:40 [INFO] idaes.init.fs.state_block: Property package initialization: optimal - Optimal Solution Found.\n",
      "{'pressure': 549300, 'temperature': 353, 'x_R32': 0.5, 'x_emimTf2N': 0.5}\n",
      "2022-10-18 19:22:40 [INFO] idaes.init.fs.state_block: Property package initialization: optimal - Optimal Solution Found.\n",
      "{'pressure': 549300, 'temperature': 353, 'x_R32': 0.7, 'x_emimTf2N': 0.30000000000000004}\n",
      "2022-10-18 19:22:41 [INFO] idaes.init.fs.state_block: Property package initialization: optimal - Optimal Solution Found.\n",
      "{'pressure': 549300, 'temperature': 353, 'x_R32': 0.9, 'x_emimTf2N': 0.09999999999999998}\n",
      "2022-10-18 19:22:41 [INFO] idaes.init.fs.state_block: Property package initialization: optimal - Optimal Solution Found.\n",
      "{'pressure': 549300, 'temperature': 360, 'x_R32': 0.1, 'x_emimTf2N': 0.9}\n",
      "2022-10-18 19:22:42 [INFO] idaes.init.fs.state_block: Property package initialization: optimal - Optimal Solution Found.\n",
      "{'pressure': 549300, 'temperature': 360, 'x_R32': 0.3, 'x_emimTf2N': 0.7}\n",
      "2022-10-18 19:22:42 [INFO] idaes.init.fs.state_block: Property package initialization: optimal - Optimal Solution Found.\n",
      "{'pressure': 549300, 'temperature': 360, 'x_R32': 0.5, 'x_emimTf2N': 0.5}\n",
      "2022-10-18 19:22:43 [INFO] idaes.init.fs.state_block: Property package initialization: optimal - Optimal Solution Found.\n",
      "{'pressure': 549300, 'temperature': 360, 'x_R32': 0.7, 'x_emimTf2N': 0.30000000000000004}\n",
      "2022-10-18 19:22:43 [INFO] idaes.init.fs.state_block: Property package initialization: optimal - Optimal Solution Found.\n",
      "{'pressure': 549300, 'temperature': 360, 'x_R32': 0.9, 'x_emimTf2N': 0.09999999999999998}\n",
      "2022-10-18 19:22:44 [INFO] idaes.init.fs.state_block: Property package initialization: optimal - Optimal Solution Found.\n"
     ]
    }
   ],
   "source": [
    "# model list \n",
    "#T_range = [273, 360]\n",
    "#x_range = [0.1, 0.9]\n",
    "\n",
    "T_range = [273, 293, 313, 333, 353, 360]\n",
    "x_range = [0.1, 0.3, 0.5, 0.7, 0.9]\n",
    "\n",
    "data_exp = {'pressure': 549300}\n",
    "\n",
    "fixed_model_set = []\n",
    "\n",
    "for i in range(len(T_range)):\n",
    "    for j in range(len(x_range)):\n",
    "        data_exp['temperature'] = T_range[i]\n",
    "        data_exp['x_R32'] = x_range[j]\n",
    "        data_exp['x_emimTf2N'] = 1-x_range[j]\n",
    "    \n",
    "        print(data_exp)\n",
    "        \n",
    "        model = model_creation.create_model(data_exp)\n",
    "        \n",
    "        fixed_model_set.append(model)"
   ]
  },
  {
   "cell_type": "code",
   "execution_count": 11,
   "id": "fdd8b65f",
   "metadata": {},
   "outputs": [],
   "source": [
    "design_range_values = [T_range, x_range]"
   ]
  },
  {
   "cell_type": "code",
   "execution_count": 12,
   "id": "3141b9f3",
   "metadata": {},
   "outputs": [
    {
     "name": "stdout",
     "output_type": "stream",
     "text": [
      "parameter set: {'fs.properties.PR_kappa_A[\"R32\", \"emimTf2N\"]': 0.3212980565927437, 'fs.properties.PR_kappa_A[\"emimTf2N\", \"R32\"]': 0.8429816989080334, 'fs.properties.PR_kappa_B[\"R32\", \"emimTf2N\"]': -0.5532108602621684, 'fs.properties.PR_kappa_B[\"emimTf2N\", \"R32\"]': -0.6100855368792957, 'fs.properties.PR_kappa_C[\"R32\", \"emimTf2N\"]': 0.1862684932461356, 'fs.properties.PR_kappa_C[\"emimTf2N\", \"R32\"]': -0.3935451934926509}\n",
      "All measurements are flattened.\n",
      "Flatten measurement name: ['fs.state_block.pressure']\n",
      "30  design vectors will be searched.\n",
      "=======This is the  1 th iteration=======\n",
      "Design variable values of this iteration: {'fs.F101.inlet.temperature': {0: 1}, 'fs.F101.inlet.pressure': {0: 1}, 'fs.F101.inlet.mole_frac_comp[0,\"R32\"]': {0: 1}, \"fs.F101.inlet.mole_frac_comp[0,'emimTf2N']\": {0: 1}}\n",
      "Sensitivity information is scaled by its corresponding parameter nominal value.\n",
      "After practice: {'fs.state_block.pressure': [0]}\n",
      "name: fs.state_block.pressure\n",
      "Build time with direct kaug mode [s]: 9.5367431640625e-06\n",
      "Solve time with direct kaug mode [s]: 0.6322047710418701\n",
      "Total wall clock time [s]: 0.6331026554107666\n",
      "Existed information has been added.\n",
      "FIM: [[ 4.56114734e+13 -1.07973879e+13  8.35022442e+13 -7.99030664e+12\n",
      "   3.00530536e+13 -5.29480130e+12]\n",
      " [-1.07973879e+13  3.88885330e+12 -1.90137104e+13  2.79057501e+12\n",
      "  -6.57802626e+12  1.78983069e+12]\n",
      " [ 8.35022442e+13 -1.90137104e+13  1.53681822e+14 -1.41359154e+13\n",
      "   5.56013832e+13 -9.41252700e+12]\n",
      " [-7.99030664e+12  2.79057501e+12 -1.41359154e+13  2.00807837e+12\n",
      "  -4.91415523e+12  1.29183226e+12]\n",
      " [ 3.00530536e+13 -6.57802626e+12  5.56013832e+13 -4.91415523e+12\n",
      "   2.02198759e+13 -3.28853014e+12]\n",
      " [-5.29480130e+12  1.78983069e+12 -9.41252700e+12  1.29183226e+12\n",
      "  -3.28853014e+12  8.33750269e+11]]\n",
      "Trace: 226243853558111.2\n",
      "Determinant: 1.2036463231098248e+61\n",
      "Condition number: 271640773.7759573\n",
      "Minimal eigen value: 822789.3091272657\n",
      "Eigen values: [2.23503125e+14 2.60451064e+12 1.34002404e+11 2.12693219e+09\n",
      " 8.81727297e+07 8.22789309e+05]\n",
      "Eigen vectors: [[ 0.45108637 -0.15229304 -0.73742647 -0.04018342  0.47631133  0.03229447]\n",
      " [-0.10432762  0.74654026 -0.17202012  0.56159728  0.09975658  0.27723562]\n",
      " [ 0.82902178  0.16465557  0.13904454  0.08620929 -0.50740779 -0.03719336]\n",
      " [-0.07744113  0.50464309 -0.17591671 -0.36088986 -0.01656796 -0.76018126]\n",
      " [ 0.29952004  0.21599202  0.59396378 -0.19806601  0.68457171  0.05453122]\n",
      " [-0.0514815   0.30175456 -0.15342176 -0.7114001  -0.19183472  0.58297936]]\n",
      "This is the  2  run out of  30 run.\n",
      "The code has run 0.6374 seconds.\n",
      "Estimated remaining time: 8.9242 seconds\n",
      "=======This is the  2 th iteration=======\n",
      "Design variable values of this iteration: {'fs.F101.inlet.temperature': {0: 1}, 'fs.F101.inlet.pressure': {0: 1}, 'fs.F101.inlet.mole_frac_comp[0,\"R32\"]': {0: 1}, \"fs.F101.inlet.mole_frac_comp[0,'emimTf2N']\": {0: 1}}\n",
      "Sensitivity information is scaled by its corresponding parameter nominal value.\n",
      "After practice: {'fs.state_block.pressure': [0]}\n",
      "name: fs.state_block.pressure\n",
      "Build time with direct kaug mode [s]: 6.67572021484375e-06\n",
      "Solve time with direct kaug mode [s]: 0.46965932846069336\n",
      "Total wall clock time [s]: 0.47022247314453125\n",
      "Existed information has been added.\n",
      "FIM: [[ 4.58823412e+13 -1.08343315e+13  8.39293286e+13 -8.01478101e+12\n",
      "   3.01847385e+13 -5.30925287e+12]\n",
      " [-1.08343315e+13  3.89355302e+12 -1.90719609e+13  2.79368833e+12\n",
      "  -6.59598704e+12  1.79166895e+12]\n",
      " [ 8.39293286e+13 -1.90719609e+13  1.54355217e+14 -1.41745051e+13\n",
      "   5.58090142e+13 -9.43531337e+12]\n",
      " [-8.01478101e+12  2.79368833e+12 -1.41745051e+13  2.01014079e+12\n",
      "  -4.92605388e+12  1.29305002e+12]\n",
      " [ 3.01847385e+13 -6.59598704e+12  5.58090142e+13 -4.92605388e+12\n",
      "   2.02838957e+13 -3.29555603e+12]\n",
      " [-5.30925287e+12  1.79166895e+12 -9.43531337e+12  1.29305002e+12\n",
      "  -3.29555603e+12  8.34469293e+11]]\n",
      "Trace: 227259617383465.28\n",
      "Determinant: 1.486573243536286e+61\n",
      "Condition number: 272845042.5331013\n",
      "Minimal eigen value: 822847.3822239322\n",
      "Eigen values: [2.24509829e+14 2.60466723e+12 1.42881896e+11 2.13726309e+09\n",
      " 1.01168247e+08 8.22847382e+05]\n",
      "Eigen vectors: [[ 0.45138961 -0.15165239 -0.73863647 -0.04129708  0.47421037  0.0329274 ]\n",
      " [-0.10417574  0.74669008 -0.17031106  0.5614316   0.10230968  0.27734956]\n",
      " [ 0.82897197  0.16441155  0.14099525  0.08892876 -0.50651092 -0.03785512]\n",
      " [-0.07730315  0.50482719 -0.17630486 -0.36038439 -0.01818812 -0.76018591]\n",
      " [ 0.29930789  0.21544534  0.59213813 -0.20352757  0.68474573  0.05541054]\n",
      " [-0.0513742   0.30192241 -0.15433624 -0.70984534 -0.19722174  0.58275815]]\n",
      "This is the  3  run out of  30 run.\n",
      "The code has run 1.1107 seconds.\n",
      "Estimated remaining time: 9.9963 seconds\n",
      "=======This is the  3 th iteration=======\n",
      "Design variable values of this iteration: {'fs.F101.inlet.temperature': {0: 1}, 'fs.F101.inlet.pressure': {0: 1}, 'fs.F101.inlet.mole_frac_comp[0,\"R32\"]': {0: 1}, \"fs.F101.inlet.mole_frac_comp[0,'emimTf2N']\": {0: 1}}\n",
      "Sensitivity information is scaled by its corresponding parameter nominal value.\n",
      "After practice: {'fs.state_block.pressure': [0]}\n",
      "name: fs.state_block.pressure\n",
      "Build time with direct kaug mode [s]: 5.9604644775390625e-06\n",
      "Solve time with direct kaug mode [s]: 0.5358078479766846\n",
      "Total wall clock time [s]: 0.5367476940155029\n",
      "Existed information has been added.\n",
      "FIM: [[ 4.63095095e+13 -1.09977334e+13  8.46028351e+13 -8.12305431e+12\n",
      "   3.03923975e+13 -5.37319942e+12]\n",
      " [-1.09977334e+13  3.94414365e+12 -1.93295960e+13  2.82720964e+12\n",
      "  -6.67542338e+12  1.81146613e+12]\n",
      " [ 8.46028351e+13 -1.93295960e+13  1.55417120e+14 -1.43452192e+13\n",
      "   5.61364254e+13 -9.53613766e+12]\n",
      " [-8.12305431e+12  2.82720964e+12 -1.43452192e+13  2.03235198e+12\n",
      "  -4.97868996e+12  1.30616761e+12]\n",
      " [ 3.03923975e+13 -6.67542338e+12  5.61364254e+13 -4.97868996e+12\n",
      "   2.03848448e+13 -3.32664307e+12]\n",
      " [-5.37319942e+12  1.81146613e+12 -9.53613766e+12  1.30616761e+12\n",
      "  -3.32664307e+12  8.42216341e+11]]\n",
      "Trace: 228930185958057.0\n",
      "Determinant: 1.7231013305604597e+61\n",
      "Condition number: 260804823.602141\n",
      "Minimal eigen value: 867197.3108821736\n",
      "Eigen values: [2.26169242e+14 2.61337824e+12 1.45228327e+11 2.23317653e+09\n",
      " 1.03653195e+08 8.67197311e+05]\n",
      "Eigen vectors: [[ 0.45180253 -0.15582662 -0.73805058 -0.04366624  0.4728422   0.03724774]\n",
      " [-0.10483413  0.74577945 -0.17144485  0.56086777  0.10825508  0.27773668]\n",
      " [ 0.82875794  0.16617044  0.14111647  0.09549723 -0.50469421 -0.04240093]\n",
      " [-0.0776788   0.50351486 -0.18171278 -0.3600069  -0.01685615 -0.75995405]\n",
      " [ 0.29891928  0.21906896  0.58928661 -0.21727793  0.68147281  0.06150165]\n",
      " [-0.05155412  0.30066598 -0.16029943 -0.70539792 -0.21282743  0.58169106]]\n",
      "This is the  4  run out of  30 run.\n",
      "The code has run 1.6550 seconds.\n",
      "Estimated remaining time: 10.7576 seconds\n",
      "=======This is the  4 th iteration=======\n",
      "Design variable values of this iteration: {'fs.F101.inlet.temperature': {0: 1}, 'fs.F101.inlet.pressure': {0: 1}, 'fs.F101.inlet.mole_frac_comp[0,\"R32\"]': {0: 1}, \"fs.F101.inlet.mole_frac_comp[0,'emimTf2N']\": {0: 1}}\n",
      "Sensitivity information is scaled by its corresponding parameter nominal value.\n",
      "After practice: {'fs.state_block.pressure': [0]}\n",
      "name: fs.state_block.pressure\n",
      "Build time with direct kaug mode [s]: 6.9141387939453125e-06\n",
      "Solve time with direct kaug mode [s]: 0.5269086360931396\n",
      "Total wall clock time [s]: 0.5283169746398926\n",
      "Existed information has been added.\n",
      "FIM: [[ 4.65303410e+13 -1.13401839e+13  8.49510130e+13 -8.34997995e+12\n",
      "   3.04997489e+13 -5.50722899e+12]\n",
      " [-1.13401839e+13  4.19869515e+12 -1.98695349e+13  2.99588481e+12\n",
      "  -6.84190162e+12  1.91108874e+12]\n",
      " [ 8.49510130e+13 -1.98695349e+13  1.55966081e+14 -1.47030110e+13\n",
      "   5.63056829e+13 -9.74746097e+12]\n",
      " [-8.34997995e+12  2.99588481e+12 -1.47030110e+13  2.14412234e+12\n",
      "  -5.08900717e+12  1.37218121e+12]\n",
      " [ 3.04997489e+13 -6.84190162e+12  5.63056829e+13 -5.08900717e+12\n",
      "   2.04370308e+13 -3.39179995e+12]\n",
      " [-5.50722899e+12  1.91108874e+12 -9.74746097e+12  1.37218121e+12\n",
      "  -3.39179995e+12  8.81205173e+11]]\n",
      "Trace: 230157475224487.16\n",
      "Determinant: 2.4632695183257382e+61\n",
      "Condition number: 183069612.03719953\n",
      "Minimal eigen value: 1241113.4318505668\n",
      "Eigen values: [2.27210154e+14 2.81142891e+12 1.33108790e+11 2.69521308e+09\n",
      " 8.66055596e+07 1.24111343e+06]\n",
      "Eigen vectors: [[ 0.45185752  0.15485934  0.73654747 -0.04057857  0.47575741  0.03673498]\n",
      " [-0.10745183 -0.74740543  0.17330539  0.56014207  0.10361745  0.27442443]\n",
      " [ 0.82829573 -0.1692603  -0.13856002  0.09017218 -0.50613644 -0.04210867]\n",
      " [-0.07937613 -0.50177528  0.18074317 -0.3667557  -0.01385634 -0.75799153]\n",
      " [ 0.29857165 -0.21959727 -0.59195122 -0.20885995  0.68177368  0.06154629]\n",
      " [-0.05253074 -0.29791487  0.1587131  -0.70592563 -0.20429604  0.58585794]]\n",
      "This is the  5  run out of  30 run.\n",
      "The code has run 2.1886 seconds.\n",
      "Estimated remaining time: 10.9432 seconds\n",
      "=======This is the  5 th iteration=======\n",
      "Design variable values of this iteration: {'fs.F101.inlet.temperature': {0: 1}, 'fs.F101.inlet.pressure': {0: 1}, 'fs.F101.inlet.mole_frac_comp[0,\"R32\"]': {0: 1}, \"fs.F101.inlet.mole_frac_comp[0,'emimTf2N']\": {0: 1}}\n",
      "Sensitivity information is scaled by its corresponding parameter nominal value.\n",
      "After practice: {'fs.state_block.pressure': [0]}\n"
     ]
    },
    {
     "name": "stdout",
     "output_type": "stream",
     "text": [
      "name: fs.state_block.pressure\n",
      "Build time with direct kaug mode [s]: 5.9604644775390625e-06\n",
      "Solve time with direct kaug mode [s]: 0.49323320388793945\n",
      "Total wall clock time [s]: 0.49382805824279785\n",
      "Existed information has been added.\n",
      "FIM: [[ 4.58893995e+13 -1.12354961e+13  8.39404665e+13 -8.28060852e+12\n",
      "   3.01881755e+13 -5.46625611e+12]\n",
      " [-1.12354961e+13  4.50335272e+12 -1.97045074e+13  3.19775595e+12\n",
      "  -6.79102920e+12  2.03031387e+12]\n",
      " [ 8.39404665e+13 -1.97045074e+13  1.54372793e+14 -1.45936555e+13\n",
      "   5.58144378e+13 -9.68287227e+12]\n",
      " [-8.28060852e+12  3.19775595e+12 -1.45936555e+13  2.27788550e+12\n",
      "  -5.05529653e+12  1.45118175e+12]\n",
      " [ 3.01881755e+13 -6.79102920e+12  5.58144378e+13 -5.05529653e+12\n",
      "   2.02855694e+13 -3.37188942e+12]\n",
      " [-5.46625611e+12  2.03031387e+12 -9.68287227e+12  1.45118175e+12\n",
      "  -3.37188942e+12  9.27862908e+11]]\n",
      "Trace: 228256863001733.3\n",
      "Determinant: 4.82501178588089e+61\n",
      "Condition number: 155230821.55467254\n",
      "Minimal eigen value: 1448342.9646132595\n",
      "Eigen values: [2.24827468e+14 3.27747247e+12 1.48835986e+11 2.98297460e+09\n",
      " 1.01831241e+08 1.44834296e+06]\n",
      "Eigen vectors: [[ 0.45113787  0.12229015  0.74344328 -0.03563885  0.47675298  0.01575731]\n",
      " [-0.10795495 -0.75705611  0.15963666  0.55776248  0.08022285  0.26868794]\n",
      " [ 0.82838751 -0.16314768 -0.14417795  0.06354835 -0.51178022 -0.02030515]\n",
      " [-0.07979621 -0.50707069  0.14615467 -0.37752861 -0.02556149 -0.75628662]\n",
      " [ 0.29905705 -0.19427702 -0.6038935  -0.14892954  0.6963315   0.03280846]\n",
      " [-0.05283874 -0.30071539  0.12236172 -0.72033647 -0.13718945  0.59506332]]\n",
      "This is the  6  run out of  30 run.\n",
      "The code has run 2.6873 seconds.\n",
      "Estimated remaining time: 10.7492 seconds\n",
      "=======This is the  6 th iteration=======\n",
      "Design variable values of this iteration: {'fs.F101.inlet.temperature': {0: 1}, 'fs.F101.inlet.pressure': {0: 1}, 'fs.F101.inlet.mole_frac_comp[0,\"R32\"]': {0: 1}, \"fs.F101.inlet.mole_frac_comp[0,'emimTf2N']\": {0: 1}}\n",
      "Sensitivity information is scaled by its corresponding parameter nominal value.\n",
      "After practice: {'fs.state_block.pressure': [0]}\n",
      "name: fs.state_block.pressure\n",
      "Build time with direct kaug mode [s]: 7.3909759521484375e-06\n",
      "Solve time with direct kaug mode [s]: 0.562424898147583\n",
      "Total wall clock time [s]: 0.5630061626434326\n",
      "Existed information has been added.\n",
      "FIM: [[ 4.56536626e+13 -1.07988382e+13  8.35778152e+13 -7.99139456e+12\n",
      "   3.00793501e+13 -5.29552405e+12]\n",
      " [-1.07988382e+13  3.88890313e+12 -1.90163036e+13  2.79061232e+12\n",
      "  -6.57892723e+12  1.78985544e+12]\n",
      " [ 8.35778152e+13 -1.90163036e+13  1.53816294e+14 -1.41378483e+13\n",
      "   5.56479149e+13 -9.41380420e+12]\n",
      " [-7.99139456e+12  2.79061232e+12 -1.41378483e+13  2.00810614e+12\n",
      "  -4.91482318e+12  1.29185059e+12]\n",
      " [ 3.00793501e+13 -6.57892723e+12  5.56479149e+13 -4.91482318e+12\n",
      "   2.02359010e+13 -3.28896949e+12]\n",
      " [-5.29552405e+12  1.78985544e+12 -9.41380420e+12  1.29185059e+12\n",
      "  -3.28896949e+12  8.33762311e+11]]\n",
      "Trace: 226436629163075.8\n",
      "Determinant: 1.1728747493281288e+61\n",
      "Condition number: 271805388.73210216\n",
      "Minimal eigen value: 822991.2561900296\n",
      "Eigen values: [2.23693458e+14 2.60673595e+12 1.34220011e+11 2.12852245e+09\n",
      " 8.55481424e+07 8.22991256e+05]\n",
      "Eigen vectors: [[ 0.45110399 -0.15199319 -0.73729187 -0.03988741  0.47660782  0.03252605]\n",
      " [-0.10425181  0.74661582 -0.17144831  0.56168821  0.09963566  0.27727414]\n",
      " [ 0.8290318   0.16451763  0.13897426  0.08610292 -0.50745596 -0.03743148]\n",
      " [-0.07738497  0.50474296 -0.17581416 -0.36083853 -0.0160876  -0.76017908]\n",
      " [ 0.29951309  0.21567821  0.59430221 -0.19815631  0.68432886  0.05484329]\n",
      " [-0.05144416  0.30185143 -0.15357926 -0.71135875 -0.19194108  0.58290649]]\n",
      "This is the  7  run out of  30 run.\n",
      "The code has run 3.2540 seconds.\n",
      "Estimated remaining time: 10.6916 seconds\n",
      "=======This is the  7 th iteration=======\n",
      "Design variable values of this iteration: {'fs.F101.inlet.temperature': {0: 1}, 'fs.F101.inlet.pressure': {0: 1}, 'fs.F101.inlet.mole_frac_comp[0,\"R32\"]': {0: 1}, \"fs.F101.inlet.mole_frac_comp[0,'emimTf2N']\": {0: 1}}\n",
      "Sensitivity information is scaled by its corresponding parameter nominal value.\n",
      "After practice: {'fs.state_block.pressure': [0]}\n",
      "name: fs.state_block.pressure\n",
      "Build time with direct kaug mode [s]: 6.9141387939453125e-06\n",
      "Solve time with direct kaug mode [s]: 0.48551487922668457\n",
      "Total wall clock time [s]: 0.4861738681793213\n",
      "Existed information has been added.\n",
      "FIM: [[ 4.63068598e+13 -1.08887729e+13  8.46831684e+13 -8.05534211e+12\n",
      "   3.04451334e+13 -5.33605175e+12]\n",
      " [-1.08887729e+13  3.90053190e+12 -1.91684939e+13  2.79888059e+12\n",
      "  -6.62929040e+12  1.79509539e+12]\n",
      " [ 8.46831684e+13 -1.91684939e+13  1.55686795e+14 -1.42460624e+13\n",
      "   5.62669007e+13 -9.48238648e+12]\n",
      " [-8.05534211e+12  2.79888059e+12 -1.42460624e+13  2.01398504e+12\n",
      "  -4.95063364e+12  1.29557629e+12]\n",
      " [ 3.04451334e+13 -6.62929040e+12  5.62669007e+13 -4.95063364e+12\n",
      "   2.04407357e+13 -3.31166490e+12]\n",
      " [-5.33605175e+12  1.79509539e+12 -9.48238648e+12  1.29557629e+12\n",
      "  -3.31166490e+12  8.36123445e+11]]\n",
      "Trace: 229185030367317.62\n",
      "Determinant: 1.2783525326817971e+61\n",
      "Condition number: 275075786.5547931\n",
      "Minimal eigen value: 823155.8159457437\n",
      "Eigen values: [2.26430234e+14 2.60933552e+12 1.43240652e+11 2.13384643e+09\n",
      " 8.59953155e+07 8.23155816e+05]\n",
      "Eigen vectors: [[ 0.45155604 -0.15054225 -0.73759454 -0.03906122  0.47623452  0.0326094 ]\n",
      " [-0.10380016  0.74701731 -0.16898994  0.56192706  0.0999314   0.27728101]\n",
      " [ 0.82900473  0.1638147   0.14029477  0.08628567 -0.50732718 -0.03751258]\n",
      " [-0.07702457  0.50518846 -0.17532316 -0.36053435 -0.01633321 -0.76017224]\n",
      " [ 0.29920053  0.21423354  0.59435932 -0.19961699  0.68443713  0.05494452]\n",
      " [-0.05118681  0.30225077 -0.15398981 -0.71093953 -0.19264621  0.58289274]]\n",
      "This is the  8  run out of  30 run.\n",
      "The code has run 3.7429 seconds.\n",
      "Estimated remaining time: 10.2929 seconds\n",
      "=======This is the  8 th iteration=======\n",
      "Design variable values of this iteration: {'fs.F101.inlet.temperature': {0: 1}, 'fs.F101.inlet.pressure': {0: 1}, 'fs.F101.inlet.mole_frac_comp[0,\"R32\"]': {0: 1}, \"fs.F101.inlet.mole_frac_comp[0,'emimTf2N']\": {0: 1}}\n",
      "Sensitivity information is scaled by its corresponding parameter nominal value.\n",
      "After practice: {'fs.state_block.pressure': [0]}\n",
      "name: fs.state_block.pressure\n",
      "Build time with direct kaug mode [s]: 6.67572021484375e-06\n",
      "Solve time with direct kaug mode [s]: 0.5197970867156982\n",
      "Total wall clock time [s]: 0.5203452110290527\n",
      "Existed information has been added.\n",
      "FIM: [[ 4.75715705e+13 -1.13551334e+13  8.68232792e+13 -8.38700452e+12\n",
      "   3.11533195e+13 -5.54628531e+12]\n",
      " [-1.13551334e+13  4.04532011e+12 -1.99576640e+13  2.90184757e+12\n",
      "  -6.89043773e+12  1.86036245e+12]\n",
      " [ 8.68232792e+13 -1.99576640e+13  1.59308234e+14 -1.48072978e+13\n",
      "   5.74652748e+13 -9.83814139e+12]\n",
      " [-8.38700452e+12  2.90184757e+12 -1.48072978e+13  2.08721061e+12\n",
      "  -5.13635424e+12  1.34199134e+12]\n",
      " [ 3.11533195e+13 -6.89043773e+12  5.74652748e+13 -5.13635424e+12\n",
      "   2.08372908e+13 -3.42938913e+12]\n",
      " [-5.54628531e+12  1.86036245e+12 -9.83814139e+12  1.34199134e+12\n",
      "  -3.42938913e+12  8.65544273e+11]]\n",
      "Trace: 234715170715865.78\n",
      "Determinant: 1.300984773030254e+61\n",
      "Condition number: 280231587.84436864\n",
      "Minimal eigen value: 827705.6875895131\n",
      "Eigen values: [2.31949279e+14 2.62281210e+12 1.40864522e+11 2.12797743e+09\n",
      " 8.61920925e+07 8.27705688e+05]\n",
      "Eigen vectors: [[ 0.45220719 -0.15572418 -0.73609016 -0.03977006  0.47625446  0.03209277]\n",
      " [-0.10552965  0.74537059 -0.17609593  0.56163543  0.09996899  0.27721516]\n",
      " [ 0.82855063  0.16704032  0.13911254  0.08619358 -0.5073956  -0.03700617]\n",
      " [-0.07817755  0.50345784 -0.17909854 -0.36078268 -0.0168635  -0.76019318]\n",
      " [ 0.29845387  0.21990793  0.59287297 -0.1985461   0.68461469  0.05431026]\n",
      " [-0.05186094  0.30073394 -0.15567451 -0.71131566 -0.1917184   0.58301722]]\n",
      "This is the  9  run out of  30 run.\n",
      "The code has run 4.2675 seconds.\n",
      "Estimated remaining time: 9.9576 seconds\n",
      "=======This is the  9 th iteration=======\n",
      "Design variable values of this iteration: {'fs.F101.inlet.temperature': {0: 1}, 'fs.F101.inlet.pressure': {0: 1}, 'fs.F101.inlet.mole_frac_comp[0,\"R32\"]': {0: 1}, \"fs.F101.inlet.mole_frac_comp[0,'emimTf2N']\": {0: 1}}\n",
      "Sensitivity information is scaled by its corresponding parameter nominal value.\n",
      "After practice: {'fs.state_block.pressure': [0]}\n"
     ]
    },
    {
     "name": "stdout",
     "output_type": "stream",
     "text": [
      "name: fs.state_block.pressure\n",
      "Build time with direct kaug mode [s]: 6.9141387939453125e-06\n",
      "Solve time with direct kaug mode [s]: 0.4974040985107422\n",
      "Total wall clock time [s]: 0.49796295166015625\n",
      "Existed information has been added.\n",
      "FIM: [[ 4.87033302e+13 -1.26210276e+13  8.87384051e+13 -9.28730958e+12\n",
      "   3.17870529e+13 -6.11699243e+12]\n",
      " [-1.26210276e+13  4.95341374e+12 -2.20997861e+13  3.54767509e+12\n",
      "  -7.59929233e+12  2.26974918e+12]\n",
      " [ 8.87384051e+13 -2.20997861e+13  1.62548947e+14 -1.63307770e+13\n",
      "   5.85376573e+13 -1.08038812e+13]\n",
      " [-9.28730958e+12  3.54767509e+12 -1.63307770e+13  2.54651697e+12\n",
      "  -5.64049228e+12  1.63314327e+12]\n",
      " [ 3.17870529e+13 -7.59929233e+12  5.85376573e+13 -5.64049228e+12\n",
      "   2.11921523e+13 -3.74896433e+12]\n",
      " [-6.11699243e+12  2.26974918e+12 -1.08038812e+13  1.63314327e+12\n",
      "  -3.74896433e+12  1.05010398e+12]]\n",
      "Trace: 240994463865788.94\n",
      "Determinant: 1.8486603032311946e+61\n",
      "Condition number: 252841630.94897938\n",
      "Minimal eigen value: 939649.4302471492\n",
      "Eigen values: [2.37582494e+14 3.27289534e+12 1.36824781e+11 2.16284021e+09\n",
      " 8.54979119e+07 9.39649430e+05]\n",
      "Eigen vectors: [[ 0.45215032 -0.13189287 -0.740513   -0.03786656  0.47679042  0.03227794]\n",
      " [-0.11463291  0.74722491 -0.15575695  0.56369385  0.09953388  0.27676028]\n",
      " [ 0.82689443  0.17313055  0.14126235  0.08553373 -0.507566   -0.03710929]\n",
      " [-0.0845741   0.50752323 -0.16728103 -0.36027473 -0.016389   -0.75974862]\n",
      " [ 0.29730795  0.20886307  0.59754369 -0.19885109  0.68441612  0.0543926 ]\n",
      " [-0.05585863  0.30509246 -0.14961218 -0.71004205 -0.19091001  0.58378785]]\n",
      "This is the  10  run out of  30 run.\n",
      "The code has run 4.7692 seconds.\n",
      "Estimated remaining time: 9.5384 seconds\n",
      "=======This is the  10 th iteration=======\n",
      "Design variable values of this iteration: {'fs.F101.inlet.temperature': {0: 1}, 'fs.F101.inlet.pressure': {0: 1}, 'fs.F101.inlet.mole_frac_comp[0,\"R32\"]': {0: 1}, \"fs.F101.inlet.mole_frac_comp[0,'emimTf2N']\": {0: 1}}\n",
      "Sensitivity information is scaled by its corresponding parameter nominal value.\n",
      "After practice: {'fs.state_block.pressure': [0]}\n",
      "name: fs.state_block.pressure\n",
      "Build time with direct kaug mode [s]: 5.4836273193359375e-06\n",
      "Solve time with direct kaug mode [s]: 0.5246796607971191\n",
      "Total wall clock time [s]: 0.5252401828765869\n",
      "Existed information has been added.\n",
      "FIM: [[ 4.67643086e+13 -1.25254593e+13  8.54572948e+13 -9.21934051e+12\n",
      "   3.07013147e+13 -6.07390602e+12]\n",
      " [-1.25254593e+13  6.40395243e+12 -2.19381755e+13  4.57927103e+12\n",
      "  -7.54584916e+12  2.92366407e+12]\n",
      " [ 8.54572948e+13 -2.19381755e+13  1.56996825e+14 -1.62158380e+13\n",
      "   5.67004282e+13 -1.07310199e+13]\n",
      " [-9.21934051e+12  4.57927103e+12 -1.62158380e+13  3.28016867e+12\n",
      "  -5.60248297e+12  2.09819529e+12]\n",
      " [ 3.07013147e+13 -7.54584916e+12  5.67004282e+13 -5.60248297e+12\n",
      "   2.05842027e+13 -3.72486977e+12]\n",
      " [-6.07390602e+12  2.92366407e+12 -1.07310199e+13  2.09819529e+12\n",
      "  -3.72486977e+12  1.34489424e+12]]\n",
      "Trace: 235374351169858.28\n",
      "Determinant: 4.9478831919084675e+61\n",
      "Condition number: 229109820.63045037\n",
      "Minimal eigen value: 1002475.1882461846\n",
      "Eigen values: [2.29676911e+14 5.49215049e+12 2.02964068e+11 2.23894072e+09\n",
      " 8.61041901e+07 1.00247519e+06]\n",
      "Eigen vectors: [[ 0.45060876 -0.05024133 -0.75249275 -0.02955343  0.4754867   0.03494573]\n",
      " [-0.1191081   0.75659785 -0.0678917   0.56755283  0.10031384  0.2767392 ]\n",
      " [ 0.82638346  0.161422    0.15858794  0.08613291 -0.50684403 -0.03966651]\n",
      " [-0.08785991  0.52331778 -0.11816916 -0.35733916 -0.01485838 -0.75930438]\n",
      " [ 0.29794291  0.14763625  0.61167956 -0.21007516  0.68398591  0.05756182]\n",
      " [-0.05801758  0.32143503 -0.12601351 -0.70552721 -0.19723376  0.58375018]]\n",
      "This is the  11  run out of  30 run.\n",
      "The code has run 5.2973 seconds.\n",
      "Estimated remaining time: 9.1498 seconds\n",
      "=======This is the  11 th iteration=======\n",
      "Design variable values of this iteration: {'fs.F101.inlet.temperature': {0: 1}, 'fs.F101.inlet.pressure': {0: 1}, 'fs.F101.inlet.mole_frac_comp[0,\"R32\"]': {0: 1}, \"fs.F101.inlet.mole_frac_comp[0,'emimTf2N']\": {0: 1}}\n",
      "Sensitivity information is scaled by its corresponding parameter nominal value.\n",
      "After practice: {'fs.state_block.pressure': [0]}\n",
      "name: fs.state_block.pressure\n",
      "Build time with direct kaug mode [s]: 6.67572021484375e-06\n",
