{
 "cells": [
  {
   "cell_type": "code",
   "execution_count": 1,
   "id": "08bcec6e",
   "metadata": {},
   "outputs": [
    {
     "name": "stdout",
     "output_type": "stream",
     "text": [
      "[    0.00] Initializing mpi-sppy\n"
     ]
    }
   ],
   "source": [
    "from MBDOE import *\n",
    "from generalize_functions import CEOSModels\n"
   ]
  },
  {
   "cell_type": "markdown",
   "id": "e4291a0c",
   "metadata": {},
   "source": [
    "## Choose experiments and model"
   ]
  },
  {
   "cell_type": "code",
   "execution_count": 2,
   "id": "c381361e",
   "metadata": {},
   "outputs": [],
   "source": [
    "model_option = \"PR\"\n",
    "if_poly = False\n",
    "\n",
    "if model_option==\"PR\":\n",
    "    if not if_poly:\n",
    "        from hfc32_emimtf2n_PR import configuration\n",
    "    else:\n",
    "        from hfc32_emimtf2n_PR_polynomial import configuration\n",
    "        \n",
    "elif model_option==\"SRK\":\n",
    "    if not if_poly:\n",
    "        from hfc32_emimtf2n_SRK import configuration\n",
    "    else:\n",
    "        from hfc32_emimtf2n_SRK_polynomial import configuration\n",
    "        "
   ]
  },
  {
   "cell_type": "code",
   "execution_count": 3,
   "id": "e1f87bf2",
   "metadata": {},
   "outputs": [],
   "source": [
    "# Experiments \n",
    "data_file = './emimtf2n/R32/Final_Results/MBDoE/r32_emimtf2n_subset.csv'\n",
    "\n",
    "path = './emimtf2n/R32/Final_Results/MBDoE/Params/'\n",
    "\n",
    "# Decide on model \n",
    "#para_file = path + 'PR_params_1param_Opt1.csv'\n",
    "#PR_type_opt = \"1Param_Opt1\"\n",
    "\n",
    "#para_file = path + 'PR_params_1param_Opt2.csv'\n",
    "#PR_type_opt = \"1Param_Opt2\"\n",
    "\n",
    "#para_file = path + 'PR_params_1param_Opt2_GF.csv'\n",
    "#PR_type_opt = \"1Param_Opt2\"\n",
    "\n",
    "#para_file = path + 'PR_params_3params_Opt1.csv'\n",
    "#PR_type_opt = \"3Params_Opt1\"\n",
    "\n",
    "#para_file = path + 'PR_params_3params_Opt2.csv'\n",
    "#PR_type_opt = \"3Params_Opt2\"\n",
    "\n",
    "#para_file = path + 'PR_params_linTdep.csv'\n",
    "#PR_type_opt = \"Linear\"\n",
    "\n",
    "#para_file = path + 'PR_params_noTdep.csv'\n",
    "#PR_type_opt = \"No\"\n",
    "\n",
    "#para_file = path + 'PR_params_polyTdep.csv'\n",
    "#PR_type_opt = \"Polynomial\"\n",
    "\n",
    "# important model\n",
    "para_file = path + 'PR_params_quadTdep.csv'\n",
    "PR_type_opt = \"Quadratic\"\n",
    "\n",
    "#para_file = path + 'SRK_params_1param_Opt1.csv'\n",
    "#PR_type_opt = \"1Param_Opt1\"\n",
    "\n",
    "#para_file = path + 'SRK_params_1param_Opt2.csv'\n",
    "#PR_type_opt = \"1Param_Opt2\"\n",
    "\n",
    "#para_file = path + 'SRK_params_3params_Opt1.csv'\n",
    "#PR_type_opt = \"3Params_Opt1\"\n",
    "\n",
    "#para_file = path + 'SRK_params_3params_Opt2.csv'\n",
    "#PR_type_opt = \"3Params_Opt2\"\n",
    "\n",
    "#para_file = path + 'SRK_params_linTdep.csv'\n",
    "#PR_type_opt = \"Linear\"\n",
    "\n",
    "#para_file = path + 'SRK_params_noTdep.csv'\n",
    "#PR_type_opt = \"No\"\n",
    "\n",
    "\n",
    "#para_file = path + 'SRK_params_polyTdep.csv'\n",
    "#PR_type_opt = \"Polynomial\"\n",
    "\n",
    "#para_file = path + 'SRK_params_quadTdep.csv'\n",
    "#PR_type_opt = \"Quadratic\"\n",
    "\n",
    "\n",
    "\n",
    "model_creation = CEOSModels(para_file, configuration, \n",
    "                         comp_1= \"R32\", comp_2 = \"emimTf2N\", \n",
    "                         x_comp_1=\"x_R32\", x_comp_2=\"x_emimTf2N\",  Model_type = model_option, Tdep_type=PR_type_opt)"
   ]
  },
  {
   "cell_type": "markdown",
   "id": "c8d7e9af",
   "metadata": {},
   "source": [
    "## Run pyomo.doe"
   ]
  },
  {
   "cell_type": "code",
   "execution_count": 4,
   "id": "a3da3439",
   "metadata": {},
   "outputs": [
    {
     "name": "stdout",
     "output_type": "stream",
     "text": [
      "    temperature  pressure  x_R32  x_emimTf2N\n",
      "0        283.15    100100  0.136       0.864\n",
      "1        283.15    250300  0.306       0.694\n",
      "2        283.15    399300  0.448       0.552\n",
      "3        283.15    549300  0.570       0.430\n",
      "4        283.15    700400  0.672       0.328\n",
      "5        283.15    849400  0.786       0.214\n",
      "6        298.15     99800  0.095       0.905\n",
      "7        298.15    250200  0.218       0.782\n",
      "8        298.15    399400  0.325       0.675\n",
      "9        298.15    549400  0.417       0.583\n",
      "10       298.15    699500  0.499       0.501\n",
      "11       298.15    849500  0.570       0.430\n",
      "12       298.15    999700  0.643       0.357\n",
      "13       323.15    100300  0.055       0.945\n",
      "14       323.15    249700  0.133       0.867\n",
      "15       323.15    400100  0.200       0.800\n",
      "16       323.15    549500  0.264       0.736\n",
      "17       323.15    700300  0.320       0.680\n",
      "18       323.15    850400  0.368       0.632\n",
      "19       323.15   1000400  0.417       0.583\n",
      "20       348.05     99800  0.034       0.966\n",
      "21       348.05    249700  0.084       0.916\n",
      "22       348.05    399500  0.131       0.869\n",
      "23       348.05    550300  0.175       0.825\n",
      "24       348.05    699200  0.216       0.784\n",
      "25       348.05    850400  0.254       0.746\n",
      "26       348.05   1000500  0.288       0.712\n",
      "temperature       283.150\n",
      "pressure       250300.000\n",
      "x_R32               0.306\n",
      "x_emimTf2N          0.694\n",
      "Name: 1, dtype: float64\n"
     ]
    }
   ],
   "source": [
    "data_exp = pd.read_csv(data_file)\n",
    "print(data_exp)\n",
    "print(data_exp.iloc[1])"
   ]
  },
  {
   "cell_type": "code",
   "execution_count": null,
   "id": "14635489",
   "metadata": {},
   "outputs": [],
   "source": [
    "print(model_creation.param_name_dict)"
   ]
  },
  {
   "cell_type": "code",
   "execution_count": null,
   "id": "3852400b",
   "metadata": {
    "scrolled": true
   },
   "outputs": [],
   "source": [
    "mbdoe_obj = MBDOE(data_file, model_creation)\n",
    "\n",
    "exp_set = range(len(data_exp))\n",
    "#exp_set = range(12)\n",
    "#exp_set = [0,1,2,3]\n",
    "\n",
    "#exp_set = 0\n",
    "# init_T: 283-348; 323 is good; init_pressure: low mole fraction use 150000; high 399800; x_option: 0.4-0.6;0.3-0.55;\n",
    "# SRK: init_temp_option=323, init_pressure_option= 399800, init_x_c1_option = 0.5\n",
    "\n",
    "total_fim = mbdoe_obj.sumDOE(exp_set, scale_opt=True, record_name=\"SRK_polyTdep\", \n",
    "                             init_temp_option=343, \n",
    "                             init_pressure_option= 150000,\n",
    "                             init_x_c1_option = 0.4,\n",
    "                             poly_option=True)\n",
    "#total_fim = mbdoe_obj.doe(exp_set, scale=True)"
   ]
  },
  {
   "cell_type": "code",
   "execution_count": null,
   "id": "93f586ef",
   "metadata": {},
   "outputs": [],
   "source": [
    "print(total_fim)\n",
    "print(np.linalg.det(total_fim))\n",
    "print(np.trace(total_fim))\n",
    "print(np.linalg.eigvals(total_fim))"
   ]
  },
  {
   "cell_type": "markdown",
   "id": "44b63427",
   "metadata": {},
   "source": [
    "## Heatmap"
   ]
  },
  {
   "cell_type": "code",
   "execution_count": 5,
   "id": "f06cedab",
   "metadata": {
    "scrolled": false
   },
   "outputs": [
    {
     "name": "stdout",
     "output_type": "stream",
     "text": [
      "[[4557.535530992685, -1079.6186966711327, 8344.529017504288, -798.9512603441533, 3003.549094513206, -529.4333373880846], [-1079.6186966711327, 388.88133653439434, -1901.1816632190887, 279.054860245738, -657.7442271879426, 178.98151313955444], [8344.529017504288, -1901.1816632190887, 15359.201236486178, -1413.4663295880396, 5557.3688924934195, -941.178913439035], [-798.9512603441533, 279.054860245738, -1413.4663295880396, 200.80609121460168, -491.37691190048275, 129.18219737542094], [3003.549094513206, -657.7442271879426, 5557.3688924934195, -491.37691190048275, 2021.1335904074926, -328.8302607352068], [-529.4333373880846, 178.98151313955444, -941.178913439035, 129.18219737542094, -328.8302607352068, 83.37442064565272]]\n",
      "11.49965617183968\n",
      "1.0606848555792616\n"
     ]
    }
   ],
   "source": [
    "# read prior\n",
    "\n",
    "f = open('emimtf2n_FIM_info/PR_quadTdep.json')\n",
    "\n",
    "data = json.load(f)\n",
    "\n",
    "prior_info = data[0]['Total']\n",
    "#print(prior_info)\n",
    "\n",
    "for i in range(6):\n",
    "    for j in range(6):\n",
    "        prior_info[i][j] *= 10**(-10)\n",
    "\n",
    "print(prior_info)\n",
    "print(np.linalg.det(prior_info))\n",
    "print(np.log10(np.linalg.det(prior_info)))"
   ]
  },
  {
   "cell_type": "code",
   "execution_count": null,
   "id": "c5d1898d",
   "metadata": {},
   "outputs": [],
   "source": [
    "#data_exp = pd.read_csv(data_file)\n",
    "#print(data_exp)"
   ]
  },
  {
   "cell_type": "code",
   "execution_count": 7,
   "id": "d5ff6c6d",
   "metadata": {
    "scrolled": true
   },
   "outputs": [
    {
     "name": "stdout",
     "output_type": "stream",
     "text": [
      "{'pressure': 549300, 'temperature': 273, 'x_R32': 0.01, 'x_emimTf2N': 0.99}\n",
      "2022-10-21 10:56:34 [INFO] idaes.init.fs.state_block: Property package initialization: optimal - Optimal Solution Found.\n",
      "399300\n",
      "{'pressure': 549300, 'temperature': 273, 'x_R32': 0.05, 'x_emimTf2N': 0.95}\n",
      "2022-10-21 10:56:35 [INFO] idaes.init.fs.state_block: Property package initialization: optimal - Optimal Solution Found.\n",
      "399300\n",
      "{'pressure': 549300, 'temperature': 283, 'x_R32': 0.01, 'x_emimTf2N': 0.99}\n",
      "2022-10-21 10:56:35 [INFO] idaes.init.fs.state_block: Property package initialization: optimal - Optimal Solution Found.\n",
      "399300\n",
      "{'pressure': 549300, 'temperature': 283, 'x_R32': 0.05, 'x_emimTf2N': 0.95}\n",
      "2022-10-21 10:56:36 [INFO] idaes.init.fs.state_block: Property package initialization: optimal - Optimal Solution Found.\n",
      "399300\n",
      "{'pressure': 549300, 'temperature': 293, 'x_R32': 0.01, 'x_emimTf2N': 0.99}\n",
      "2022-10-21 10:56:36 [INFO] idaes.init.fs.state_block: Property package initialization: optimal - Optimal Solution Found.\n",
      "399300\n",
      "{'pressure': 549300, 'temperature': 293, 'x_R32': 0.05, 'x_emimTf2N': 0.95}\n",
      "2022-10-21 10:56:37 [INFO] idaes.init.fs.state_block: Property package initialization: optimal - Optimal Solution Found.\n",
      "399300\n",
      "{'pressure': 549300, 'temperature': 303, 'x_R32': 0.01, 'x_emimTf2N': 0.99}\n",
      "2022-10-21 10:56:37 [INFO] idaes.init.fs.state_block: Property package initialization: optimal - Optimal Solution Found.\n",
      "399300\n",
      "{'pressure': 549300, 'temperature': 303, 'x_R32': 0.05, 'x_emimTf2N': 0.95}\n",
      "2022-10-21 10:56:38 [INFO] idaes.init.fs.state_block: Property package initialization: optimal - Optimal Solution Found.\n",
      "399300\n",
      "{'pressure': 549300, 'temperature': 313, 'x_R32': 0.01, 'x_emimTf2N': 0.99}\n",
      "2022-10-21 10:56:38 [INFO] idaes.init.fs.state_block: Property package initialization: optimal - Optimal Solution Found.\n",
      "399300\n",
      "{'pressure': 549300, 'temperature': 313, 'x_R32': 0.05, 'x_emimTf2N': 0.95}\n",
      "2022-10-21 10:56:39 [INFO] idaes.init.fs.state_block: Property package initialization: optimal - Optimal Solution Found.\n",
      "399300\n",
      "{'pressure': 549300, 'temperature': 323, 'x_R32': 0.01, 'x_emimTf2N': 0.99}\n",
      "2022-10-21 10:56:39 [INFO] idaes.init.fs.state_block: Property package initialization: optimal - Optimal Solution Found.\n",
      "399300\n",
      "{'pressure': 549300, 'temperature': 323, 'x_R32': 0.05, 'x_emimTf2N': 0.95}\n",
      "2022-10-21 10:56:40 [INFO] idaes.init.fs.state_block: Property package initialization: optimal - Optimal Solution Found.\n",
      "399300\n",
      "{'pressure': 549300, 'temperature': 333, 'x_R32': 0.01, 'x_emimTf2N': 0.99}\n",
      "2022-10-21 10:56:40 [INFO] idaes.init.fs.state_block: Property package initialization: optimal - Optimal Solution Found.\n",
      "399300\n",
      "{'pressure': 549300, 'temperature': 333, 'x_R32': 0.05, 'x_emimTf2N': 0.95}\n",
      "2022-10-21 10:56:41 [INFO] idaes.init.fs.state_block: Property package initialization: optimal - Optimal Solution Found.\n",
      "399300\n",
      "{'pressure': 549300, 'temperature': 343, 'x_R32': 0.01, 'x_emimTf2N': 0.99}\n",
      "2022-10-21 10:56:41 [INFO] idaes.init.fs.state_block: Property package initialization: optimal - Optimal Solution Found.\n",
      "399300\n",
      "{'pressure': 549300, 'temperature': 343, 'x_R32': 0.05, 'x_emimTf2N': 0.95}\n",
      "2022-10-21 10:56:42 [INFO] idaes.init.fs.state_block: Property package initialization: optimal - Optimal Solution Found.\n",
      "399300\n",
      "{'pressure': 549300, 'temperature': 353, 'x_R32': 0.01, 'x_emimTf2N': 0.99}\n",
      "2022-10-21 10:56:42 [INFO] idaes.init.fs.state_block: Property package initialization: optimal - Optimal Solution Found.\n",
      "399300\n",
      "{'pressure': 549300, 'temperature': 353, 'x_R32': 0.05, 'x_emimTf2N': 0.95}\n",
      "2022-10-21 10:56:43 [INFO] idaes.init.fs.state_block: Property package initialization: optimal - Optimal Solution Found.\n",
      "399300\n",
      "{'pressure': 549300, 'temperature': 363, 'x_R32': 0.01, 'x_emimTf2N': 0.99}\n",
      "2022-10-21 10:56:43 [INFO] idaes.init.fs.state_block: Property package initialization: optimal - Optimal Solution Found.\n",
      "399300\n",
      "{'pressure': 549300, 'temperature': 363, 'x_R32': 0.05, 'x_emimTf2N': 0.95}\n",
      "2022-10-21 10:56:44 [INFO] idaes.init.fs.state_block: Property package initialization: optimal - Optimal Solution Found.\n",
      "399300\n",
      "{'pressure': 549300, 'temperature': 373, 'x_R32': 0.01, 'x_emimTf2N': 0.99}\n",
      "2022-10-21 10:56:45 [INFO] idaes.init.fs.state_block: Property package initialization: optimal - Optimal Solution Found.\n",
      "399300\n",
      "{'pressure': 549300, 'temperature': 373, 'x_R32': 0.05, 'x_emimTf2N': 0.95}\n",
      "2022-10-21 10:56:45 [INFO] idaes.init.fs.state_block: Property package initialization: optimal - Optimal Solution Found.\n",
      "399300\n",
      "{'pressure': 549300, 'temperature': 383, 'x_R32': 0.01, 'x_emimTf2N': 0.99}\n",
      "2022-10-21 10:56:45 [INFO] idaes.init.fs.state_block: Property package initialization: optimal - Optimal Solution Found.\n",
      "399300\n",
      "{'pressure': 549300, 'temperature': 383, 'x_R32': 0.05, 'x_emimTf2N': 0.95}\n",
      "2022-10-21 10:56:46 [INFO] idaes.init.fs.state_block: Property package initialization: optimal - Optimal Solution Found.\n",
      "399300\n",
      "{'pressure': 549300, 'temperature': 393, 'x_R32': 0.01, 'x_emimTf2N': 0.99}\n",
      "2022-10-21 10:56:46 [INFO] idaes.init.fs.state_block: Property package initialization: optimal - Optimal Solution Found.\n",
      "399300\n",
      "{'pressure': 549300, 'temperature': 393, 'x_R32': 0.05, 'x_emimTf2N': 0.95}\n",
      "2022-10-21 10:56:47 [INFO] idaes.init.fs.state_block: Property package initialization: optimal - Optimal Solution Found.\n",
      "399300\n",
      "{'pressure': 549300, 'temperature': 400, 'x_R32': 0.01, 'x_emimTf2N': 0.99}\n",
      "2022-10-21 10:56:47 [INFO] idaes.init.fs.state_block: Property package initialization: optimal - Optimal Solution Found.\n",
      "399300\n",
      "{'pressure': 549300, 'temperature': 400, 'x_R32': 0.05, 'x_emimTf2N': 0.95}\n",
      "2022-10-21 10:56:48 [INFO] idaes.init.fs.state_block: Property package initialization: optimal - Optimal Solution Found.\n",
      "399300\n"
     ]
    }
   ],
   "source": [
    "# model list \n",
    "#T_range = [273, 360]\n",
    "#x_range = [0.1, 0.9]\n",
    "\n",
    "T_range = [273, 283, 293, 303, 313, 323, 333, 343, 353, 363, 373, 383, 393, 400]\n",
    "#x_range = [0.1,0.2, 0.3, 0.4, 0.5, 0.6, 0.7, 0.8, 0.9]\n",
    "\n",
    "x_range = [0.01, 0.05]\n",
    "\n",
    "data_exp = {'pressure': 549300}\n",
    "\n",
    "fixed_model_set = []\n",
    "\n",
    "for i in range(len(T_range)):\n",
    "    for j in range(len(x_range)):\n",
    "        data_exp['temperature'] = T_range[i]\n",
    "        data_exp['x_R32'] = x_range[j]\n",
    "        data_exp['x_emimTf2N'] = 1-x_range[j]\n",
    "    \n",
    "        print(data_exp)\n",
    "        \n",
    "        model = model_creation.create_model(data_exp)\n",
    "        \n",
    "        print(model.fs.state_block.pressure.value)\n",
    "        \n",
    "        fixed_model_set.append(model)"
   ]
  },
  {
   "cell_type": "code",
   "execution_count": 8,
   "id": "984ef5d1",
   "metadata": {},
   "outputs": [],
   "source": [
    "design_range_values = [T_range, x_range]"
   ]
  },
  {
   "cell_type": "code",
   "execution_count": 9,
   "id": "e6a01bf5",
   "metadata": {},
   "outputs": [
    {
     "name": "stdout",
     "output_type": "stream",
     "text": [
      "parameter set: {'fs.properties.PR_kappa_A[\"R32\", \"emimTf2N\"]': 0.3212980565927437, 'fs.properties.PR_kappa_A[\"emimTf2N\", \"R32\"]': 0.8429816989080334, 'fs.properties.PR_kappa_B[\"R32\", \"emimTf2N\"]': -0.5532108602621684, 'fs.properties.PR_kappa_B[\"emimTf2N\", \"R32\"]': -0.6100855368792957, 'fs.properties.PR_kappa_C[\"R32\", \"emimTf2N\"]': 0.1862684932461356, 'fs.properties.PR_kappa_C[\"emimTf2N\", \"R32\"]': -0.3935451934926509}\n",
      "All measurements are flattened.\n",
      "Flatten measurement name: ['fs.state_block.pressure']\n",
      "28  design vectors will be searched.\n",
      "=======This is the  1 th iteration=======\n",
      "Design variable values of this iteration: {'fs.F101.inlet.temperature': {0: 1}, 'fs.F101.inlet.pressure': {0: 1}, 'fs.F101.inlet.mole_frac_comp[0,\"R32\"]': {0: 1}, \"fs.F101.inlet.mole_frac_comp[0,'emimTf2N']\": {0: 1}}\n",
      "Sensitivity information is scaled by its corresponding parameter nominal value.\n",
      "Sensitivity information is scaled by constant  1e-05  times itself.\n",
      "After practice: {'fs.state_block.pressure': [0]}\n",
      "pressure: 5908.559526131768\n",
      "name: fs.state_block.pressure\n",
      "Build time with direct kaug mode [s]: 5.7220458984375e-06\n",
      "Solve time with direct kaug mode [s]: 0.4887876510620117\n",
      "Total wall clock time [s]: 0.4898526668548584\n",
      "Existed information has been added.\n",
      "FIM: [[ 4557.57213697 -1079.61880847  8344.58676693  -798.95132857\n",
      "   3003.56691048  -529.43337422]\n",
      " [-1079.61880847   388.88133688 -1901.18183959   279.05486045\n",
      "   -657.7442816    178.98151325]\n",
      " [ 8344.58676693 -1901.18183959 15359.29234173 -1413.46643722\n",
      "   5557.39699889  -941.17897154]\n",
      " [ -798.95132857   279.05486045 -1413.46643722   200.80609134\n",
      "   -491.3769451    129.18219744]\n",
      " [ 3003.56691048  -657.7442816   5557.39699889  -491.3769451\n",
      "   2021.14226136  -328.83027866]\n",
      " [ -529.43337422   178.98151325  -941.17897154   129.18219744\n",
      "   -328.83027866    83.37442068]]\n",
      "Trace: 22611.068588955008\n",
      "Determinant: 11.505599628006095\n",
      "Condition number: 271609490.78000695\n",
      "Minimal eigen value: 8.224039372477738e-05\n",
      "Eigen values: [2.23372715e+04 2.60345138e+02 1.32306806e+01 2.12677488e-01\n",
      " 8.54950118e-03 8.22403937e-05]\n",
      "Eigen vectors: [[ 0.4510441   0.15267894  0.73712728 -0.04012303  0.47668344  0.03247717]\n",
      " [-0.10437874 -0.74644196  0.1724361   0.56160491  0.09957616  0.27727203]\n",
      " [ 0.82902365 -0.16478584 -0.13863203  0.0860634  -0.50748605 -0.03738412]\n",
      " [-0.07747988 -0.5045422   0.1761531  -0.3609223  -0.01606954 -0.76018484]\n",
      " [ 0.29954615 -0.21631524 -0.59419821 -0.19777473  0.68431875  0.05478422]\n",
      " [-0.05150775 -0.30166878  0.15358674 -0.71147972 -0.19174207  0.5829113 ]]\n",
      "This is the  2  run out of  28 run.\n",
      "The code has run 0.5074 seconds.\n",
      "Estimated remaining time: 6.5966 seconds\n",
      "=======This is the  2 th iteration=======\n",
      "Design variable values of this iteration: {'fs.F101.inlet.temperature': {0: 1}, 'fs.F101.inlet.pressure': {0: 1}, 'fs.F101.inlet.mole_frac_comp[0,\"R32\"]': {0: 1}, \"fs.F101.inlet.mole_frac_comp[0,'emimTf2N']\": {0: 1}}\n",
      "Sensitivity information is scaled by its corresponding parameter nominal value.\n",
      "Sensitivity information is scaled by constant  1e-05  times itself.\n",
      "After practice: {'fs.state_block.pressure': [0]}\n",
      "WARNING: Loading a SolverResults object with a warning status into\n",
      "    model.name=\"unknown\";\n",
      "      - termination condition: infeasible\n",
      "      - message from solver: Ipopt 3.13.2\\x3a Converged to a locally\n",
      "        infeasible point. Problem may be infeasible.\n",
      "pressure: 820231.710774664\n",
      "name: fs.state_block.pressure\n",
      "Build time with direct kaug mode [s]: 8.821487426757812e-06\n",
      "Solve time with direct kaug mode [s]: 0.5688142776489258\n",
      "Total wall clock time [s]: 0.5694794654846191\n",
      "Existed information has been added.\n",
      "FIM: [[ 4619.34022831 -1081.51096254  8585.02619109  -732.83223108\n",
      "   3158.47369219  -417.49722714]\n",
      " [-1081.51096254   388.93927178 -1908.54493192   277.03050307\n",
      "   -662.48753217   175.55438073]\n",
      " [ 8585.02619109 -1908.54493192 16295.03448232 -1156.18103659\n",
      "   6160.21834368  -505.60816715]\n",
      " [ -732.83223108   277.03050307 -1156.18103659   271.54061821\n",
      "   -325.63766469   248.9321075 ]\n",
      " [ 3158.47369219  -662.48753217  6160.21834368  -325.63766469\n",
      "   2409.47997841   -48.24225371]\n",
      " [ -417.49722714   175.55438073  -505.60816715   248.9321075\n",
      "    -48.24225371   286.10484924]]\n",
      "Trace: 24270.43942827682\n",
      "Determinant: 590593.7323770315\n",
      "Condition number: 7340661.271901403\n",
      "Minimal eigen value: 0.003198970814798249\n",
      "Eigen values: [2.34825612e+04 6.76242673e+02 1.00643909e+02 1.09779543e+01\n",
      " 1.05225647e-02 3.19897081e-03]\n",
      "Eigen vectors: [[-0.44020594  0.29781786 -0.19815143  0.66988142  0.44429658  0.17921693]\n",
      " [ 0.09938136 -0.35062737 -0.85624102 -0.08839137 -0.05658656  0.35074212]\n",
      " [-0.83275607 -0.117988   -0.07843996 -0.15072372 -0.47768343 -0.18853179]\n",
      " [ 0.06126631 -0.51706173 -0.135826    0.26010544  0.26041402 -0.7582708 ]\n",
      " [-0.31355097 -0.37143731  0.22368471 -0.47452091  0.652947    0.24934995]\n",
      " [ 0.02813608 -0.60755683  0.39108944  0.47739217 -0.2776001   0.41493014]]\n",
      "This is the  3  run out of  28 run.\n",
      "The code has run 1.0835 seconds.\n",
      "Estimated remaining time: 9.0294 seconds\n",
      "=======This is the  3 th iteration=======\n",
      "Design variable values of this iteration: {'fs.F101.inlet.temperature': {0: 1}, 'fs.F101.inlet.pressure': {0: 1}, 'fs.F101.inlet.mole_frac_comp[0,\"R32\"]': {0: 1}, \"fs.F101.inlet.mole_frac_comp[0,'emimTf2N']\": {0: 1}}\n",
      "Sensitivity information is scaled by its corresponding parameter nominal value.\n",
      "Sensitivity information is scaled by constant  1e-05  times itself.\n",
      "After practice: {'fs.state_block.pressure': [0]}\n",
      "pressure: 7574.303931442255\n",
      "name: fs.state_block.pressure\n",
      "Build time with direct kaug mode [s]: 9.298324584960938e-06\n",
      "Solve time with direct kaug mode [s]: 0.5397775173187256\n",
      "Total wall clock time [s]: 0.5405035018920898\n",
      "Existed information has been added.\n",
      "FIM: [[ 4557.58923684 -1079.61886216  8344.61684425  -798.95136568\n",
      "   3003.57718104  -529.43339677]\n",
      " [-1079.61886216   388.88133704 -1901.18193385   279.05486057\n",
      "   -657.74431374   178.98151332]\n",
      " [ 8344.61684425 -1901.18193385 15359.34486215 -1413.46650184\n",
      "   5557.41482322  -941.17901055]\n",
      " [ -798.95136568   279.05486057 -1413.46650184   200.80609142\n",
      "   -491.37696699   129.18219749]\n",
      " [ 3003.57718104  -657.74431374  5557.41482322  -491.37696699\n",
      "   2021.14827881  -328.83029179]\n",
      " [ -529.43339677   178.98151332  -941.17901055   129.18219749\n",
      "   -328.83029179    83.37442071]]\n",
      "Trace: 22611.14422697435\n",
      "Determinant: 11.503279100504868\n",
      "Condition number: 271612959.13842267\n",
      "Minimal eigen value: 8.223961702126089e-05\n",
      "Eigen values: [2.23373457e+04 2.60346289e+02 1.32308928e+01 2.12677955e-01\n",
      " 8.54763551e-03 8.22396170e-05]\n",
      "Eigen vectors: [[ 0.4510442   0.15267716  0.73712671 -0.04012268  0.47668463  0.0324802 ]\n",
      " [-0.10437839 -0.7464424   0.17243281  0.56160512  0.09957605  0.27727265]\n",
      " [ 0.82902369 -0.16478513 -0.1386318   0.08606426 -0.50748589 -0.03738728]\n",
      " [-0.07747963 -0.50454275  0.17615255 -0.3609219  -0.01606523 -0.7601849 ]\n",
      " [ 0.29954611 -0.21631349 -0.59419987 -0.19777732  0.68431679  0.05478841]\n",
      " [-0.05150758 -0.30166931  0.15358761 -0.71147896 -0.19174691  0.58291016]]\n",
      "This is the  4  run out of  28 run.\n",
      "The code has run 1.6271 seconds.\n",
      "Estimated remaining time: 9.7628 seconds\n",
      "=======This is the  4 th iteration=======\n",
      "Design variable values of this iteration: {'fs.F101.inlet.temperature': {0: 1}, 'fs.F101.inlet.pressure': {0: 1}, 'fs.F101.inlet.mole_frac_comp[0,\"R32\"]': {0: 1}, \"fs.F101.inlet.mole_frac_comp[0,'emimTf2N']\": {0: 1}}\n",
      "Sensitivity information is scaled by its corresponding parameter nominal value.\n",
      "Sensitivity information is scaled by constant  1e-05  times itself.\n",
      "After practice: {'fs.state_block.pressure': [0]}\n",
      "pressure: 38283.53414531139\n",
      "name: fs.state_block.pressure\n",
      "Build time with direct kaug mode [s]: 6.198883056640625e-06\n",
      "Solve time with direct kaug mode [s]: 0.5234513282775879\n",
      "Total wall clock time [s]: 0.5247941017150879\n",
      "Existed information has been added.\n",
      "FIM: [[ 4558.88030965 -1079.64019455  8346.72741189  -798.96593518\n",
      "   3004.25188602  -529.44226559]\n",
      " [-1079.64019455   388.8816802  -1901.21680715   279.05509484\n",
      "   -657.75546214   178.98165587]\n",
      " [ 8346.72741189 -1901.21680715 15362.79509028 -1413.49031946\n",
      "   5558.51779004  -941.19350893]\n",
      " [ -798.96593518   279.05509484 -1413.49031946   200.80625135\n",
      "   -491.38458108   129.1822948 ]\n",
      " [ 3004.25188602  -657.75546214  5558.51779004  -491.38458108\n",
      "   2021.50087457  -328.83492668]\n",
      " [ -529.44226559   178.98165587  -941.19350893   129.1822948\n",
      "   -328.83492668    83.37447992]]\n",
      "Trace: 22616.238685966637\n",
      "Determinant: 11.587303597877789\n",
      "Condition number: 271672876.79821825\n",
      "Minimal eigen value: 8.223984330537565e-05\n",
      "Eigen values: [2.23423348e+04 2.60403018e+02 1.32795024e+01 2.12690360e-01\n",
      " 8.57424585e-03 8.22398433e-05]\n",
      "Eigen vectors: [[ 0.45105705 -0.15252899 -0.73719249 -0.04012154  0.47661796  0.03248476]\n",
      " [-0.10435675  0.74648019 -0.17225152  0.56160896  0.09960523  0.27727347]\n",
      " [ 0.82902431  0.16473301  0.13873379  0.08610199 -0.50746719 -0.03739198]\n",
      " [-0.07746346  0.50458314 -0.17606733 -0.36090858 -0.01610786 -0.76018491]\n",
      " [ 0.29953864  0.21618387  0.59418192 -0.19787279  0.68434852  0.05479458]\n",
      " [-0.05149677  0.30170457 -0.15355038 -0.71145165 -0.19183015  0.58290862]]\n",
      "This is the  5  run out of  28 run.\n",
      "The code has run 2.1576 seconds.\n",
      "Estimated remaining time: 9.9249 seconds\n",
      "=======This is the  5 th iteration=======\n",
      "Design variable values of this iteration: {'fs.F101.inlet.temperature': {0: 1}, 'fs.F101.inlet.pressure': {0: 1}, 'fs.F101.inlet.mole_frac_comp[0,\"R32\"]': {0: 1}, \"fs.F101.inlet.mole_frac_comp[0,'emimTf2N']\": {0: 1}}\n",
      "Sensitivity information is scaled by its corresponding parameter nominal value.\n",
      "Sensitivity information is scaled by constant  1e-05  times itself.\n",
      "After practice: {'fs.state_block.pressure': [0]}\n"
     ]
    },
    {
     "name": "stdout",
     "output_type": "stream",
     "text": [
      "pressure: 9562.502459941017\n",
      "name: fs.state_block.pressure\n",
      "Build time with direct kaug mode [s]: 9.059906005859375e-06\n",
      "Solve time with direct kaug mode [s]: 0.5104222297668457\n",
      "Total wall clock time [s]: 0.5111222267150879\n",
      "Existed information has been added.\n",
      "FIM: [[ 4557.61217738 -1079.61893503  8344.65878473  -798.95141829\n",
      "   3003.59205848  -529.43343017]\n",
      " [-1079.61893503   388.88133728 -1901.18206678   279.05486074\n",
      "   -657.7443608    178.98151343]\n",
      " [ 8344.65878473 -1901.18206678 15359.42094068 -1413.466597\n",
      "   5557.44163324  -941.17907053]\n",
      " [ -798.95141829   279.05486074 -1413.466597     200.80609154\n",
      "   -491.37700044   129.18219757]\n",
      " [ 3003.59205848  -657.7443608   5557.44163324  -491.37700044\n",
      "   2021.15767377  -328.83031275]\n",
      " [ -529.43343017   178.98151343  -941.17907053   129.18219757\n",
      "   -328.83031275    83.37442076]]\n",
      "Trace: 22611.252641412502\n",
      "Determinant: 11.502262257913932\n",
      "Condition number: 271611307.35909224\n",
      "Minimal eigen value: 8.224050946408187e-05\n",
      "Eigen values: [2.23374523e+04 2.60348096e+02 1.32309438e+01 2.12679704e-01\n",
      " 8.54658387e-03 8.22405095e-05]\n",
      "Eigen vectors: [[ 0.45104427  0.15267532  0.73712588 -0.04011983  0.47668665  0.03248055]\n",
      " [-0.1043779  -0.74644282  0.17242872  0.56160601  0.09957557  0.27727261]\n",
      " [ 0.82902377 -0.16478425 -0.13863135  0.08606311 -0.50748635 -0.03738759]\n",
      " [-0.07747926 -0.50454342  0.17615222 -0.36092145 -0.01606369 -0.76018482]\n",
      " [ 0.2995461  -0.2163115  -0.59420187 -0.19777786  0.68431551  0.05478878]\n",
      " [-0.05150733 -0.30166999  0.15358923 -0.71147864 -0.19174564  0.58291021]]\n",
      "This is the  6  run out of  28 run.\n",
      "The code has run 2.6718 seconds.\n",
      "Estimated remaining time: 9.7965 seconds\n",
      "=======This is the  6 th iteration=======\n",
      "Design variable values of this iteration: {'fs.F101.inlet.temperature': {0: 1}, 'fs.F101.inlet.pressure': {0: 1}, 'fs.F101.inlet.mole_frac_comp[0,\"R32\"]': {0: 1}, \"fs.F101.inlet.mole_frac_comp[0,'emimTf2N']\": {0: 1}}\n",
      "Sensitivity information is scaled by its corresponding parameter nominal value.\n",
      "Sensitivity information is scaled by constant  1e-05  times itself.\n",
      "After practice: {'fs.state_block.pressure': [0]}\n",
      "pressure: 48475.87129293962\n",
      "name: fs.state_block.pressure\n",
      "Build time with direct kaug mode [s]: 5.9604644775390625e-06\n",
      "Solve time with direct kaug mode [s]: 0.45820164680480957\n",
      "Total wall clock time [s]: 0.4588344097137451\n",
      "Existed information has been added.\n",
      "FIM: [[ 4559.46901806 -1079.64989     8347.80145498  -798.97331589\n",
      "   3004.63219198  -529.44723659]\n",
      " [-1079.64989      388.88183978 -1901.23445809   279.05521607\n",
      "   -657.76170101   178.98173738]\n",
      " [ 8347.80145498 -1901.23445809 15364.73985487 -1413.50365872\n",
      "   5559.2020409   -941.20243791]\n",
      " [ -798.97331589   279.05521607 -1413.50365872   200.80634281\n",
      "   -491.38926694   129.18235593]\n",
      " [ 3004.63219198  -657.76170101  5559.2020409   -491.38926694\n",
      "   2021.74031809  -328.83804676]\n",
      " [ -529.44723659   178.98173738  -941.20243791   129.18235593\n",
      "   -328.83804676    83.37452056]]\n",
      "Trace: 22619.011894164243\n",
      "Determinant: 11.561462897389326\n",
      "Condition number: 271644848.81157845\n",
      "Minimal eigen value: 8.225838452888795e-05\n",
      "Eigen values: [2.23450664e+04 2.60443533e+02 1.32805747e+01 2.12727085e-01\n",
      " 8.54865378e-03 8.22583845e-05]\n",
      "Eigen vectors: [[ 0.45105879 -0.15248631 -0.73717213 -0.04005701  0.47666631  0.03249319]\n",
      " [-0.10434479  0.74649037 -0.17215947  0.56162865  0.09959109  0.27727295]\n",
      " [ 0.82902615  0.16471206  0.13872237  0.08607332 -0.5074784  -0.03739977]\n",
      " [-0.07745461  0.5045985  -0.17605759 -0.3608992  -0.01606903 -0.76018315]\n",
      " [ 0.29953838  0.21613723  0.59423064 -0.19787867  0.68431862  0.05480389]\n",
      " [-0.0514909   0.30172015 -0.15358433 -0.71144633 -0.19179763  0.58290932]]\n",
      "This is the  7  run out of  28 run.\n",
      "The code has run 3.1348 seconds.\n",
      "Estimated remaining time: 9.4044 seconds\n",
      "=======This is the  7 th iteration=======\n",
      "Design variable values of this iteration: {'fs.F101.inlet.temperature': {0: 1}, 'fs.F101.inlet.pressure': {0: 1}, 'fs.F101.inlet.mole_frac_comp[0,\"R32\"]': {0: 1}, \"fs.F101.inlet.mole_frac_comp[0,'emimTf2N']\": {0: 1}}\n",
      "Sensitivity information is scaled by its corresponding parameter nominal value.\n",
      "Sensitivity information is scaled by constant  1e-05  times itself.\n",
      "After practice: {'fs.state_block.pressure': [0]}\n",
      "pressure: 11905.909165385528\n",
      "name: fs.state_block.pressure\n",
      "Build time with direct kaug mode [s]: 6.198883056640625e-06\n",
      "Solve time with direct kaug mode [s]: 0.5764241218566895\n",
      "Total wall clock time [s]: 0.5799140930175781\n",
      "Existed information has been added.\n",
      "FIM: [[ 4557.64219473 -1079.61903153  8344.71576423  -798.95149097\n",
      "   3003.61303196  -529.4334783 ]\n",
      " [-1079.61903153   388.88133759 -1901.18224949   279.05486097\n",
      "   -657.74442791   178.98151358]\n",
      " [ 8344.71576423 -1901.18224949 15359.52819241 -1413.46673336\n",
      "   5557.48083409  -941.17916015]\n",
      " [ -798.95149097   279.05486097 -1413.46673336   200.80609171\n",
      "   -491.37705014   129.18219768]\n",
      " [ 3003.61303196  -657.74442791  5557.48083409  -491.37705014\n",
      "   2021.17191643  -328.8303452 ]\n",
      " [ -529.4334783    178.98151358  -941.17916015   129.18219768\n",
      "   -328.8303452     83.37442083]]\n",
      "Trace: 22611.40415370014\n",
      "Determinant: 11.502982816824229\n",
      "Condition number: 271609925.40362114\n",
      "Minimal eigen value: 8.224147621598501e-05\n",
      "Eigen values: [2.23376012e+04 2.60350841e+02 1.32307790e+01 2.12684347e-01\n",
      " 8.54679154e-03 8.22414762e-05]\n",
      "Eigen vectors: [[ 0.45104426  0.1526738   0.73712501 -0.04011288  0.47668919  0.0324788 ]\n",
      " [-0.1043772  -0.7464431   0.17242434  0.56160798  0.09957223  0.27727207]\n",
      " [ 0.8290239  -0.16478319 -0.13863085  0.08605814 -0.5074876  -0.03738572]\n",
      " [-0.07747874 -0.50454416  0.17615224 -0.36092096 -0.01606267 -0.76018463]\n",
      " [ 0.29954618 -0.21630951 -0.59420373 -0.19777375  0.68431588  0.05478625]\n",
      " [-0.05150699 -0.30167085  0.15359154 -0.71147947 -0.19173654  0.58291117]]\n",
      "This is the  8  run out of  28 run.\n",
      "The code has run 3.7186 seconds.\n",
      "Estimated remaining time: 9.2965 seconds\n",
      "=======This is the  8 th iteration=======\n",
      "Design variable values of this iteration: {'fs.F101.inlet.temperature': {0: 1}, 'fs.F101.inlet.pressure': {0: 1}, 'fs.F101.inlet.mole_frac_comp[0,\"R32\"]': {0: 1}, \"fs.F101.inlet.mole_frac_comp[0,'emimTf2N']\": {0: 1}}\n",
      "Sensitivity information is scaled by its corresponding parameter nominal value.\n",
      "Sensitivity information is scaled by constant  1e-05  times itself.\n",
      "After practice: {'fs.state_block.pressure': [0]}\n",
      "pressure: 60523.18245699955\n",
      "name: fs.state_block.pressure\n",
      "Build time with direct kaug mode [s]: 2.2649765014648438e-05\n",
      "Solve time with direct kaug mode [s]: 0.455045223236084\n",
      "Total wall clock time [s]: 0.4563422203063965\n",
      "Existed information has been added.\n",
      "FIM: [[ 4560.24520041 -1079.66282735  8349.27161152  -798.98354166\n",
      "   3005.17233059  -529.45438388]\n",
      " [-1079.66282735   388.88205526 -1901.25890287   279.05538599\n",
      "   -657.77066381   178.98185591]\n",
      " [ 8349.27161152 -1901.25890287 15367.50195311 -1413.5228299\n",
      "   5560.20995851  -941.21575002]\n",
      " [ -798.98354166   279.05538599 -1413.5228299    200.80647579\n",
      "   -491.39625012   129.18244811]\n",
      " [ 3005.17233059  -657.77066381  5560.20995851  -491.39625012\n",
      "   2022.10599514  -328.8428687 ]\n",
      " [ -529.45438388   178.98185591  -941.21575002   129.18244811\n",
      "   -328.8428687     83.37458412]]\n",
      "Trace: 22622.916263825784\n",
      "Determinant: 11.576328803108112\n",
      "Condition number: 271619939.18835855\n",
      "Minimal eigen value: 8.228008868516394e-05\n",
      "Eigen values: [2.23489127e+04 2.60505880e+02 1.32762424e+01 2.12820733e-01\n",
      " 8.55289351e-03 8.22800887e-05]\n",
      "Eigen vectors: [[ 0.45105868 -0.15245155 -0.73715093 -0.03990631  0.47672561  0.0324542 ]\n",
      " [-0.10432793  0.74649748 -0.17206204  0.56167093  0.09951837  0.27726106]\n",
      " [ 0.82902937  0.16468675  0.13870956  0.08596392 -0.50750648 -0.03735792]\n",
      " [-0.07744216  0.50461528 -0.1760553  -0.36088902 -0.0160464  -0.76017911]\n",
      " [ 0.29954015  0.21609062  0.59427641 -0.19778561  0.68432425  0.05474735]\n",
      " [-0.05148266  0.30173923 -0.15363236 -0.71146568 -0.1915954   0.58293041]]\n",
      "This is the  9  run out of  28 run.\n",
      "The code has run 4.1800 seconds.\n",
      "Estimated remaining time: 8.8245 seconds\n",
      "=======This is the  9 th iteration=======\n",
      "Design variable values of this iteration: {'fs.F101.inlet.temperature': {0: 1}, 'fs.F101.inlet.pressure': {0: 1}, 'fs.F101.inlet.mole_frac_comp[0,\"R32\"]': {0: 1}, \"fs.F101.inlet.mole_frac_comp[0,'emimTf2N']\": {0: 1}}\n",
      "Sensitivity information is scaled by its corresponding parameter nominal value.\n",
      "Sensitivity information is scaled by constant  1e-05  times itself.\n",
      "After practice: {'fs.state_block.pressure': [0]}\n"
     ]
    },
    {
     "name": "stdout",
     "output_type": "stream",
     "text": [
      "pressure: 14636.271525683622\n",
      "name: fs.state_block.pressure\n",
      "Build time with direct kaug mode [s]: 7.3909759521484375e-06\n",
      "Solve time with direct kaug mode [s]: 0.46836233139038086\n",
      "Total wall clock time [s]: 0.4690430164337158\n",
      "Existed information has been added.\n",
      "FIM: [[ 4557.68058308 -1079.61915651  8344.79134914  -798.95158899\n",
      "   3003.64187217  -529.4335459 ]\n",
      " [-1079.61915651   388.88133799 -1901.18249486   279.05486129\n",
      "   -657.74452131   178.9815138 ]\n",
      " [ 8344.79134914 -1901.18249486 15359.67567217 -1413.46692395\n",
      "   5557.53668405  -941.17929054]\n",
      " [ -798.95158899   279.05486129 -1413.46692395   200.80609196\n",
      "   -491.37712211   129.18219785]\n",
      " [ 3003.64187217  -657.74452131  5557.53668405  -491.37712211\n",
