{
 "cells": [
  {
   "cell_type": "code",
   "execution_count": 1,
   "id": "86adfdfc",
   "metadata": {},
   "outputs": [],
   "source": [
    "import json\n",
    "import numpy as np \n",
    "import pandas as pd\n",
    "import matplotlib.pyplot as plt\n",
    "from matplotlib import cm\n",
    "from matplotlib.patches import Polygon\n",
    "from scipy.interpolate import interp2d"
   ]
  },
  {
   "cell_type": "markdown",
   "id": "a48a9211",
   "metadata": {},
   "source": [
    "## Read data prior"
   ]
  },
  {
   "cell_type": "code",
   "execution_count": 2,
   "id": "57352095",
   "metadata": {},
   "outputs": [
    {
     "name": "stdout",
     "output_type": "stream",
     "text": [
      "Var: 6.400000000000001e-09\n"
     ]
    }
   ],
   "source": [
    "unit_operator = 10**(-6)\n",
    "#unit_operator = 1\n",
    "fim_converter = 1\n",
    "\n",
    "# STD in MPa\n",
    "measurement_std = 0.00008\n",
    "#measurement_std = 0.0004\n",
    "\n",
    "# MPa**2\n",
    "measurement_var = measurement_std**2\n",
    "\n",
    "print(\"Var:\", measurement_var)"
   ]
  },
  {
   "cell_type": "code",
   "execution_count": 3,
   "id": "1afa50ae",
   "metadata": {},
   "outputs": [],
   "source": [
    "# read prior\n",
    "def read_fim(str_name, dim):\n",
    "    f_prior = open(str_name)\n",
    "\n",
    "    data_prior = json.load(f_prior)\n",
    "    \n",
    "    prior_info = data_prior[0]['Total']\n",
    "    \n",
    "    for i in range(dim):\n",
    "        for j in range(dim):\n",
    "            prior_info[i][j] *= unit_operator*unit_operator   \n",
    "            prior_info[i][j] *= 1/measurement_var\n",
    "            \n",
    "    print(prior_info)\n",
    "    print(\"Determinant:\", np.linalg.det(prior_info))\n",
    "    print(\"Trace:\", np.trace(prior_info))\n",
    "    eig_vals = list(np.linalg.eigvals(prior_info))\n",
    "    print(eig_vals)\n",
    "    print(\"Condition number:\", max(eig_vals)/min(eig_vals))\n",
    "    \n",
    "    print(np.linalg.eig(prior_info))\n",
    "    \n",
    "    \n",
    "    return prior_info\n",
    "    \n",
    "    \n",
    "\n"
   ]
  },
  {
   "cell_type": "code",
   "execution_count": 4,
   "id": "bcaa1f76",
   "metadata": {},
   "outputs": [
    {
     "name": "stdout",
     "output_type": "stream",
     "text": [
      "[[68981699805.13986, -6228223346.16949, 73353874724.42805, -6368563509.767249, 78416465073.55919, -6542272045.4231615], [-6228223346.16949, 855068355.4842671, -6369932047.04054, 847814307.5064927, -6545148784.694958, 842976451.1216809], [73353874724.42805, -6369932047.04054, 78416465264.19662, -6543710339.995919, 84267314353.3549, -6754713056.17626], [-6368563509.767249, 847814307.5064927, -6543710339.995919, 842976464.8364737, -6756233361.041694, 840692845.7618853], [78416465073.55919, -6545148784.694958, 84267314353.3549, -6756233361.041694, 91019876702.80986, -7009027901.259253], [-6542272045.4231615, 842976451.1216809, -6754713056.17626, 840692845.7618853, -7009027901.259253, 841130982.0693018]]\n",
      "Determinant: 3.726675977902775e+42\n",
      "Trace: 240957217574.5364\n",
      "[239239941491.94434, 1502688716.820512, 213286051.85864496, 1199019.3440447624, 101896.76431663094, 397.80467530558485]\n",
      "Condition number: 601400527.3019112\n",
      "(array([2.39239941e+11, 1.50268872e+09, 2.13286052e+08, 1.19901934e+06,\n",
      "       1.01896764e+05, 3.97804675e+02]), array([[ 0.53545302, -0.46427155, -0.55329931,  0.12027969, -0.42046769,\n",
      "         0.01848203],\n",
      "       [-0.04652708,  0.44997356, -0.38970215, -0.65499295, -0.21257047,\n",
      "         0.4114478 ],\n",
      "       [ 0.57250855, -0.00662744, -0.0845365 , -0.26763839,  0.76946307,\n",
      "        -0.03660453],\n",
      "       [-0.04779711,  0.41868227, -0.39336404,  0.02368994, -0.03462815,\n",
      "        -0.81604228],\n",
      "       [ 0.61533754,  0.50765344,  0.46790953,  0.15113063, -0.34862898,\n",
      "         0.01804809],\n",
      "       [-0.04933973,  0.38590794, -0.40146119,  0.67932691,  0.25140808,\n",
      "         0.40345817]]))\n"
     ]
    }
   ],
   "source": [
    "num_para = 6\n",
    "\n",
    "file_name = 'emimtf2n_FIM_info/PR_quadTdep_unscaleParam.json'\n",
    "#file_name = 'emimtf2n_FIM_info/SRK_noTdep.json'\n",
    "#file_name = '125_emimtf2n_FIM_info/PR-3A.json'\n",
    "#file_name = '32_bmimpf6_FIM_info/SRK-8-unscaleParam.json'\n",
    "\n",
    "\n",
    "prior = read_fim(file_name, num_para)\n"
   ]
  },
  {
   "cell_type": "code",
   "execution_count": null,
   "id": "7d209348",
   "metadata": {},
   "outputs": [],
   "source": [
    "cov = np.linalg.pinv(prior)\n",
    "print(cov)"
   ]
  },
  {
   "cell_type": "code",
   "execution_count": null,
   "id": "b2692483",
   "metadata": {},
   "outputs": [],
   "source": [
    "corr = cov/measurement_var\n",
    "\n",
    "print(corr)"
   ]
  },
  {
   "cell_type": "code",
   "execution_count": null,
   "id": "a6ef2042",
   "metadata": {},
   "outputs": [],
   "source": [
    "eig_test = np.linalg.eig(prior)[1]"
   ]
  },
  {
   "cell_type": "code",
   "execution_count": null,
   "id": "bb3828b0",
   "metadata": {},
   "outputs": [],
   "source": [
    "df = pd.DataFrame(corr)\n",
    "writer = pd.ExcelWriter('test.xlsx', engine='xlsxwriter')\n",
    "df.to_excel(writer, sheet_name='welcome', index=False)\n",
    "writer.save()\n"
   ]
  },
  {
   "cell_type": "markdown",
   "id": "57930146",
   "metadata": {},
   "source": [
    "##  Read data "
   ]
  },
  {
   "cell_type": "code",
   "execution_count": 5,
   "id": "388ed80c",
   "metadata": {},
   "outputs": [],
   "source": [
    "# read prior\n",
    "\n",
    "f = open('emimtf2n_FIM_info/PR_quad_543900_scaledBar_pa_scaleopt.json')\n",
    "f2 = open('emimtf2n_FIM_info/PR_quad_543900_scaledBar_pa_scaleopt_pressure.json')\n",
    "#f3 = open('emimtf2n_FIM_info/PR_quad_543900_scaledBar_under10.json')\n",
    "#f4 = open('emimtf2n_FIM_info/PR_quad_543900_scaledBar_under10_pressure.json')\n",
    "\n",
    "data = json.load(f)\n",
    "\n",
    "data_pressure = json.load(f2)\n",
    "\n",
    "#data_under10 = json.load(f3)\n",
    "#data_pressure_under10 = json.load(f4)"
   ]
  },
  {
   "cell_type": "code",
   "execution_count": 6,
   "id": "87676bde",
   "metadata": {},
   "outputs": [],
   "source": [
    "T_range_overall = [273, 283, 293, 303, 313, 323, 333, 343, 353, 363, 373, 383, 393, 400]\n",
    "x_range_overall = [0.01, 0.05, 0.1,0.2, 0.3, 0.4, 0.5, 0.6, 0.7, 0.8, 0.9]\n"
   ]
  },
  {
   "cell_type": "code",
   "execution_count": 7,
   "id": "66dd907e",
   "metadata": {},
   "outputs": [
    {
     "name": "stdout",
     "output_type": "stream",
     "text": [
      "The unit operator converts units from Pa to Mpa: 1e-06\n",
      "1\n"
     ]
    }
   ],
   "source": [
    "unit_operator = 10**(-6)\n",
    "#unit_operator = 1\n",
    "fim_converter = 1\n",
    "\n",
    "# STD in MPa\n",
    "measurement_std = 0.00008\n",
    "\n",
    "# MPa**2\n",
    "measurement_var = measurement_std**2\n",
    "\n",
    "print(\"The unit operator converts units from Pa to Mpa:\", unit_operator)\n",
    "print(fim_converter)"
   ]
  },
  {
   "cell_type": "code",
   "execution_count": 8,
   "id": "a4e42d3b",
   "metadata": {},
   "outputs": [],
   "source": [
    "# read prior\n",
    "def remove_fim(idx_to_remove):\n",
    "    f_prior = open('emimtf2n_FIM_info/PR_quadTdep_scaleopt.json')\n",
    "\n",
    "    data_prior = json.load(f_prior)\n",
    "\n",
    "    #prior_info = data[0]['Total']\n",
    "    prior_info = [[0]*6 for i in range(6)]\n",
    "    \n",
    "    # remove idx\n",
    "    for idx in idx_to_remove:\n",
    "        for a in range(6):\n",
    "            for b in range(6):\n",
    "                prior_info[a][b] += data_prior[0][str(idx)][a][b]\n",
    "\n",
    "    for i in range(6):\n",
    "        for j in range(6):\n",
    "            prior_info[i][j] *= unit_operator*unit_operator      \n",
    "            prior_info[i][j] *= 1/measurement_var\n",
    "            \n",
    "    return prior_info\n",
    "\n"
   ]
  },
  {
   "cell_type": "code",
   "execution_count": 9,
   "id": "971a4dfc",
   "metadata": {},
   "outputs": [
    {
     "name": "stdout",
     "output_type": "stream",
     "text": [
      "[[3972359432.9205556, -792742684.7168392, 7267896029.27245, -589310603.3312366, 2613057017.891038, -392109795.754366], [-792742684.7168392, 222672048.62558636, -1402364643.4722111, 161058996.46949044, -487170322.1566498, 104120661.05594714], [7267896029.27245, -1402364643.4722111, 13362348116.699062, -1046876769.2571727, 4827618464.218078, -699614136.5683205], [-589310603.3312366, 161058996.46949044, -1046876769.2571727, 116816886.73432724, -365270960.3932187, 75742728.3085034], [2613057017.891038, -487170322.1566498, 4827618464.218078, -365270960.3932187, 1752570179.34552, -245215668.30600548], [-392109795.754366, 104120661.05594714, -699614136.5683205, 75742728.3085034, -245215668.30600548, 49265800.12374889]]\n"
     ]
    }
   ],
   "source": [
    "new_prior = [2, 3, 5, 12, 16, 19, 23, 26]\n",
    "#new_prior = [32]\n",
    "num_to_remove = []\n",
    "for i in range(27):\n",
    "    if i not in new_prior:\n",
    "        num_to_remove.append(i)\n",
    "\n",
    "fim_to_be_removed = remove_fim(num_to_remove)\n",
    "print(fim_to_be_removed)"
   ]
  },
  {
   "cell_type": "code",
   "execution_count": 10,
   "id": "e4cba6bb",
   "metadata": {},
   "outputs": [],
   "source": [
    "def read_heatmap(T_range, x_range, data_set, pressure_data_set, remove=None):\n",
    "    A_heatmap = np.zeros((len(T_range), len(x_range)))\n",
    "    D_heatmap = np.zeros((len(T_range), len(x_range)))\n",
    "    E_heatmap = np.zeros((len(T_range), len(x_range)))\n",
    "    ME_heatmap = np.zeros((len(T_range), len(x_range)))\n",
    "\n",
    "    pressure_heatmap = np.zeros((len(T_range), len(x_range)))\n",
    "\n",
    "    for i in range(len(T_range)):\n",
    "        for j in range(len(x_range)):\n",
    "            count = i*len(x_range) + j \n",
    "\n",
    "            #fim = np.asarray(data_set[0][str(count)])\n",
    "            # the recorded FIM (Q.T@Q) is based on MPa for measurements \n",
    "            # computed with 1 for meausrement STD \n",
    "            fim = np.asarray(data_set[0][str(count)])*fim_converter*fim_converter\n",
    "            \n",
    "            # factor in measurement STD; post processing step \n",
    "            fim *= 1/measurement_var\n",
    "            \n",
    "            print(\"before:\", fim)\n",
    "            \n",
    "            # for the removing prior fn. Default is closed. \n",
    "            if remove:\n",
    "                for a in range(6):\n",
    "                    for b in range(6):\n",
    "                        fim[a][b] -= remove[a][b]\n",
    "                    \n",
    "            fim = np.asarray(fim)\n",
    "            print(\"after:\", fim)\n",
    "            \n",
    "            \n",
    "            A_heatmap[i,j] = np.trace(fim)\n",
    "            D_heatmap[i,j] = np.linalg.det(fim)\n",
    "            E_heatmap[i,j] = min(np.linalg.eigvals(fim))\n",
    "            ME_heatmap[i,j] = np.linalg.cond(fim)\n",
    "\n",
    "            # convert unit\n",
    "            pressure_heatmap[i,j] = pressure_data_set[0][str(count)]*unit_operator\n",
    "            \n",
    "    return A_heatmap, D_heatmap, E_heatmap, ME_heatmap, pressure_heatmap"
   ]
  },
  {
   "cell_type": "code",
   "execution_count": 11,
   "id": "471cad0c",
   "metadata": {},
   "outputs": [
    {
     "name": "stdout",
     "output_type": "stream",
     "text": [
      "before: [[ 7.12120646e+09 -1.68690439e+09  1.30384168e+10 -1.24836145e+09\n",
      "   4.69307330e+09 -8.27239647e+08]\n",
      " [-1.68690439e+09  6.07627089e+08 -2.97059662e+09  4.36023219e+08\n",
      "  -1.02772544e+09  2.79658614e+08]\n",
      " [ 1.30384168e+10 -2.97059662e+09  2.39988943e+10 -2.20854131e+09\n",
      "   8.68343281e+09 -1.47059214e+09]\n",
      " [-1.24836145e+09  4.36023219e+08 -2.20854131e+09  3.13759518e+08\n",
      "  -7.67776477e+08  2.01847184e+08]\n",
      " [ 4.69307330e+09 -1.02772544e+09  8.68343281e+09 -7.67776477e+08\n",
      "   3.15803478e+09 -5.13797310e+08]\n",
      " [-8.27239647e+08  2.79658614e+08 -1.47059214e+09  2.01847184e+08\n",
      "  -5.13797310e+08  1.30272532e+08]]\n",
      "after: [[ 3.14884703e+09 -8.94161704e+08  5.77052079e+09 -6.59050848e+08\n",
      "   2.08001628e+09 -4.35129852e+08]\n",
      " [-8.94161704e+08  3.84955040e+08 -1.56823198e+09  2.74964223e+08\n",
      "  -5.40555118e+08  1.75537953e+08]\n",
      " [ 5.77052079e+09 -1.56823198e+09  1.06365462e+10 -1.16166454e+09\n",
      "   3.85581435e+09 -7.70978007e+08]\n",
      " [-6.59050848e+08  2.74964223e+08 -1.16166454e+09  1.96942631e+08\n",
      "  -4.02505516e+08  1.26104455e+08]\n",
      " [ 2.08001628e+09 -5.40555118e+08  3.85581435e+09 -4.02505516e+08\n",
      "   1.40546460e+09 -2.68581642e+08]\n",
      " [-4.35129852e+08  1.75537953e+08 -7.70978007e+08  1.26104455e+08\n",
      "  -2.68581642e+08  8.10067322e+07]]\n",
      "before: [[ 7.21771911e+09 -1.68986088e+09  1.34141034e+10 -1.14505036e+09\n",
      "   4.93511514e+09 -6.52339417e+08]\n",
      " [-1.68986088e+09  6.07717612e+08 -2.98210146e+09  4.32860161e+08\n",
      "  -1.03513677e+09  2.74303720e+08]\n",
      " [ 1.34141034e+10 -2.98210146e+09  2.54609914e+10 -1.80653287e+09\n",
      "   9.62534116e+09 -7.90012761e+08]\n",
      " [-1.14505036e+09  4.32860161e+08 -1.80653287e+09  4.24282216e+08\n",
      "  -5.08808851e+08  3.88956418e+08]\n",
      " [ 4.93511514e+09 -1.03513677e+09  9.62534116e+09 -5.08808851e+08\n",
      "   3.76481247e+09 -7.53785215e+07]\n",
      " [-6.52339417e+08  2.74303720e+08 -7.90012761e+08  3.88956418e+08\n",
      "  -7.53785215e+07  4.47038827e+08]]\n",
      "after: [[ 3.24535967e+09 -8.97118194e+08  6.14620739e+09 -5.55739758e+08\n",
      "   2.32205813e+09 -2.60229622e+08]\n",
      " [-8.97118194e+08  3.85045564e+08 -1.57973681e+09  2.71801165e+08\n",
      "  -5.47966447e+08  1.70183059e+08]\n",
      " [ 6.14620739e+09 -1.57973681e+09  1.20986433e+10 -7.59656101e+08\n",
      "   4.79772270e+09 -9.03986247e+07]\n",
      " [-5.55739758e+08  2.71801165e+08 -7.59656101e+08  3.07465329e+08\n",
      "  -1.43537891e+08  3.13213690e+08]\n",
      " [ 2.32205813e+09 -5.47966447e+08  4.79772270e+09 -1.43537891e+08\n",
      "   2.01224229e+09  1.69837147e+08]\n",
      " [-2.60229622e+08  1.70183059e+08 -9.03986247e+07  3.13213690e+08\n",
      "   1.69837147e+08  3.97773027e+08]]\n",
      "before: [[ 7.12679272e+09 -1.68709187e+09  1.30472257e+10 -1.24848541e+09\n",
      "   4.69578963e+09 -8.27312703e+08]\n",
      " [-1.68709187e+09  6.07633328e+08 -2.97089226e+09  4.36027345e+08\n",
      "  -1.02781660e+09  2.79661045e+08]\n",
      " [ 1.30472257e+10 -2.97089226e+09  2.40127847e+10 -2.20873678e+09\n",
      "   8.68771613e+09 -1.47070734e+09]\n",
      " [-1.24848541e+09  4.36027345e+08 -2.20873678e+09  3.13762245e+08\n",
      "  -7.67836754e+08  2.01848791e+08]\n",
      " [ 4.69578963e+09 -1.02781660e+09  8.68771613e+09 -7.67836754e+08\n",
      "   3.15935560e+09 -5.13832834e+08]\n",
      " [-8.27312703e+08  2.79661045e+08 -1.47070734e+09  2.01848791e+08\n",
      "  -5.13832834e+08  1.30273479e+08]]\n",
      "after: [[ 3.15443329e+09 -8.94349182e+08  5.77932963e+09 -6.59174810e+08\n",
      "   2.08273261e+09 -4.35202907e+08]\n",
      " [-8.94349182e+08  3.84961279e+08 -1.56852761e+09  2.74968348e+08\n",
      "  -5.40646280e+08  1.75540384e+08]\n",
      " [ 5.77932963e+09 -1.56852761e+09  1.06504366e+10 -1.16186001e+09\n",
      "   3.86009766e+09 -7.71093207e+08]\n",
      " [-6.59174810e+08  2.74968348e+08 -1.16186001e+09  1.96945358e+08\n",
      "  -4.02565794e+08  1.26106062e+08]\n",
      " [ 2.08273261e+09 -5.40646280e+08  3.86009766e+09 -4.02565794e+08\n",
      "   1.40678543e+09 -2.68617166e+08]\n",
      " [-4.35202907e+08  1.75540384e+08 -7.71093207e+08  1.26106062e+08\n",
      "  -2.68617166e+08  8.10076794e+07]]\n",
      "before: [[ 7.14324392e+09 -1.68853426e+09  1.30731651e+10 -1.24944075e+09\n",
      "   4.70378781e+09 -8.27876677e+08]\n",
      " [-1.68853426e+09  6.07747347e+08 -2.97316659e+09  4.36102853e+08\n",
      "  -1.02851788e+09  2.79705616e+08]\n",
      " [ 1.30731651e+10 -2.97316659e+09  2.40536849e+10 -2.21024313e+09\n",
      "   8.70032729e+09 -1.47159660e+09]\n",
      " [-1.24944075e+09  4.36102853e+08 -2.21024313e+09  3.13812250e+08\n",
      "  -7.68301228e+08  2.01878307e+08]\n",
      " [ 4.70378781e+09 -1.02851788e+09  8.70032729e+09 -7.68301228e+08\n",
      "   3.16324413e+09 -5.14107032e+08]\n",
      " [-8.27876677e+08  2.79705616e+08 -1.47159660e+09  2.01878307e+08\n",
      "  -5.14107032e+08  1.30290902e+08]]\n",
      "after: [[ 3.17088448e+09 -8.95791579e+08  5.80526912e+09 -6.60130146e+08\n",
      "   2.09073079e+09 -4.35766881e+08]\n",
      " [-8.95791579e+08  3.85075298e+08 -1.57080195e+09  2.75043857e+08\n",
      "  -5.41347558e+08  1.75584955e+08]\n",
      " [ 5.80526912e+09 -1.57080195e+09  1.06913368e+10 -1.16336636e+09\n",
      "   3.87270883e+09 -7.71982467e+08]\n",
      " [-6.60130146e+08  2.75043857e+08 -1.16336636e+09  1.96995364e+08\n",
      "  -4.03030268e+08  1.26135579e+08]\n",
      " [ 2.09073079e+09 -5.41347558e+08  3.87270883e+09 -4.03030268e+08\n",
      "   1.41067395e+09 -2.68891364e+08]\n",
      " [-4.35766881e+08  1.75584955e+08 -7.71982467e+08  1.26135579e+08\n",
      "  -2.68891364e+08  8.10251022e+07]]\n",
      "before: [[ 7.16911582e+09 -1.69286430e+09  1.31139576e+10 -1.25230953e+09\n",
      "   4.71636539e+09 -8.29570762e+08]\n",
      " [-1.69286430e+09  6.08367659e+08 -2.97999388e+09  4.36513801e+08\n",
      "  -1.03062297e+09  2.79948274e+08]\n",
      " [ 1.31139576e+10 -2.97999388e+09  2.41180027e+10 -2.21476642e+09\n",
      "   8.72015847e+09 -1.47426771e+09]\n",
      " [-1.25230953e+09  4.36513801e+08 -2.21476642e+09  3.14084498e+08\n",
      "  -7.69695918e+08  2.02039065e+08]\n",
      " [ 4.71636539e+09 -1.03062297e+09  8.72015847e+09 -7.69695918e+08\n",
      "   3.16935870e+09 -5.14930630e+08]\n",
      " [-8.29570762e+08  2.79948274e+08 -1.47426771e+09  2.02039065e+08\n",
      "  -5.14930630e+08  1.30385827e+08]]\n",
      "after: [[ 3.19675639e+09 -9.00121615e+08  5.84606156e+09 -6.62998929e+08\n",
      "   2.10330838e+09 -4.37460966e+08]\n",
      " [-9.00121615e+08  3.85695611e+08 -1.57762924e+09  2.75454805e+08\n",
      "  -5.43452652e+08  1.75827613e+08]\n",
      " [ 5.84606156e+09 -1.57762924e+09  1.07556546e+10 -1.16788965e+09\n",
      "   3.89254001e+09 -7.74653578e+08]\n",
      " [-6.62998929e+08  2.75454805e+08 -1.16788965e+09  1.97267611e+08\n",
      "  -4.04424958e+08  1.26296337e+08]\n",
      " [ 2.10330838e+09 -5.43452652e+08  3.89254001e+09 -4.04424958e+08\n",
      "   1.41678852e+09 -2.69714962e+08]\n",
      " [-4.37460966e+08  1.75827613e+08 -7.74653578e+08  1.26296337e+08\n",
      "  -2.69714962e+08  8.11200270e+07]]\n",
      "before: [[ 7.20165306e+09 -1.70210913e+09  1.31652586e+10 -1.25843515e+09\n",
      "   4.73218284e+09 -8.33188464e+08]\n",
      " [-1.70210913e+09  6.10498871e+08 -2.99457024e+09  4.37925880e+08\n",
      "  -1.03511731e+09  2.80782190e+08]\n",
      " [ 1.31652586e+10 -2.99457024e+09  2.41988881e+10 -2.22442472e+09\n",
      "   8.74509760e+09 -1.47997176e+09]\n",
      " [-1.25843515e+09  4.37925880e+08 -2.22442472e+09  3.15020099e+08\n",
      "  -7.72673865e+08  2.02591593e+08]\n",
      " [ 4.73218284e+09 -1.03511731e+09  8.74509760e+09 -7.72673865e+08\n",
      "   3.17704810e+09 -5.16689362e+08]\n",
      " [-8.33188464e+08  2.80782190e+08 -1.47997176e+09  2.02591593e+08\n",
      "  -5.16689362e+08  1.30712128e+08]]\n",
      "after: [[ 3.22929363e+09 -9.09366442e+08  5.89736253e+09 -6.69124550e+08\n",
      "   2.11912583e+09 -4.41078668e+08]\n",
      " [-9.09366442e+08  3.87826822e+08 -1.59220560e+09  2.76866883e+08\n",
      "  -5.47946989e+08  1.76661529e+08]\n",
      " [ 5.89736253e+09 -1.59220560e+09  1.08365400e+10 -1.17754795e+09\n",
      "   3.91747914e+09 -7.80357626e+08]\n",
      " [-6.69124550e+08  2.76866883e+08 -1.17754795e+09  1.98203213e+08\n",
      "  -4.07402905e+08  1.26848865e+08]\n",
      " [ 2.11912583e+09 -5.47946989e+08  3.91747914e+09 -4.07402905e+08\n",
      "   1.42447792e+09 -2.71473693e+08]\n",
      " [-4.41078668e+08  1.76661529e+08 -7.80357626e+08  1.26848865e+08\n",
      "  -2.71473693e+08  8.14463276e+07]]\n",
      "before: [[ 7.23586086e+09 -1.71839584e+09  1.32191930e+10 -1.26922724e+09\n",
      "   4.74881211e+09 -8.39562409e+08]\n",
      " [-1.71839584e+09  6.16272445e+08 -3.02024937e+09  4.41751506e+08\n",
      "  -1.04303490e+09  2.83041582e+08]\n",
      " [ 1.32191930e+10 -3.02024937e+09  2.42839250e+10 -2.24144051e+09\n",
      "   8.77131647e+09 -1.49002151e+09]\n",
      " [-1.26922724e+09  4.41751506e+08 -2.24144051e+09  3.17554997e+08\n",
      "  -7.77920307e+08  2.04088689e+08]\n",
      " [ 4.74881211e+09 -1.04303490e+09  8.77131647e+09 -7.77920307e+08\n",
      "   3.18513200e+09 -5.19787979e+08]\n",
      " [-8.39562409e+08  2.83041582e+08 -1.49002151e+09  2.04088689e+08\n",
      "  -5.19787979e+08  1.31596303e+08]]\n",
      "after: [[ 3.26350142e+09 -9.25653157e+08  5.95129695e+09 -6.79916633e+08\n",
      "   2.13575509e+09 -4.47452613e+08]\n",
      " [-9.25653157e+08  3.93600397e+08 -1.61788473e+09  2.80692510e+08\n",
      "  -5.55864580e+08  1.78920921e+08]\n",
      " [ 5.95129695e+09 -1.61788473e+09  1.09215768e+10 -1.19456374e+09\n",
      "   3.94369801e+09 -7.90407372e+08]\n",
      " [-6.79916633e+08  2.80692510e+08 -1.19456374e+09  2.00738110e+08\n",
      "  -4.12649347e+08  1.28345960e+08]\n",
      " [ 2.13575509e+09 -5.55864580e+08  3.94369801e+09 -4.12649347e+08\n",
      "   1.43256182e+09 -2.74572311e+08]\n",
      " [-4.47452613e+08  1.78920921e+08 -7.90407372e+08  1.28345960e+08\n",
      "  -2.74572311e+08  8.23305031e+07]]\n",
      "before: [[ 7.26322168e+09 -1.74280569e+09  1.32623318e+10 -1.28540235e+09\n",
      "   4.76211278e+09 -8.49115879e+08]\n",
      " [-1.74280569e+09  6.29622734e+08 -3.05873606e+09  4.50597807e+08\n",
      "  -1.05490139e+09  2.88266314e+08]\n",
      " [ 1.32623318e+10 -3.05873606e+09  2.43519404e+10 -2.26694360e+09\n",
      "   8.79228715e+09 -1.50508434e+09]\n",
      " [-1.28540235e+09  4.50597807e+08 -2.26694360e+09  3.23416820e+08\n",
      "  -7.85783601e+08  2.07550752e+08]\n",
      " [ 4.76211278e+09 -1.05490139e+09  8.79228715e+09 -7.85783601e+08\n",
      "   3.19159773e+09 -5.24432258e+08]\n",
      " [-8.49115879e+08  2.88266314e+08 -1.50508434e+09  2.07550752e+08\n",
      "  -5.24432258e+08  1.33641040e+08]]\n",
      "after: [[ 3.29086225e+09 -9.50063000e+08  5.99443577e+09 -6.96091749e+08\n",
      "   2.14905576e+09 -4.57006083e+08]\n",
      " [-9.50063000e+08  4.06950685e+08 -1.65637141e+09  2.89538810e+08\n",
      "  -5.67731066e+08  1.84145653e+08]\n",
      " [ 5.99443577e+09 -1.65637141e+09  1.09895923e+10 -1.22006683e+09\n",
      "   3.96466869e+09 -8.05470205e+08]\n",
      " [-6.96091749e+08  2.89538810e+08 -1.22006683e+09  2.06599933e+08\n",
      "  -4.20512641e+08  1.31808024e+08]\n",
      " [ 2.14905576e+09 -5.67731066e+08  3.96466869e+09 -4.20512641e+08\n",
      "   1.43902755e+09 -2.79216589e+08]\n",
      " [-4.57006083e+08  1.84145653e+08 -8.05470205e+08  1.31808024e+08\n",
      "  -2.79216589e+08  8.43752399e+07]]\n",
      "before: [[ 7.27036578e+09 -1.77190373e+09  1.32735958e+10 -1.30468437e+09\n",
      "   4.76558576e+09 -8.60504529e+08]\n",
      " [-1.77190373e+09  6.56046117e+08 -3.10461482e+09  4.68107001e+08\n",
      "  -1.06904713e+09  2.98607616e+08]\n",
      " [ 1.32735958e+10 -3.10461482e+09  2.43697001e+10 -2.29734547e+09\n",
      "   8.79776295e+09 -1.52304078e+09]\n",
      " [-1.30468437e+09  4.68107001e+08 -2.29734547e+09  3.35019115e+08\n",
      "  -7.95157370e+08  2.14403314e+08]\n",
      " [ 4.76558576e+09 -1.06904713e+09  8.79776295e+09 -7.95157370e+08\n",
      "   3.19328607e+09 -5.29968742e+08]\n",
      " [-8.60504529e+08  2.98607616e+08 -1.52304078e+09  2.14403314e+08\n",
      "  -5.29968742e+08  1.37688308e+08]]\n",
      "after: [[ 3.29800634e+09 -9.79161050e+08  6.00569975e+09 -7.15373764e+08\n",
      "   2.15252874e+09 -4.68394734e+08]\n",
      " [-9.79161050e+08  4.33374069e+08 -1.70225018e+09  3.07048005e+08\n",
      "  -5.81876807e+08  1.94486955e+08]\n",
      " [ 6.00569975e+09 -1.70225018e+09  1.10073520e+10 -1.25046870e+09\n",
      "   3.97014449e+09 -8.23426640e+08]\n",
      " [-7.15373764e+08  3.07048005e+08 -1.25046870e+09  2.18202228e+08\n",
      "  -4.29886410e+08  1.38660586e+08]\n",
      " [ 2.15252874e+09 -5.81876807e+08  3.97014449e+09 -4.29886410e+08\n",
      "   1.44071589e+09 -2.84753074e+08]\n",
      " [-4.68394734e+08  1.94486955e+08 -8.23426640e+08  1.38660586e+08\n",
      "  -2.84753074e+08  8.84225081e+07]]\n",
      "before: [[ 7.24052104e+09 -1.78915286e+09  1.32265412e+10 -1.31611474e+09\n",
      "   4.75107795e+09 -8.67255792e+08]\n",
      " [-1.78915286e+09  6.95208819e+08 -3.13181278e+09  4.94057822e+08\n",
      "  -1.07743345e+09  3.13934747e+08]\n",
      " [ 1.32265412e+10 -3.13181278e+09  2.42955117e+10 -2.31536858e+09\n",
      "   8.77488928e+09 -1.53368598e+09]\n",
      " [-1.31611474e+09  4.94057822e+08 -2.31536858e+09  3.52215199e+08\n",
      "  -8.00714684e+08  2.24559703e+08]\n",
      " [ 4.75107795e+09 -1.07743345e+09  8.77488928e+09 -8.00714684e+08\n",
      "   3.18623368e+09 -5.33251127e+08]\n",
      " [-8.67255792e+08  3.13934747e+08 -1.53368598e+09  2.24559703e+08\n",
      "  -5.33251127e+08  1.43686897e+08]]\n",
      "after: [[ 3.26816160e+09 -9.96410178e+08  5.95864518e+09 -7.26804138e+08\n",
      "   2.13802093e+09 -4.75145996e+08]\n",
      " [-9.96410178e+08  4.72536771e+08 -1.72944814e+09  3.32998826e+08\n",
      "  -5.90263131e+08  2.09814086e+08]\n",
      " [ 5.95864518e+09 -1.72944814e+09  1.09331636e+10 -1.26849181e+09\n",
      "   3.94727082e+09 -8.34071848e+08]\n",
      " [-7.26804138e+08  3.32998826e+08 -1.26849181e+09  2.35398312e+08\n",
      "  -4.35443723e+08  1.48816974e+08]\n",
      " [ 2.13802093e+09 -5.90263131e+08  3.94727082e+09 -4.35443723e+08\n",
      "   1.43366350e+09 -2.88035458e+08]\n",
      " [-4.75145996e+08  2.09814086e+08 -8.34071848e+08  1.48816974e+08\n",
      "  -2.88035458e+08  9.44210965e+07]]\n",
      "before: [[ 7.17021867e+09 -1.75554626e+09  1.31156979e+10 -1.29384508e+09\n",
      "   4.71690243e+09 -8.54102517e+08]\n",
      " [-1.75554626e+09  7.03648862e+08 -3.07882928e+09  4.99649367e+08\n",
      "  -1.06109831e+09  3.17236543e+08]\n",
      " [ 1.31156979e+10 -3.07882928e+09  2.41207489e+10 -2.28025867e+09\n",
      "   8.72100591e+09 -1.51294879e+09]\n",
      " [-1.29384508e+09  4.99649367e+08 -2.28025867e+09  3.55919609e+08\n",
      "  -7.89890084e+08  2.26747149e+08]\n",
      " [ 4.71690243e+09 -1.06109831e+09  8.72100591e+09 -7.89890084e+08\n",
      "   3.16962021e+09 -5.26857722e+08]\n",
      " [-8.54102517e+08  3.17236543e+08 -1.51294879e+09  2.26747149e+08\n",
      "  -5.26857722e+08  1.44978579e+08]]\n",
      "after: [[ 3.19785923e+09 -9.62803576e+08  5.84780186e+09 -7.04534478e+08\n",
      "   2.10384541e+09 -4.61992722e+08]\n",
      " [-9.62803576e+08  4.80976813e+08 -1.67646463e+09  3.38590371e+08\n",
      "  -5.73927990e+08  2.13115882e+08]\n",
      " [ 5.84780186e+09 -1.67646463e+09  1.07584008e+10 -1.23338190e+09\n",
      "   3.89338745e+09 -8.13334656e+08]\n",
      " [-7.04534478e+08  3.38590371e+08 -1.23338190e+09  2.39102722e+08\n",
      "  -4.24619123e+08  1.51004421e+08]\n",
      " [ 2.10384541e+09 -5.73927990e+08  3.89338745e+09 -4.24619123e+08\n",
      "   1.41705003e+09 -2.81642054e+08]\n",
      " [-4.61992722e+08  2.13115882e+08 -8.13334656e+08  1.51004421e+08\n",
      "  -2.81642054e+08  9.57127792e+07]]\n",
      "before: [[ 7.12123318e+09 -1.68690447e+09  1.30384638e+10 -1.24836151e+09\n",
      "   4.69308935e+09 -8.27239683e+08]\n",
      " [-1.68690447e+09  6.07627089e+08 -2.97059677e+09  4.36023220e+08\n",
      "  -1.02772549e+09  2.79658615e+08]\n",
      " [ 1.30384638e+10 -2.97059677e+09  2.39989763e+10 -2.20854141e+09\n",
      "   8.68346066e+09 -1.47059220e+09]\n",
      " [-1.24836151e+09  4.36023220e+08 -2.20854141e+09  3.13759518e+08\n",
      "  -7.67776511e+08  2.01847184e+08]\n",
      " [ 4.69308935e+09 -1.02772549e+09  8.68346066e+09 -7.67776511e+08\n",
      "   3.15804419e+09 -5.13797331e+08]\n",
      " [-8.27239683e+08  2.79658615e+08 -1.47059220e+09  2.01847184e+08\n",
      "  -5.13797331e+08  1.30272532e+08]]\n",
      "after: [[ 3.14887375e+09 -8.94161787e+08  5.77056779e+09 -6.59050906e+08\n",
      "   2.08003233e+09 -4.35129887e+08]\n",
      " [-8.94161787e+08  3.84955041e+08 -1.56823213e+09  2.74964223e+08\n",
      "  -5.40555168e+08  1.75537954e+08]\n",
      " [ 5.77056779e+09 -1.56823213e+09  1.06366282e+10 -1.16166464e+09\n",
      "   3.85584220e+09 -7.70978068e+08]\n",
      " [-6.59050906e+08  2.74964223e+08 -1.16166464e+09  1.96942631e+08\n",
      "  -4.02505551e+08  1.26104455e+08]\n",
      " [ 2.08003233e+09 -5.40555168e+08  3.85584220e+09 -4.02505551e+08\n",
      "   1.40547401e+09 -2.68581663e+08]\n",
      " [-4.35129887e+08  1.75537954e+08 -7.70978068e+08  1.26104455e+08\n",
      "  -2.68581663e+08  8.10067322e+07]]\n",
      "before: [[ 7.12325048e+09 -1.68693780e+09  1.30417616e+10 -1.24838427e+09\n",
      "   4.69414357e+09 -8.27253540e+08]\n",
      " [-1.68693780e+09  6.07627625e+08 -2.97065126e+09  4.36023586e+08\n",
      "  -1.02774291e+09  2.79658837e+08]\n",
      " [ 1.30417616e+10 -2.97065126e+09  2.40043673e+10 -2.20857862e+09\n",
      "   8.68518405e+09 -1.47061486e+09]\n",
      " [-1.24838427e+09  4.36023586e+08 -2.20857862e+09  3.13759768e+08\n",
      "  -7.67788408e+08  2.01847336e+08]\n",
      " [ 4.69414357e+09 -1.02774291e+09  8.68518405e+09 -7.67788408e+08\n",
      "   3.15859512e+09 -5.13804573e+08]\n",
      " [-8.27253540e+08  2.79658837e+08 -1.47061486e+09  2.01847336e+08\n",
      "  -5.13804573e+08  1.30272625e+08]]\n",
      "after: [[ 3.15089105e+09 -8.94195119e+08  5.77386555e+09 -6.59073670e+08\n",
      "   2.08108655e+09 -4.35143744e+08]\n",
      " [-8.94195119e+08  3.84955577e+08 -1.56828662e+09  2.74964589e+08\n",
      "  -5.40572587e+08  1.75538176e+08]\n",
      " [ 5.77386555e+09 -1.56828662e+09  1.06420192e+10 -1.16170185e+09\n",
      "   3.85756558e+09 -7.71000721e+08]\n",
      " [-6.59073670e+08  2.74964589e+08 -1.16170185e+09  1.96942881e+08\n",
      "  -4.02517448e+08  1.26104607e+08]\n",
      " [ 2.08108655e+09 -5.40572587e+08  3.85756558e+09 -4.02517448e+08\n",
      "   1.40602494e+09 -2.68588905e+08]\n",
      " [-4.35143744e+08  1.75538176e+08 -7.71000721e+08  1.26104607e+08\n",
      "  -2.68588905e+08  8.10068248e+07]]\n",
      "before: [[ 7.12957853e+09 -1.68718700e+09  1.30521053e+10 -1.24855519e+09\n",
      "   4.69744993e+09 -8.27358030e+08]\n",
      " [-1.68718700e+09  6.07636575e+08 -2.97105860e+09  4.36029722e+08\n",
      "  -1.02787312e+09  2.79662588e+08]\n",
      " [ 1.30521053e+10 -2.97105860e+09  2.40212750e+10 -2.20885801e+09\n",
      "   8.69058856e+09 -1.47078566e+09]\n",
      " [-1.24855519e+09  4.36029722e+08 -2.20885801e+09  3.13763976e+08\n",
      "  -7.67877715e+08  2.01849907e+08]\n",
      " [ 4.69744993e+09 -1.02787312e+09  8.69058856e+09 -7.67877715e+08\n",
      "   3.16032266e+09 -5.13859170e+08]\n",
      " [-8.27358030e+08  2.79662588e+08 -1.47078566e+09  2.01849907e+08\n",
      "  -5.13859170e+08  1.30274196e+08]]\n",
      "after: [[ 3.15721910e+09 -8.94444316e+08  5.78420927e+09 -6.59244590e+08\n",
      "   2.08439291e+09 -4.35248234e+08]\n",
      " [-8.94444316e+08  3.84964527e+08 -1.56869396e+09  2.74970726e+08\n",
      "  -5.40702795e+08  1.75541927e+08]\n",
      " [ 5.78420927e+09 -1.56869396e+09  1.06589269e+10 -1.16198124e+09\n",
      "   3.86297010e+09 -7.71171521e+08]\n",
      " [-6.59244590e+08  2.74970726e+08 -1.16198124e+09  1.96947089e+08\n",
      "  -4.02606755e+08  1.26107179e+08]\n",
      " [ 2.08439291e+09 -5.40702795e+08  3.86297010e+09 -4.02606755e+08\n",
      "   1.40775248e+09 -2.68643502e+08]\n",
      " [-4.35248234e+08  1.75541927e+08 -7.71171521e+08  1.26107179e+08\n",
      "  -2.68643502e+08  8.10083963e+07]]\n",
      "before: [[ 7.15489058e+09 -1.68941588e+09  1.30934779e+10 -1.25008557e+09\n",
      "   4.71067395e+09 -8.28294604e+08]\n",
      " [-1.68941588e+09  6.07814054e+08 -2.97470175e+09  4.36151569e+08\n",
      "  -1.02903760e+09  2.79737148e+08]\n",
      " [ 1.30934779e+10 -2.97470175e+09  2.40888985e+10 -2.21135945e+09\n",
      "   8.71220323e+09 -1.47231651e+09]\n",
      " [-1.25008557e+09  4.36151569e+08 -2.21135945e+09  3.13847628e+08\n",
      "  -7.68677265e+08  2.01901096e+08]\n",
      " [ 4.71067395e+09 -1.02903760e+09  8.71220323e+09 -7.68677265e+08\n",
      "   3.16723142e+09 -5.14348486e+08]\n",
      " [-8.28294604e+08  2.79737148e+08 -1.47231651e+09  2.01901096e+08\n",
      "  -5.14348486e+08  1.30305520e+08]]\n",
      "after: [[ 3.18253115e+09 -8.96673196e+08  5.82558183e+09 -6.60774969e+08\n",
      "   2.09761693e+09 -4.36184809e+08]\n",
      " [-8.96673196e+08  3.85142005e+08 -1.57233711e+09  2.75092572e+08\n",
      "  -5.41867279e+08  1.75616487e+08]\n",
      " [ 5.82558183e+09 -1.57233711e+09  1.07265504e+10 -1.16448268e+09\n",
      "   3.88458477e+09 -7.72702371e+08]\n",
      " [-6.60774969e+08  2.75092572e+08 -1.16448268e+09  1.97030741e+08\n",
      "  -4.03406305e+08  1.26158368e+08]\n",
      " [ 2.09761693e+09 -5.41867279e+08  3.88458477e+09 -4.03406305e+08\n",
      "   1.41466124e+09 -2.69132817e+08]\n",
      " [-4.36184809e+08  1.75616487e+08 -7.72702371e+08  1.26158368e+08\n",
      "  -2.69132817e+08  8.10397201e+07]]\n",
      "before: [[ 7.19631112e+09 -1.69632856e+09  1.31611779e+10 -1.25483327e+09\n",
      "   4.73231251e+09 -8.31200977e+08]\n",
      " [-1.69632856e+09  6.08808783e+08 -2.98600036e+09  4.36834717e+08\n",
      "  -1.03264895e+09  2.80155322e+08]\n",
      " [ 1.31611779e+10 -2.98600036e+09  2.41995512e+10 -2.21911944e+09\n",
      "   8.74757051e+09 -1.47706690e+09]\n",
      " [-1.25483327e+09  4.36834717e+08 -2.21911944e+09  3.14316793e+08\n",
      "  -7.71157575e+08  2.02188285e+08]\n",
      " [ 4.73231251e+09 -1.03264895e+09  8.74757051e+09 -7.71157575e+08\n",
      "   3.17853565e+09 -5.15866843e+08]\n",
      " [-8.31200977e+08  2.80155322e+08 -1.47706690e+09  2.02188285e+08\n",
      "  -5.15866843e+08  1.30481316e+08]]\n",
      "after: [[ 3.22395169e+09 -9.03585878e+08  5.89328189e+09 -6.65522670e+08\n",
      "   2.11925549e+09 -4.39091181e+08]\n",
      " [-9.03585878e+08  3.86136734e+08 -1.58363571e+09  2.75775721e+08\n",
      "  -5.45478626e+08  1.76034661e+08]\n",
      " [ 5.89328189e+09 -1.58363571e+09  1.08372031e+10 -1.17224268e+09\n",
      "   3.91995204e+09 -7.77452765e+08]\n",
      " [-6.65522670e+08  2.75775721e+08 -1.17224268e+09  1.97499906e+08\n",
      "  -4.05886615e+08  1.26445557e+08]\n",
      " [ 2.11925549e+09 -5.45478626e+08  3.91995204e+09 -4.05886615e+08\n",
      "   1.42596547e+09 -2.70651175e+08]\n",
      " [-4.39091181e+08  1.76034661e+08 -7.77452765e+08  1.26445557e+08\n",
      "  -2.70651175e+08  8.12155161e+07]]\n",
      "before: [[ 7.25115851e+09 -1.71168864e+09  1.32508223e+10 -1.26538374e+09\n",
      "   4.76096460e+09 -8.37660221e+08]\n",
      " [-1.71168864e+09  6.12351887e+08 -3.01110565e+09  4.39268299e+08\n",
      "  -1.04067318e+09  2.81645160e+08]\n",
      " [ 1.32508223e+10 -3.01110565e+09  2.43460689e+10 -2.23636367e+09\n",
      "   8.79440042e+09 -1.48762422e+09]\n",
      " [-1.26538374e+09  4.39268299e+08 -2.23636367e+09  3.15988298e+08\n",
      "  -7.76669228e+08  2.03211580e+08]\n",
      " [ 4.76096460e+09 -1.04067318e+09  8.79440042e+09 -7.76669228e+08\n",
      "   3.19350340e+09 -5.19241205e+08]\n",
      " [-8.37660221e+08  2.81645160e+08 -1.48762422e+09  2.03211580e+08\n",
      "  -5.19241205e+08  1.31107777e+08]]\n",
      "after: [[ 3.27879908e+09 -9.18945951e+08  5.98292626e+09 -6.76073140e+08\n",
      "   2.14790758e+09 -4.45550425e+08]\n",
      " [-9.18945951e+08  3.89679839e+08 -1.60874100e+09  2.78209302e+08\n",
      "  -5.53502855e+08  1.77524499e+08]\n",
      " [ 5.98292626e+09 -1.60874100e+09  1.09837208e+10 -1.18948690e+09\n",
      "   3.96678195e+09 -7.88010084e+08]\n",
      " [-6.76073140e+08  2.78209302e+08 -1.18948690e+09  1.99171411e+08\n",
      "  -4.11398268e+08  1.27468851e+08]\n",
      " [ 2.14790758e+09 -5.53502855e+08  3.96678195e+09 -4.11398268e+08\n",
      "   1.44093322e+09 -2.74025537e+08]\n",
      " [-4.45550425e+08  1.77524499e+08 -7.88010084e+08  1.27468851e+08\n",
      "  -2.74025537e+08  8.18419770e+07]]\n",
      "before: [[ 7.31309792e+09 -1.74011272e+09  1.33520573e+10 -1.28490842e+09\n",
      "   4.79332101e+09 -8.49614200e+08]\n",
      " [-1.74011272e+09  6.22376580e+08 -3.05756305e+09  4.46154133e+08\n",
      "  -1.05552191e+09  2.85860896e+08]\n",
      " [ 1.33520573e+10 -3.05756305e+09  2.45115294e+10 -2.26827555e+09\n",
      "   8.84728437e+09 -1.50716226e+09]\n",
      " [-1.28490842e+09  4.46154133e+08 -2.26827555e+09  3.20718090e+08\n",
      "  -7.86868915e+08  2.06107315e+08]\n",
      " [ 4.79332101e+09 -1.05552191e+09  8.84728437e+09 -7.86868915e+08\n",
      "   3.21040600e+09 -5.25485961e+08]\n",
      " [-8.49614200e+08  2.85860896e+08 -1.50716226e+09  2.06107315e+08\n",
      "  -5.25485961e+08  1.32880642e+08]]\n",
      "after: [[ 3.34073849e+09 -9.47370035e+08  6.08416125e+09 -6.95597816e+08\n",
      "   2.18026399e+09 -4.57504404e+08]\n",
      " [-9.47370035e+08  3.99704531e+08 -1.65519841e+09  2.85095136e+08\n",
      "  -5.68351591e+08  1.81740235e+08]\n",
      " [ 6.08416125e+09 -1.65519841e+09  1.11491813e+10 -1.22139878e+09\n",
      "   4.01966590e+09 -8.07548121e+08]\n",
      " [-6.95597816e+08  2.85095136e+08 -1.22139878e+09  2.03901203e+08\n",
      "  -4.21597955e+08  1.30364587e+08]\n",
      " [ 2.18026399e+09 -5.68351591e+08  4.01966590e+09 -4.21597955e+08\n",
      "   1.45783582e+09 -2.80270293e+08]\n",
      " [-4.57504404e+08  1.81740235e+08 -8.07548121e+08  1.30364587e+08\n",
      "  -2.80270293e+08  8.36148419e+07]]\n",
      "before: [[ 7.36898764e+09 -1.78543987e+09  1.34434042e+10 -1.31604462e+09\n",
      "   4.82251693e+09 -8.68677758e+08]\n",
      " [-1.78543987e+09  6.46802925e+08 -3.13164724e+09  4.62932755e+08\n",
      "  -1.07920066e+09  2.96133614e+08]\n",
      " [ 1.34434042e+10 -3.13164724e+09  2.46608281e+10 -2.31916557e+09\n",
      "   8.89500259e+09 -1.53832036e+09]\n",
      " [-1.31604462e+09  4.62932755e+08 -2.31916557e+09  3.32243439e+08\n",
      "  -8.03134356e+08  2.13163715e+08]\n",
      " [ 4.82251693e+09 -1.07920066e+09  8.89500259e+09 -8.03134356e+08\n",
      "   3.22565749e+09 -5.35444698e+08]\n",
      " [-8.68677758e+08  2.96133614e+08 -1.53832036e+09  2.13163715e+08\n",
      "  -5.35444698e+08  1.37200926e+08]]\n",
      "after: [[ 3.39662821e+09 -9.92697187e+08  6.17550819e+09 -7.26734012e+08\n",
      "   2.20945991e+09 -4.76567962e+08]\n",
      " [-9.92697187e+08  4.24130877e+08 -1.72928259e+09  3.01873758e+08\n",
      "  -5.92030338e+08  1.92012953e+08]\n",
      " [ 6.17550819e+09 -1.72928259e+09  1.12984800e+10 -1.27228880e+09\n",
      "   4.06738412e+09 -8.38706228e+08]\n",
      " [-7.26734012e+08  3.01873758e+08 -1.27228880e+09  2.15426552e+08\n",
      "  -4.37863396e+08  1.37420986e+08]\n",
      " [ 2.20945991e+09 -5.92030338e+08  4.06738412e+09 -4.37863396e+08\n",
      "   1.47308731e+09 -2.90229030e+08]\n",
