"fs.properties.SRK_kappa_A[""R32"", ""emimTf2N""]","fs.properties.SRK_kappa_A[""emimTf2N"", ""R32""]","fs.properties.SRK_kappa_B[""R32"", ""emimTf2N""]","fs.properties.SRK_kappa_B[""emimTf2N"", ""R32""]","fs.properties.SRK_kappa_C[""R32"", ""emimTf2N""]","fs.properties.SRK_kappa_C[""emimTf2N"", ""R32""]","fs.properties.SRK_kappa_D[""R32"", ""emimTf2N""]","fs.properties.SRK_kappa_D[""emimTf2N"", ""R32""]"
334833410813624.8,-26252897323980.76,1042628694174187.2,-65670119530825.82,1075254254627325.2,-54181622345476.07,376419882217352.06,-16988899173201.43
-26252897323980.76,2058380662278.3748,-81748186325488.61,5148921372891.145,-84306221040818.48,4248156015333.356,-29513519856170.098,1332029036641.6748
1042628694174187.2,-81748186325488.61,3246613267397198.5,-204488407552612.12,3348205116936044.5,-168714687154523.28,1172123681755086.0,-52901273255169.336
-65670119530825.82,5148921372891.145,-204488407552612.12,12879732009758.766,-210887184931224.22,10626519041679.494,-73826380106232.27,3331994369051.441
1075254254627325.2,-84306221040818.48,3348205116936044.5,-210887184931224.22,3452975941931057.5,-173994046197535.16,1208801352580119.5,-54556640787521.32
-54181622345476.07,4248156015333.356,-168714687154523.28,10626519041679.494,-173994046197535.16,8767488862160.874,-60911006019591.8,2749086827479.508
376419882217352.06,-29513519856170.098,1172123681755086.0,-73826380106232.27,1208801352580119.5,-60911006019591.8,423171413462660.3,-19098928658999.68
-16988899173201.43,1332029036641.6748,-52901273255169.336,3331994369051.441,-54556640787521.32,2749086827479.508,-19098928658999.68,861988934783.6246
