[{"model_name": "PR_3Param_Opt1", "0": [[3027705849.01338, -113787757.01934268, 5032979899.058607], [-113787757.01934268, 4276390.869249118, -189150307.98779082], [5032979899.058607, -189150307.98779082, 8366363156.639674]], "1": [[15393402907.69722, -1575611901.3227832, 25588578030.742416], [-1575611901.3227832, 161273818.30229595, -2619152394.3678665], [25588578030.742416, -2619152394.3678665, 42536100013.85617]], "2": [[31969350973.07074, -5814047116.784463, 53142910399.505905], [-5814047116.784463, 1057360967.5299219, -9664737493.296207], [53142910399.505905, -9664737493.296207, 88339889292.99318]], "3": [[47575247110.38139, -13485812040.46607, 79084717557.59796], [-13485812040.46607, 3822725838.266732, -22417574285.649635], [79084717557.59796, -22417574285.649635, 131463164797.7352]], "4": [[56393037491.88833, -23216823314.64796, 93742601601.02843], [-23216823314.64796, 9558287845.394295, -38593512873.63391], [93742601601.02843, -38593512873.63391, 155829083620.35245]], "5": [[51105848647.64777, -33204832137.19764, 84953664514.06302], [-33204832137.19764, 21574064543.20215, -55196660348.5627], [84953664514.06302, -55196660348.5627, 141219161903.10928]], "6": [[2716512044.3131943, -69443983.5772963, 4754900121.176168], [-69443983.5772963, 1775242.2136979864, -121552638.287722], [4754900121.176168, -121552638.287722, 8322832659.509635]], "7": [[14658943119.626062, -978307038.7221669, 25658568509.05467], [-978307038.7221669, 65290154.563185856, -1712398907.0082052], [25658568509.05467, -1712398907.0082052, 44911978480.38626]], "8": [[32939496476.133633, -3723642415.5223985, 57656293489.075226], [-3723642415.5223985, 420938821.8403327, -6517750510.038411], [57656293489.075226, -6517750510.038411, 100919823753.43741]], "9": [[53994971114.011566, -8871467803.345167, 94511156319.04366], [-8871467803.345167, 1457597612.5555644, -15528347604.277937], [94511156319.04366, -15528347604.277937, 165429455456.17267]], "10": [[75616146733.01794, -16864132565.351643, 132356204921.72762], [-16864132565.351643, 3761087802.925171, -29518465064.4493], [132356204921.72762, -29518465064.4493, 231672278185.96332]], "11": [[94534533117.63829, -27255817743.21904, 165470373359.57523], [-27255817743.21904, 7858288144.578216, -47707754927.80749], [165470373359.57523, -47707754927.80749, 289634311999.8819]], "12": [[110773625908.76552, -41675795705.37281, 193894787653.7351], [-41675795705.37281, 15679471836.612803, -72948046001.93448], [193894787653.7351, -72948046001.93448, 339387542574.8985]], "13": [[2089871566.6538851, -30525972.241516385, 3964776475.5156364], [-30525972.241516385, 445881.45805619983, -57912006.922601335], [3964776475.5156364, -57912006.922601335, 7521731359.774788]], "14": [[12636781637.75547, -482114693.2353594, 23973728986.56485], [-482114693.2353594, 18393494.80717223, -914638499.5316172], [23973728986.56485, -914638499.5316172, 45481491885.883705]], "15": [[29376209311.58505, -1809995844.756211, 55730747020.30135], [-1809995844.756211, 111521705.31215428, -3433813378.097226], [55730747020.30135, -3433813378.097226, 105728963546.56462]], "16": [[52468518842.97399, -4591944638.716317, 99540063825.54904], [-4591944638.716317, 401878231.5571145, -8711556424.703941], [99540063825.54904, -8711556424.703941, 188841319040.2301]], "17": [[78618232362.69539, -8935160374.631676, 149149700409.7957], [-8935160374.631676, 1015503510.0772763, -16951239590.85796], [149149700409.7957, -16951239590.85796, 282957686325.2835]], "18": [[105507009449.64719, -14688783352.570837, 200161443166.4011], [-14688783352.570837, 2044985991.966088, -27866661082.95251], [200161443166.4011, -27866661082.95251, 379734043637.8977]], "19": [[137112294839.35739, -23173746742.6752, 260121056892.4242], [-23173746742.6752, 3916662168.9384775, -43963814491.79672], [260121056892.4242, -43963814491.79672, 493485754272.4861]], "20": [[1527117730.8182142, -13891528.93309492, 3120391657.180698], [-13891528.93309492, 126365.22528987956, -28384852.139126677], [3120391657.180698, -28384852.139126677, 6375961654.892186]], "21": [[9618439834.227383, -226798076.34683397, 19653559647.25629], [-226798076.34683397, 5347786.992603892, -463421261.47151124], [19653559647.25629, -463421261.47151124, 40158530225.84176]], "22": [[24103084182.425793, -929335831.0852886, 49250336935.52592], [-929335831.0852886, 35832140.00342352, -1898931375.7854967], [49250336935.52592, -1898931375.7854967, 100634245389.69975]], "23": [[44247819992.82325, -2387561203.666302, 90412497698.93675], [-2387561203.666302, 128830041.84561096, -4878553833.105503], [90412497698.93675, -4878553833.105503, 184741750926.62393]], "24": [[69225013256.3856, -4824529602.905766, 141448920024.3281], [-4824529602.905766, 336238084.9694814, -9858062423.606274], [141448920024.3281, -9858062423.606274, 289025541995.1569]], "25": [[98123512231.59746, -8403515534.811078, 200497828466.26965], [-8403515534.811078, 719695735.891836, -17171079366.129957], [200497828466.26965, -17171079366.129957, 409681413816.5837]], "26": [[128982124991.99806, -13050662537.777948, 263551878469.45126], [-13050662537.777948, 1320491445.5047724, -26666692204.952114], [263551878469.45126, -26666692204.952114, 538521075296.95]], "Total": [[1384334851724.1494, -260398087456.90222, 2576424666050.8843], [-260398087456.90222, 75478391603.40297, -465599864149.3541], [2576424666050.8843, -465599864149.3541, 4820921495268.805]]}]