[{"model_name": "PR_3Param_Opt2", "0": [[973134136.2558738, -101720802.53176276, 5376818953.6946945], [-101720802.53176276, 10632780.499835663, -562033864.2544625], [5376818953.6946945, -562033864.2544625, 29708321785.979282]], "1": [[7857275838.597711, -2193837709.9914865, 18979878411.934143], [-2193837709.9914865, 612543583.3801215, -5299390507.153907], [18979878411.934143, -5299390507.153907, 45847414795.11238]], "2": [[14801714993.560175, -7486295942.20841, 53945211130.269875], [-7486295942.20841, 3786360361.533079, -27283988062.317062], [53945211130.269875, -27283988062.317062, 196604637040.74103]], "3": [[328594012225.9045, -220758221409.1293, -2686416578388.7197], [-220758221409.1293, 148311261028.75537, 1804806307308.4204], [-2686416578388.7197, 1804806307308.4204, 21962767926763.895]], "4": [[25276485865.397675, -30226192161.41923, 140310075101.525], [-30226192161.41923, 36145162640.26037, -167785953901.43384], [140310075101.525, -167785953901.43384, 778862903642.2366]], "5": [[3412549087.001167, -10390900166.979015, 150559792837.05573], [-10390900166.979015, 31639341596.989494, -458440812614.2666], [150559792837.05573, -458440812614.2666, 6642615429469.833]], "6": [[2925010.6433569887, -680382.9326438628, 847226931.1347275], [-680382.9326438628, 158262.99165249398, -197072357.7808032], [847226931.1347275, -197072357.7808032, 245398584948.79456]], "7": [[8247584469.903812, -1497654488.4566884, 17734626158.904083], [-1497654488.4566884, 271954652.295986, -3220378350.15879], [17734626158.904083, -3220378350.15879, 38134433923.50646]], "8": [[230610379868.2302, -63725677871.46098, -1700988774602.5295], [-63725677871.46098, 17609623740.690376, 470042427297.63226], [-1700988774602.5295, 470042427297.63226, 12546541976892.238]], "9": [[2396613055.789772, -1552936706.0311303, 90768074482.08939], [-1552936706.0311303, 1006258564.3989587, -58815115881.338486], [90768074482.08939, -58815115881.338486, 3437702771952.531]], "10": [[24565831535.32068, -16103237509.45733, 177172778899.30936], [-16103237509.45733, 10555891743.910734, -116139172196.3099], [177172778899.30936, -116139172196.3099, 1277798943535.4888]], "11": [[316694303791.5397, -178575578576.60013, -5557671509555.06], [-178575578576.60013, 100694066429.93556, 3133824617226.9634], [-5557671509555.06, 3133824617226.9634, 97531632992210.36]], "12": [[46798651940.262436, -51603486620.72316, 264737326104.59424], [-51603486620.72316, 56901635432.02739, -291918004028.8965], [264737326104.59424, -291918004028.8965, 1497604074631.7544]], "13": [[7915580147.475951, -261969866.6924161, -128475826179.78845], [-261969866.6924161, 8670016.571902921, 4251968198.218469], [-128475826179.78845, 4251968198.218469, 2085259400455.0017]], "14": [[8179260311.059646, -849456468.0536902, 16398068271.716461], [-849456468.0536902, 88220237.97709012, -1703020154.299374], [16398068271.716461, -1703020154.299374, 32875423059.99034]], "15": [[16398663450.752466, -2786000819.088022, 49081655404.48647], [-2786000819.088022, 473319096.2342101, -8338577870.675238], [49081655404.48647, -8338577870.675238, 146902758537.56952]], "16": [[717949703076.5356, -151662355632.53668, -5581569404724.961], [-151662355632.53668, 32037717986.99108, 1179071403497.5264], [-5581569404724.961, 1179071403497.5264, 43392896307724.58]], "17": [[33192694543.17963, -10737787258.111162, 166955080150.91986], [-10737787258.111162, 3473658188.565052, -54009719819.201645], [166955080150.91986, -54009719819.201645, 839763061475.4524]], "18": [[231833158146.68304, -81845734500.72218, -826782815734.2568], [-81845734500.72218, 28894590875.237785, 291885109823.3795], [-826782815734.2568, 291885109823.3795, 2948542088879.99]], "19": [[23941828145.526333, -13001436922.928345, 322359964397.8835], [-13001436922.928345, 7060336455.237236, -175055251341.76724], [322359964397.8835, -175055251341.76724, 4340351372291.5933]], "20": [[1784662572.011646, -43018308.920843706, -1263221693.4557014], [-43018308.920843706, 1036932.656868127, 30449263.57330145], [-1263221693.4557014, 30449263.57330145, 894134875.6019504]], "21": [[27140310422.77924, -1627197769.5749078, -113597499727.46414], [-1627197769.5749078, 97558669.74488407, 6810740013.889907], [-113597499727.46414, 6810740013.889907, 475469578030.3376]], "22": [[28944057667.600086, -2950914756.4939547, -23054494228.50917], [-2950914756.4939547, 300852700.0635912, 2350459911.4507403], [-23054494228.50917, 2350459911.4507403, 18363344567.52183]], "23": [[27300101516.85017, -4082519564.097706, 80033652657.82088], [-4082519564.097706, 610509304.5516089, -11968415302.781355], [80033652657.82088, -11968415302.781355, 234628635127.93845]], "24": [[130333691597.38483, -23399991935.88965, -339301536110.0137], [-23399991935.88965, 4201213177.4121213, 60917887857.69804], [-339301536110.0137, 60917887857.69804, 883313677343.3103]], "25": [[20289235364.3992, -5449496696.700218, 245037672769.6862], [-5449496696.700218, 1463683264.2522783, -65814801018.5033], [245037672769.6862, -65814801018.5033, 2959375254808.268]], "26": [[84688065781.92429, -23748095984.313526, 207633650584.77686], [-23748095984.313526, 6659404222.696767, -58224306082.96101], [207633650584.77686, -58224306082.96101, 509065031266.3407]], "Total": [[2370122474562.57, -906662396832.0444, -14951190107696.957], [-906662396832.0444, 492915661945.86145, 5449215357044.655], [-14951190107696.957, 5449215357044.655, 205098920480036.0]]}]