[{"model_name": "PR_linTdep", "0": [[8624640106.28021, -1625680442.8674433, 12074645953.11434, -1785811203.4809558], [-1625680442.8674433, 306428659.02279794, -2275980857.013716, 336612115.1001498], [12074645953.11434, -2275980857.013716, 16904714063.012945, -2500166703.23855], [-1785811203.4809558, 336612115.1001498, -2500166703.23855, 369768664.56791335]], "1": [[43462325824.858635, -22311475113.668583, 60836053925.50247, -24555410397.972996], [-22311475113.668583, 11453642029.049686, -31230314471.48889, 12605570861.717112], [60836053925.50247, -31230314471.48889, 85154795262.01085, -34371245504.75637], [-24555410397.972996, 12605570861.717112, -34371245504.75637, 13873352803.130651]], "2": [[89522505545.40744, -81652917486.76364, 125308433638.93349, -89865008380.20605], [-81652917486.76364, 74475115430.25912, -114293038716.67978, 81965312180.57176], [125308433638.93349, -114293038716.67978, 175399509267.29315, -125787849328.69809], [-89865008380.20605, 81965312180.57176, -125787849328.69809, 90208821591.55333]], "3": [[132093979576.42757, -187777651731.4037, 184897524573.2738, -206663041125.8886], [-187777651731.4037, 266934546168.01193, -262840313287.93915, 293780993552.67664], [184897524573.2738, -262840313287.93915, 258808877610.83957, -289274990786.78973], [-206663041125.8886, 293780993552.67664, -289274990786.78973, 323327472639.9593]], "4": [[155445840662.63016, -320896676472.60004, 217604549819.2602, -353136179559.5084], [-320896676472.60004, 662447296963.386, -449214829580.8599, 729001341430.6827], [217604549819.2602, -449214829580.8599, 304618894273.35736, -494346063235.7331], [-353136179559.5084, 729001341430.6827, -494346063235.7331, 802241866249.3362]], "5": [[139923234861.51804, -455677621634.34937, 195876088863.5907, -501468386927.8591], [-455677621634.34937, 1483971515265.785, -637895131546.4971, 1633094904547.1584], [195876088863.5907, -637895131546.4971, 274203510421.0499, -701996822882.0374], [-501468386927.8591, 1633094904547.1584, -701996822882.0374, 1797203611944.1438]], "6": [[7571344913.915309, -970419553.2765132, 11161782227.406906, -1121286048.4034605], [-970419553.2765132, 124378709.47480139, -1430606034.4685404, 143715273.64801866], [11161782227.406906, -1430606034.4685404, 16454854970.757214, -1653015524.8781288], [-1121286048.4034605, 143715273.64801866, -1653015524.8781288, 166058001.13973135]], "7": [[41447193447.32601, -13865655785.75023, 61088779575.79155, -16068582803.76144], [-13865655785.75023, 4638586943.486094, -20436510159.51097, 5375549454.390274], [61088779575.79155, -20436510159.51097, 90038400182.68855, -23683391596.630924], [-16068582803.76144, 5375549454.390274, -23683391596.630924, 6229597997.979661]], "8": [[94715920698.73427, -53665616619.005905, 139601249659.08667, -62191822547.50586], [-53665616619.005905, 30406698112.122234, -79097443053.61316, 35237608218.87146], [139601249659.08667, -79097443053.61316, 205757477334.42114, -91664168834.12086], [-62191822547.50586, 35237608218.87146, -91664168834.12086, 40836036468.28242]], "9": [[158052596128.74353, -130146955619.21303, 232952810480.26596, -150824249803.8784], [-130146955619.21303, 107168312775.78114, -191822847770.56216, 124194840365.2742], [232952810480.26596, -191822847770.56216, 343347804717.1772, -222298992493.43307], [-150824249803.8784, 124194840365.2742, -222298992493.43307, 143926483247.21664]], "10": [[225636376948.83966, -252196632363.4788, 332564155374.84265, -292264753237.1709], [-252196632363.4788, 281883365774.3979, -371711162732.226, 326668011256.31476], [332564155374.84265, -371711162732.226, 490164391645.3217, -430767335127.85815], [-292264753237.1709, 326668011256.31476, -430767335127.85815, 378567884929.9732]], "11": [[287713445954.3061, -415746009167.17065, 424059189555.2791, -481798284337.5179], [-415746009167.17065, 600753098504.4054, -612765646469.8966, 696198654437.3212], [424059189555.2791, -612765646469.8966, 625018395125.1262, -710119714105.1931], [-481798284337.5179, 696198654437.3212, -710119714105.1931, 806808267234.9]], "12": [[345250684567.06116, -651098424424.5292, 508862993766.36865, -754542670240.7712], [-651098424424.5292, 1227887958628.394, -959650214465.7628, 1422970513066.187], [508862993766.36865, -959650214465.7628, 750010233142.8536, -1112116092064.139], [-754542670240.7712, 1422970513066.187, -1112116092064.139, 1649047103057.9126]], "13": [[5573369777.080811, -407924735.4726637, 8903351631.107594, -512373367.786128], [-407924735.4726637, 29856728.777396873, -651651963.5705868, 37501507.862783164], [8903351631.107594, -651651963.5705868, 14222933958.755861, -818506656.1659379], [-512373367.786128, 37501507.862783164, -818506656.1659379, 47103723.33378594]], "14": [[34542456755.43626, -6601372588.429402, 55180914052.0994, -8291646008.527363], [-6601372588.429402, 1261581373.8960195, -10545566460.63339, 1584607749.8537583], [55180914052.0994, -10545566460.63339, 88150454878.86362, -13245745923.239065], [-8291646008.527363, 1584607749.8537583, -13245745923.239065, 1990344636.384548]], "15": [[82309388523.4544, -25396478997.249516, 131487674006.48921, -31899216543.885044], [-25396478997.249516, 7836058036.97528, -40570389492.7058, 9842471162.990616], [131487674006.48921, -40570389492.7058, 210049044535.3048, -50958388359.17929], [-31899216543.885044, 9842471162.990616, -50958388359.17929, 12362623928.662905]], "16": [[151088811849.87686, -66199680337.867935, 241361487340.1562, -83150027932.51678], [-66199680337.867935, 29005441390.26182, -105752723263.63008, 36432249362.62471], [241361487340.1562, -105752723263.63008, 385570359961.10297, -132830579368.83327], [-83150027932.51678, 36432249362.62471, -132830579368.83327, 45760682478.9122]], "17": [[232723607210.96332, -132387969891.90518, 371771511609.9061, -166285748468.30298], [-132387969891.90518, 75310686277.78789, -211487249942.22128, 94593895847.09715], [371771511609.9061, -211487249942.22128, 593897879553.8517, -265638302912.71524], [-166285748468.30298, 94593895847.09715, -265638302912.71524, 118814547759.21472]], "18": [[320849221629.96814, -223541699748.90958, 512550495154.368, -280779279896.18567], [-223541699748.90958, 155745715301.32156, -357103590003.6945, 195624216145.53696], [512550495154.368, -357103590003.6945, 818789613228.2535, -448539529592.03613], [-280779279896.18567, 195624216145.53696, -448539529592.03613, 245713558594.64236]], "19": [[430218424402.15027, -363826918637.7761, 687265704747.05, -456984358292.0098], [-363826918637.7761, 307680980677.2129, -581206544073.5436, 386462321259.4621], [687265704747.05, -581206544073.5436, 1097893818884.7555, -730023772218.4517], [-456984358292.0098, 386462321259.4621, -730023772218.4517, 485415528202.3673]], "20": [[3924655877.635827, -178819749.9328816, 6754566767.850594, -239555335.27818653], [-178819749.9328816, 8147594.072711574, -307759451.52663726, 10914899.671493651], [6754566767.850594, -307759451.52663726, 11625012139.621054, -412289015.1852162], [-239555335.27818653, 10914899.671493651, -412289015.1852162, 14622112.218107019]], "21": [[25248611419.140778, -2980474641.5869746, 43442083297.75049, -4032082561.950019], [-2980474641.5869746, 351830401.35065407, -5128124691.581973, 475967554.38070095], [43442083297.75049, -5128124691.581973, 74745282816.54369, -6937493060.978827], [-4032082561.950019, 475967554.38070095, -6937493060.978827, 643904312.8548685]], "22": [[64759318355.43561, -12495272510.999744, 111423145432.25887, -16904009077.075436], [-12495272510.999744, 2410955505.5414023, -21499030588.42142, 3261618641.3077335], [111423145432.25887, -21499030588.42142, 191711674138.95795, -29084584421.4342], [-16904009077.075436, 3261618641.3077335, -29084584421.4342, 4412423264.085586]], "23": [[121804663295.35173, -32878209123.90071, 209573835187.5968, -44478705442.396286], [-32878209123.90071, 8874673645.078741, -56569364372.26421, 12005945745.685524], [209573835187.5968, -56569364372.26421, 360587117167.5748, -76528867052.81137], [-44478705442.396286, 12005945745.685524, -76528867052.81137, 16242031990.46937]], "24": [[195418707620.2898, -68106259356.005005, 336232184491.8855, -92136351986.73366], [-68106259356.005005, 23736021079.825314, -117181802293.64531, 32110857557.800808], [336232184491.8855, -117181802293.64531, 578512074227.0605, -158527334853.7704], [-92136351986.73366, 32110857557.800808, -158527334853.7704, 43440607405.500404]], "25": [[284262795394.1155, -121701087355.13864, 489094937858.56647, -164641169948.8565], [-121701087355.13864, 52103739579.73711, -209395625181.11258, 70487625292.004], [489094937858.56647, -209395625181.11258, 841523625725.3345, -283277179039.39465], [-164641169948.8565, 70487625292.004, -283277179039.39465, 95357940896.01564]], "26": [[383346826221.1587, -193844635404.46262, 659576262448.6625, -262239296735.5731], [-193844635404.46262, 98020226345.66174, -333523878040.50165, 132604934715.44514], [659576262448.6625, -333523878040.50165, 1134849218067.5183, -451201897021.1267], [-262239296735.5731, 132604934715.44514, -451201897021.1267, 179392247564.07346]], "Total": [[4065530947568.106, -3838178539493.714, 6371506411438.464, -4548859308211.002], [-3838178539493.714, 5514826857901.077, -5785587338965.573, 6337108754201.637], [6371506411438.464, -5785587338965.573, 10038009967299.408, -6888604317682.829], [-4548859308211.002, 6337108754201.637, -6888604317682.829, 7302414491698.831]]}]