[{"model_name": "PR_polyTdep", "0": [[7335115344124.424, -237654303906.58374, 18605524248812.13, -488247325329.8344, 15619729167486.938, -327951521450.0838, 4444024638779.601, -81620554392.19894], [-237654303906.58374, 7699888211.10552, -602810277238.5671, 15818984813.709682, -506071914122.24146, 10625475795.381395, -143984318245.09265, 2644467759.335955], [18605524248812.13, -602810277238.5671, 47192922855728.76, -1238439618828.6863, 39619451931092.46, -831849220975.3674, 11272271027798.291, -207030582710.87326], [-488247325329.8344, 15818984813.709682, -1238439618828.6863, 32499209556.764336, -1039696123457.7876, 21829439030.44603, -295807637888.34814, 5432909436.911701], [15619729167486.938, -506071914122.24146, 39619451931092.46, -1039696123457.7876, 33261363703172.28, -698354927604.3531, 9463308757234.299, -173806531226.1923], [-327951521450.0838, 10625475795.381395, -831849220975.3674, 21829439030.44603, -698354927604.3531, 14662646103.79662, -198691441548.61258, 3649238456.210828], [4444024638779.601, -143984318245.09265, 11272271027798.291, -295807637888.34814, 9463308757234.299, -198691441548.61258, 2692439595499.994, -49450313694.15776], [-81620554392.19894, 2644467759.335955, -207030582710.87326, 5432909436.911701, -173806531226.1923, 3649238456.210828, -49450313694.15776, 908222241.4711223]], "1": [[36641771581701.85, -3233682337551.244, 92941874491631.06, -6643417461609.729, 78026659634630.8, -4462326266378.183, 22199642145842.348, -1110583498687.4656], [-3233682337551.244, 285376525446.5137, -8202237091412.296, 586289930296.7906, -6885950657599.4375, 393805894450.3665, -1959146286005.9243, 98010387845.84673], [92941874491631.06, -8202237091412.296, 235747117596569.44, -16851032176096.648, 197914666614660.75, -11318693116834.475, 56309404949960.47, -2816995677114.934], [-6643417461609.729, 586289930296.7906, -16851032176096.648, 1204499500544.3777, -14146796148542.268, 809051936022.1305, -4024955232973.112, 201356798246.08676], [78026659634630.8, -6885950657599.4375, 197914666614660.75, -14146796148542.268, 166153527816292.2, -9502281078004.36, 47272930509431.29, -2364927155738.2373], [-4462326266378.183, 393805894450.3665, -11318693116834.475, 809051936022.1305, -9502281078004.36, 543433214281.388, -2703527749216.6343, 135249626403.8193], [22199642145842.348, -1959146286005.9243, 56309404949960.47, -4024955232973.112, 47272930509431.29, -2703527749216.6343, 13449789410552.574, -672853827194.6243], [-1110583498687.4656, 98010387845.84673, -2816995677114.934, 201356798246.08676, -2364927155738.2373, 135249626403.8193, -672853827194.6243, 33660919063.55381]], "2": [[231056694150994.97, -58408964694920.66, 1199214192322110.8, 578417656647724.2, 1624056532261462.2, 951096824232222.9, 1.2454794478594298e+16, -1.1594934924742774e+16], [-58408964694920.66, 14765238329355.7, -303150097764385.94, -146218557355353.62, -410546255774890.44, -240428354747114.97, -3148455203411273.0, 2931090774702347.5], [1199214192322110.8, -303150097764385.94, 6224077100864984.0, 3002062612773089.0, 8429063913416120.0, 4936315799387360.0, 6.4641997740280696e+16, -6.017921520038749e+16], [578417656647724.2, -146218557355353.62, 3002062612773089.0, 1447986550448981.5, 4065595143675948.5, 2380935979106433.0, 3.117881116930412e+16, -2.902627475389114e+16], [1624056532261462.2, -410546255774890.44, 8429063913416120.0, 4065595143675948.5, 1.1415205387892754e+16, 6685090929233404.0, 8.754254190842261e+16, -8.149874157452096e+16], [951096824232222.9, -240428354747114.97, 4936315799387360.0, 2380935979106433.0, 6685090929233404.0, 3914992259317428.5, 5.126757101144586e+16, -4.7728137999306056e+16], [1.2454794478594298e+16, -3148455203411273.0, 6.4641997740280696e+16, 3.117881116930412e+16, 8.754254190842261e+16, 5.126757101144586e+16, 6.71358629422142e+17, -6.250090784470988e+17], [-1.1594934924742774e+16, 2931090774702347.5, -6.017921520038749e+16, -2.902627475389114e+16, -8.149874157452096e+16, -4.7728137999306056e+16, -6.250090784470988e+17, 5.818594280638408e+17]], "3": [[313127127860594.4, -88454521518616.19, 1096509277017596.4, 71162781757824.05, 1209768517519195.5, 241405575033568.28, 3993825380947582.5, -3506461111240568.0], [-88454521518616.19, 24987302858571.566, -309750241385972.06, -20102601308706.957, -341744569039981.75, -68194074328262.336, -1128206027738042.8, 990531679377538.1], [1096509277017596.4, -309750241385972.06, 3839758639886787.0, 249197988398412.56, 4236370101712159.0, 845354582838706.4, 1.3985586655867866e+16, -1.2278933365647148e+16], [71162781757824.05, -20102601308706.957, 249197988398412.56, 16172797106759.38, 274937829813432.0, 54862995642089.65, 907656024264252.4, -796895269044212.0], [1209768517519195.5, -341744569039981.75, 4236370101712159.0, 274937829813432.0, 4673947849808039.0, 932671872362488.2, 1.543016807055614e+16, -1.354723332107071e+16], [241405575033568.28, -68194074328262.336, 845354582838706.4, 54862995642089.65, 932671872362488.2, 186111794450568.28, 3079042430014389.5, -2703308610388846.5], [3993825380947582.5, -1128206027738042.8, 1.3985586655867866e+16, 907656024264252.4, 1.543016807055614e+16, 3079042430014389.5, 5.093982524759847e+16, -4.4723666962553864e+16], [-3506461111240568.0, 990531679377538.1, -1.2278933365647148e+16, -796895269044212.0, -1.354723332107071e+16, -2703308610388846.5, -4.4723666962553864e+16, 3.926606298422138e+16]], "4": [[356688688505742.75, -138989782369558.75, 1178587231154658.2, -74388989958142.8, 1246231053039646.5, 108451138730136.8, 2872881060657949.5, -2410651855276490.0], [-138989782369558.75, 54159720298577.05, -459256455392443.4, 28986928540648.39, -485615015070425.25, -42259821114539.91, -1119466712183239.5, 939351281750158.1], [1178587231154658.2, -459256455392443.4, 3894342338861243.5, -245799534800071.56, 4117854177922166.5, 358349259257386.6, 9492706227668882.0, -7965387148357566.0], [-74388989958142.8, 28986928540648.39, -245799534800071.56, 15514150028628.049, -259906950451554.38, -22617960507080.695, -599151941900680.9, 502752014385378.94], [1246231053039646.5, -485615015070425.25, 4117854177922166.5, -259906950451554.38, 4354194252883635.5, 378916352489914.06, 1.0037530498878632e+16, -8422552486031049.0], [108451138730136.8, -42259821114539.91, 358349259257386.6, -22617960507080.695, 378916352489914.06, 32974551397006.277, 873499027316593.8, -732958311299078.5], [2872881060657949.5, -1119466712183239.5, 9492706227668882.0, -599151941900680.9, 1.0037530498878632e+16, 873499027316593.8, 2.313907296377374e+16, -1.9416135924793348e+16], [-2410651855276490.0, 939351281750158.1, -7965387148357566.0, 502752014385378.94, -8422552486031049.0, -732958311299078.5, -1.9416135924793348e+16, 1.629219696226622e+16]], "5": [[111470136469190.16, -62388187244777.07, 282744064411575.9, -128173001807567.77, 237369592431696.03, -86092700859979.12, 67534865981139.55, -21426746295462.54], [-62388187244777.07, 34917745962975.242, -158247672350650.5, 71736534015151.94, -132852251265864.61, 48184811751311.74, -37798265955714.67, 11992233097311.484], [282744064411575.9, -158247672350650.5, 717180479832583.5, -325110891820972.94, 602088105906349.2, -218374184587533.4, 171302225886089.75, -54348954137767.984], [-128173001807567.77, 71736534015151.94, -325110891820972.94, 147378651473199.6, -272937435653167.6, 98992970247187.72, -77654399408284.27, 24637364577172.55], [237369592431696.03, -132852251265864.61, 602088105906349.2, -272937435653167.6, 505465635872463.44, -183329723653164.56, 143811823692376.34, -45627090774191.87], [-86092700859979.12, 48184811751311.74, -218374184587533.4, 98992970247187.72, -183329723653164.56, 66492725102337.0, -52159790942214.04, 16548705488736.754], [67534865981139.55, -37798265955714.67, 171302225886089.75, -77654399408284.27, 143811823692376.34, -52159790942214.04, 40916412839874.0, -12981525683122.309], [-21426746295462.54, 11992233097311.484, -54348954137767.984, 24637364577172.55, -45627090774191.87, 16548705488736.754, -12981525683122.309, 4118640842760.718]], "6": [[5969118686979.108, -131437907988.01027, 15942756983314.008, -284336802302.8585, 14093318327614.95, -201104181063.68478, 4222157871171.708, -52702259929.09334], [-131437907988.01027, 2894216811.9307017, -351053938669.21594, 6260997044.708117, -310329945630.25946, 4428243804.954396, -92970441179.61304, 1160485350.447282], [15942756983314.008, -351053938669.21594, 42581076630868.67, -759427442851.0687, 37641461155023.76, -537123695332.1995, 11276846786798.117, -140761034682.3589], [-284336802302.8585, 6260997044.708117, -759427442851.0687, 13544280384.33437, -671330103697.154, 9579524678.93077, -201120957860.2587, 2510453024.6752863], [14093318327614.95, -310329945630.25946, 37641461155023.76, -671330103697.154, 33274865503471.367, -474814690303.83575, 9968676789367.416, -124432058519.0632], [-201104181063.68478, 4428243804.954396, -537123695332.1995, 9579524678.93077, -474814690303.83575, 6775353911.041585, -142247732961.94785, 1775579508.3058734], [4222157871171.708, -92970441179.61304, 11276846786798.117, -201120957860.2587, 9968676789367.416, -142247732961.94785, 2986473887340.1465, -37278076254.96751], [-52702259929.09334, 1160485350.447282, -140761034682.3589, 2510453024.6752863, -124432058519.0632, 1775579508.3058734, -37278076254.96751, 465316296.64066666]], "7": [[32813336249298.605, -1885949229754.325, 87640248598453.16, -4079833447756.7603, 77473546332569.05, -2885562325263.637, 23209973397633.3, -756203358751.8785], [-1885949229754.325, 108395088819.62465, -5037130576543.045, 234488766697.32913, -4452798518327.064, 165847934613.94467, -1333995151219.058, 43462850931.72211], [87640248598453.16, -5037130576543.045, 234075959726979.94, -10896716349875.262, 206921990766338.6, -7706970044469.08, 61990887579300.836, -2019723012877.6228], [-4079833447756.7603, 234488766697.32913, -10896716349875.262, 507264510837.13275, -9632643363129.664, 358775273588.616, -2885803048790.3535, 94022251590.09442], [77473546332569.05, -4452798518327.064, 206921990766338.6, -9632643363129.664, 182918016496204.94, -6812923404172.491, 54799638041611.04, -1785425154760.3691], [-2885562325263.637, 165847934613.94467, -7706970044469.08, 358775273588.616, -6812923404172.491, 253752616610.53653, -2041055024022.8464, 66499544748.33036], [23209973397633.3, -1333995151219.058, 61990887579300.836, -2885803048790.3535, 54799638041611.04, -2041055024022.8464, 16417192723899.275, -534888001222.5888], [-756203358751.8785, 43462850931.72211, -2019723012877.6228, 94022251590.09442, -1785425154760.3691, 66499544748.33036, -534888001222.5888, 17427167888.173687]], "8": [[72582289071016.2, -16601789656869.252, 396076941017395.75, 226470333898723.12, 546810931661195.94, 364358487278121.1, 1.2286348369094228e+16, -1.2125870110323228e+16], [-16601789656869.252, 3797337109900.99, -90594911608165.27, -51800692634932.73, -125072385918191.64, -83339931034249.31, -2810263686712149.5, 2773557400223857.0], [396076941017395.75, -90594911608165.27, 2161366708236571.2, 1235834226639369.5, 2983912520523189.0, 1988281120944583.5, 6.704582261856705e+16, -6.617010295406838e+16], [226470333898723.12, -51800692634932.73, 1235834226639369.5, 706629851340413.9, 1706152504388755.5, 1136866711271310.0, 3.8335707693406376e+16, -3.783498547435657e+16], [546810931661195.94, -125072385918191.64, 2983912520523189.0, 1706152504388755.5, 4119492493432307.5, 2744956192994644.0, 9.256128022974142e+16, -9.135229016738504e+16], [364358487278121.1, -83339931034249.31, 1988281120944583.5, 1136866711271310.0, 2744956192994644.0, 1829056495059119.5, 6.1676689495906344e+16, -6.087109881593181e+16], [1.2286348369094228e+16, -2810263686712149.5, 6.704582261856705e+16, 3.8335707693406376e+16, 9.256128022974142e+16, 6.1676689495906344e+16, 2.0797684693995681e+18, -2.0526035533000358e+18], [-1.2125870110323228e+16, 2773557400223857.0, -6.617010295406838e+16, -3.783498547435657e+16, -9.135229016738504e+16, -6.087109881593181e+16, -2.0526035533000358e+18, 2.0257934520164567e+18]], "9": [[392533182310461.0, -67552809746549.766, 1325325192353256.5, 104900336476950.8, 1438623172083917.2, 267880682455825.78, 9279317846315466.0, -8797166942715415.0], [-67552809746549.766, 11625468394272.703, -228081203337705.84, -18052773094662.426, -247579164820514.75, -46100797568756.39, -1596919754300239.5, 1513944225789988.5], [1325325192353256.5, -228081203337705.84, 4474747472678532.0, 354179123917420.44, 4857279889163546.0, 904456063851159.0, 3.1330125104807748e+16, -2.970222008211433e+16], [104900336476950.8, -18052773094662.426, 354179123917420.44, 28033504144050.133, 384456809299200.5, 71588275823942.88, 2479799436637654.0, -2350949713099356.5], [1438623172083917.2, -247579164820514.75, 4857279889163546.0, 384456809299200.5, 5272513826919943.0, 981775234557881.9, 3.400844126416544e+16, -3.224137164147142e+16], [267880682455825.78, -46100797568756.39, 904456063851159.0, 71588275823942.88, 981775234557881.9, 182812723272507.28, 6332585649866129.0, -6003546172635589.0], [9279317846315466.0, -1596919754300239.5, 3.1330125104807748e+16, 2479799436637654.0, 3.400844126416544e+16, 6332585649866129.0, 2.1935913592356182e+17, -2.079612931779911e+17], [-8797166942715415.0, 1513944225789988.5, -2.970222008211433e+16, -2350949713099356.5, -3.224137164147142e+16, -6003546172635589.0, -2.079612931779911e+17, 1.9715567933004896e+17]], "10": [[363085509155867.6, -86590557119279.62, 1358911575661315.0, 168968926950579.97, 1590478614845516.0, 404607258991779.6, 7772707479120154.0, -7105957723408488.0], [-86590557119279.62, 20650575121158.227, -324080436825799.4, -40296605486991.89, -379305771981805.75, -96492884147471.56, -1853676486585636.2, 1694666470073431.8], [1358911575661315.0, -324080436825799.4, 5085966318952102.0, 632396019587893.1, 5952646817495326.0, 1514314049929468.5, 2.9090729046615164e+16, -2.6595300454016116e+16], [168968926950579.97, -40296605486991.89, 632396019587893.1, 78632987422734.31, 740160260080565.6, 188291883493779.94, 3617181102327821.5, -3306896092526458.0], [1590478614845516.0, -379305771981805.75, 5952646817495326.0, 740160260080565.6, 6967015098349680.0, 1772362643537593.2, 3.4047971382089572e+16, -3.1127306136103016e+16], [404607258991779.6, -96492884147471.56, 1514314049929468.5, 188291883493779.94, 1772362643537593.2, 450877355060082.75, 8661579128793187.0, -7918581172969710.0], [7772707479120154.0, -1853676486585636.2, 2.9090729046615164e+16, 3617181102327821.5, 3.4047971382089572e+16, 8661579128793187.0, 1.663932600792257e+17, -1.5211989834421677e+17], [-7105957723408488.0, 1694666470073431.8, -2.6595300454016116e+16, -3306896092526458.0, -3.1127306136103016e+16, -7918581172969710.0, -1.5211989834421677e+17, 1.3907091826457906e+17]], "11": [[1489601219974023.0, -415276006879196.2, 5828653581681355.0, -1966073356020634.2, 7707487636112617.0, -2570284645296186.5, -5765187891409148.0, 8284533551809641.0], [-415276006879196.2, 115772033197272.5, -1624931526925688.8, 548108501504897.7, -2148719164348858.5, 716552544217253.9, 1607238349666788.8, -2309589953418693.0], [5828653581681355.0, -1624931526925688.8, 2.2806911084457452e+16, -7693039153537880.0, 3.015859198663653e+16, -1.0057254655046178e+16, -2.2558576484593584e+16, 3.2416512226108884e+16], [-1966073356020634.2, 548108501504897.7, -7693039153537880.0, 2594952521132903.0, -1.0172847524576904e+16, 3392430195911026.0, 7609272974380333.0, -1.0934470558204812e+16], [7707487636112617.0, -2148719164348858.5, 3.015859198663653e+16, -1.0172847524576904e+16, 3.988004632667045e+16, -1.329915473972016e+16, -2.983020811011223e+16, 4.286579459343251e+16], [-2570284645296186.5, 716552544217253.9, -1.0057254655046178e+16, 3392430195911026.0, -1.329915473972016e+16, 4434987746559814.0, 9947745554877326.0, -1.4294838844203374e+16], [-5765187891409148.0, 1607238349666788.8, -2.2558576484593584e+16, 7609272974380333.0, -2.983020811011223e+16, 9947745554877326.0, 2.2312945892881504e+16, -3.206354283175109e+16], [8284533551809641.0, -2309589953418693.0, 3.2416512226108884e+16, -1.0934470558204812e+16, 4.286579459343251e+16, -1.4294838844203374e+16, -3.206354283175109e+16, 4.6075080532128296e+16]], "12": [[278954922244911.2, -90377901857477.2, 745053125314889.1, -195512573116382.7, 658623277979203.0, -138281065153116.78, 197314173248463.53, -36238553792519.13], [-90377901857477.2, 29281308529800.598, -241387883377075.25, 63343625567939.27, -213385695076546.4, 44801333615412.79, -63927321451895.27, 11740837665670.37], [745053125314889.1, -241387883377075.25, 1989942156511312.0, -522189221349629.75, 1759099024726006.2, -369331141157452.5, 527001066210342.0, -96788569073190.62], [-195512573116382.7, 63343625567939.27, -522189221349629.75, 137029904111276.89, -461612689088907.5, 96917762353100.83, -138292600875023.88, 25398701843918.125], [658623277979203.0, -213385695076546.4, 1759099024726006.2, -461612689088907.5, 1555034837905549.0, -326486902187161.3, 465866336147901.06, -85560616374784.3], [-138281065153116.78, 44801333615412.79, -369331141157452.5, 96917762353100.83, -326486902187161.3, 68547465755390.0, -97810835625439.11, 17963855155201.44], [197314173248463.53, -63927321451895.27, 527001066210342.0, -138292600875023.88, 465866336147901.06, -97810835625439.11, 139566933077965.81, -25632744616039.215], [-36238553792519.13, 11740837665670.37, -96788569073190.62, 25398701843918.125, -85560616374784.3, 17963855155201.44, -25632744616039.215, 4707688146905.46]], "13": [[4356177513409.4277, -54772833702.575386, 12610378651509.99, -128424236798.62389, 12082235853629.258, -98447425872.9436, 3923176637619.9707, -27962876957.0023], [-54772833702.575386, 688691703.3511643, -158557857359.92014, 1614754987.3480244, -151917201061.9417, 1237838556.667319, -49328453878.82408, 351594030.4766712], [12610378651509.99, -158557857359.92014, 36504859878861.61, -371765900052.6637, 34975978045455.477, -284988229635.4433, 11356916187381.227, -80947680742.55936], [-128424236798.62389, 1614754987.3480244, -371765900052.6637, 3786068071.500763, -356195750413.505, 2902323308.359998, -115658961087.24121, 824372083.2868929], [12082235853629.258, -151917201061.9417, 34975978045455.477, -356195750413.505, 33511128224999.844, -273052467425.42294, 10881270399395.129, -77557462592.03519], [-98447425872.9436, 1237838556.667319, -284988229635.4433, 2902323308.359998, -273052467425.42294, 2224862423.804951, -88661823359.96452, 631946987.4550977], [3923176637619.9707, -49328453878.82408, 11356916187381.227, -115658961087.24121, 10881270399395.129, -88661823359.96452, 3533215733883.373, -25183387329.983322], [-27962876957.0023, 351594030.4766712, -80947680742.55936, 824372083.2868929, -77557462592.03519, 631946987.4550977, -25183387329.983322, 179497388.5489039]], "14": [[27122718095006.457, -890394657106.5942, 78515566499566.6, -2087681913822.518, 75227209178057.0, -1600374785806.7354, 24426739648077.973, -454568345823.1608], [-890394657106.5942, 29230206302.587784, -2577538160667.704, 68535196778.374245, -2469586745935.8394, 52537697499.896835, -801890075950.268, 14922738384.588469], [78515566499566.6, -2577538160667.704, 227288952425562.44, -6043477189878.427, 217769728096830.53, -4632807540862.673, 70711176309404.08, -1315896550635.438], [-2087681913822.518, 68535196778.374245, -6043477189878.427, 160692440854.7415, -5790366713183.049, 123183579313.95638, -1880167850372.36, 34988901586.00849], [75227209178057.0, -2469586745935.8394, 217769728096830.53, -5790366713183.049, 208649184086053.78, -4438778162035.932, 67749679313380.14, -1260784701488.2354], [-1600374785806.7354, 52537697499.896835, -4632807540862.673, 123183579313.95638, -4438778162035.932, 94430043702.64404, -1441298696366.529, 26821785210.944576], [24426739648077.973, -801890075950.268, 70711176309404.08, -1880167850372.36, 67749679313380.14, -1441298696366.529, 21998739497456.047, -409384582945.76685], [-454568345823.1608, 14922738384.588469, -1315896550635.438, 34988901586.00849, -1260784701488.2354, 26821785210.944576, -409384582945.76685, 7618424536.235832]], "15": [[64926586737480.234, -3441040938071.7637, 187951211997071.66, -8068106511958.27, 180079515064054.22, -6184847483495.78, 58472931250796.12, -1756735934095.8936], [-3441040938071.7637, 182371557361.57733, -9961216927314.303, 427601175349.4073, -9544025253460.754, 327790423859.652, -3099003972233.9785, 93105160310.48505], [187951211997071.66, -9961216927314.303, 544086172803162.25, -23355769549004.234, 521298974932799.06, -17904061170506.938, 169268998261760.38, -5085445956171.407], [-8068106511958.27, 427601175349.4073, -23355769549004.234, 1002583778991.825, -22377592619078.273, 768560473675.0344, -7266142594332.617, 218300904789.25797], [180079515064054.22, -9544025253460.754, 521298974932799.06, -22377592619078.273, 499466141302401.5, -17154210494329.164, 162179742277112.66, -4872459357623.46], [-6184847483495.78, 327790423859.652, -17904061170506.938, 768560473675.0344, -17154210494329.164, 589162934881.6841, -5570078143201.394, 167345064127.44263], [58472931250796.12, -3099003972233.9785, 169268998261760.38, -7266142594332.617, 162179742277112.66, -5570078143201.394, 52660764424361.63, -1582117660297.3052], [-1756735934095.8936, 93105160310.48505, -5085445956171.407, 218300904789.25797, -4872459357623.46, 167345064127.44263, -1582117660297.3052, 47532471630.1811]], "16": [[305621216798054.94, -32623175247869.3, 885371649396690.6, -75904322871766.84, 848914919421771.1, -57737232667608.945, 2.1231484594805276e+16, -2.1358645068845372e+16], [-32623175247869.3, 3482322249755.4224, -94507949351071.23, 8102317152780.419, -90616418836938.36, 6163092599971.608, -2266329706966791.0, 2279903301341795.5], [885371649396690.6, -94507949351071.23, 2564883962468424.0, -219891590778271.06, 2459270368334898.0, -167262304149188.75, 6.1506706673653976e+16, -6.187508515149159e+16], [-75904322871766.84, 8102317152780.419, -219891590778271.06, 18851656606119.81, -210837168994806.97, 14339663967179.143, -5273068010837459.0, 5304649684973795.0], [848914919421771.1, -90616418836938.36, 2459270368334898.0, -210837168994806.97, 2358005599110810.0, -160374985516945.44, 5.897406018742874e+16, -5.932727003556802e+16], [-57737232667608.945, 6163092599971.608, -167262304149188.75, 14339663967179.143, -160374985516945.44, 10907580537238.492, -4011001522643073.5, 4035024376660528.5], [2.1231484594805276e+16, -2266329706966791.0, 6.1506706673653976e+16, -5273068010837459.0, 5.897406018742874e+16, -4011001522643073.5, 1.4749497525798825e+18, -1.4837835818340682e+18], [-2.1358645068845372e+16, 2279903301341795.5, -6.187508515149159e+16, 5304649684973795.0, -5.932727003556802e+16, 4035024376660528.5, -1.4837835818340682e+18, 1.4926703190189514e+18]], "17": [[809955390651210.6, -115774296322863.47, 2626424284374885.0, 41746661942659.766, 2793462650276140.5, 278403140518654.47, 5.427614634240581e+16, -5.410909887768185e+16], [-115774296322863.47, 16548673968670.7, -375418729078777.9, -5967230375927.216, -399295043125642.06, -39794694942035.97, -7758183626454514.0, 7734306011830102.0], [2626424284374885.0, -375418729078777.9, 8516647461297831.0, 135370969788392.17, 9058299045680308.0, 902771655753205.2, 1.760000494612013e+17, -1.7545836837226934e+17], [41746661942659.766, -5967230375927.216, 135370969788392.17, 2151703419065.4685, 143980449116787.6, 14349434456708.248, 2797497194363981.5, -2788887246064727.0], [2793462650276140.5, -399295043125642.06, 9058299045680308.0, 143980449116787.6, 9634399213287260.0, 960187170472632.1, 1.8719350393671702e+17, -1.8661737238809616e+17], [278403140518654.47, -39794694942035.97, 902771655753205.2, 14349434456708.248, 960187170472632.1, 95694540150331.45, 1.865615041444045e+16, -1.859873177221444e+16], [5.427614634240581e+16, -7758183626454514.0, 1.760000494612013e+17, 2797497194363981.5, 1.8719350393671702e+17, 1.865615041444045e+16, 3.6371139642810747e+18, -3.625919900081816e+18], [-5.410909887768185e+16, 7734306011830102.0, -1.7545836837226934e+17, -2788887246064727.0, -1.8661737238809616e+17, -1.859873177221444e+16, -3.625919900081816e+18, 3.6147602882188124e+18]], "18": [[749903246076531.8, -114566481209678.67, 2449097130805800.5, 2186503766412.1348, 2623559482332695.0, 217393715967082.12, 2.7369179317918748e+16, -2.6786056576449332e+16], [-114566481209678.67, 17502896120852.54, -374160855930613.56, -334043150206.5835, -400814344660761.6, -33212328664734.35, -4181326837103276.0, 4092240250329554.5], [2449097130805800.5, -374160855930613.56, 7998467518980531.0, 7140868010417.349, 8568241348862772.0, 709982692855093.6, 8.93845691303802e+16, -8.748015780730317e+16], [2186503766412.1348, -334043150206.5835, 7140868010417.349, 6375220730.8708515, 7649550418056.563, 633858009340.9071, 79800712925746.1, -78100493494540.53], [2623559482332695.0, -400814344660761.6, 8568241348862772.0, 7649550418056.563, 9178603230949800.0, 760558575934970.6, 9.575191239519123e+16, -9.371183961813622e+16], [217393715967082.12, -33212328664734.35, 709982692855093.6, 633858009340.9071, 760558575934970.6, 63021500425873.91, 7934207014066649.0, -7765162246896764.0], [2.7369179317918748e+16, -4181326837103276.0, 8.93845691303802e+16, 79800712925746.1, 9.575191239519123e+16, 7934207014066649.0, 9.988914976105389e+17, -9.776092975945597e+17], [-2.6786056576449332e+16, 4092240250329554.5, -8.748015780730317e+16, -78100493494540.53, -9.371183961813622e+16, -7765162246896764.0, -9.776092975945597e+17, 9.567805322495169e+17]], "19": [[346588959744522.8, -50337216160490.01, 1003314948767792.6, -118024176025464.1, 961294516354543.6, -90474949338233.94, 312138269191362.6, -25698385358707.88], [-50337216160490.01, 7310779121919.04, -145717513594209.22, 17141366721942.72, -139614631404591.52, 13140225485846.67, -45333733480225.6, 3732332327407.0117], [1003314948767792.6, -145717513594209.22, 2904422827440701.5, -341659527209509.7, 2782780960876411.0, -261909292283778.1, 903586172488140.1, -74392370168376.23], [-118024176025464.1, 17141366721942.72, -341659527209509.7, 40190853559667.86, -327350280557616.6, 30809496512704.25, -106292658757741.23, 8751088780733.384], [961294516354543.6, -139614631404591.52, 2782780960876411.0, -327350280557616.6, 2666233649953760.5, -250940112836856.97, 865742540498787.8, -71276698896298.8], [-90474949338233.94, 13140225485846.67, -261909292283778.1, 30809496512704.25, -250940112836856.97, 23617937697120.656, -81481805168950.86, 6708407893654.066], [312138269191362.6, -45333733480225.6, 903586172488140.1, -106292658757741.23, 865742540498787.8, -81481805168950.86, 281111952226052.56, -23143984542359.605], [-25698385358707.88, 3732332327407.0117, -74392370168376.23, 8751088780733.384, -71276698896298.8, 6708407893654.066, -23143984542359.605, 1905447336035.8904]], "20": [[3135233892111.5205, -24541668032.556164, 9775297455319.016, -61975970840.15424, 10087571854330.06, -51170326496.95397, 3527887049981.8936, -15654282026.896217], [-24541668032.556164, 192104796.81774426, -76518088705.1335, 485129261.38664764, -78962478788.71788, 400545927.10465884, -27615238867.776897, 122537011.91439915], [9775297455319.016, -76518088705.1335, 30478249351792.688, -193233924770.01703, 31451884890019.82, -159543172728.53882, 10999544687594.31, -48808244784.3485], [-61975970840.15424, 485129261.38664764, -193233924770.01703, 1225114646.5480425, -199406832346.68304, 1011513262.4828066, -69737771554.19269, 309447192.7161602], [10087571854330.06, -78962478788.71788, 31451884890019.82, -199406832346.68304, 32456623466691.094, -164639820539.80423, 11350927980267.89, -50367436755.383934], [-51170326496.95397, 400545927.10465884, -159543172728.53882, 1011513262.4828066, -164639820539.80423, 835153740.9674484, -57578840496.12974, 255494406.46426418], [3527887049981.8936, -27615238867.776897, 10999544687594.31, -69737771554.19269, 11350927980267.89, -57578840496.12974, 3969715646652.381, -17614806658.733025], [-15654282026.896217, 122537011.91439915, -48808244784.3485, 309447192.7161602, -50367436755.383934, 255494406.46426418, -17614806658.733025, 78162125.76490265]], "21": [[20243800150277.27, -410569836936.05945, 63117832641898.57, -1036827008177.5303, 65134148088681.28, -856053980441.3599, 22779110857642.418, -261888313447.98758], [-410569836936.05945, 8326874882.698032, -1280109369938.9663, 21028161339.190086, -1321002794002.2292, 17361856002.785122, -461989140425.4242, 5311425787.135485], [63117832641898.57, -1280109369938.9663, 196794118092306.47, -3232706956942.2427, 203080756963396.25, -2669077518490.954, 71022638841069.38, -816537538227.6116], [-1036827008177.5303, 21028161339.190086, -3232706956942.2427, 53103184031.95877, -3335976614650.3203, 43844529228.240005, -1166678053732.4263, 13413137577.591486], [65134148088681.28, -1321002794002.2292, 203080756963396.25, -3335976614650.3203, 209568224135040.0, -2754341888383.4863, 73291475361153.84, -842622040535.3375], [-856053980441.3599, 17361856002.785122, -2669077518490.954, 43844529228.240005, -2754341888383.4863, 36200140882.11886, -963265215811.4052, 11074528077.434792], [22779110857642.418, -461989140425.4242, 71022638841069.38, -1166678053732.4263, 73291475361153.84, -963265215811.4052, 25631941019614.13, -294686910563.62787], [-261888313447.98758, 5311425787.135485, -816537538227.6116, 13413137577.591486, -842622040535.3375, 11074528077.434792, -294686910563.62787, 3387974995.3810925]], "22": [[52070603455085.48, -1726093097652.3584, 162350132388954.38, -4358965957260.062, 167536449251290.84, -3598970830138.569, 58591867126373.38, -1101015150324.7817], [-1726093097652.3584, 57218414692.14106, -5381759079501.352, 144495752929.35016, -5553680761685.0205, 119302606391.20079, -1942267051170.882, 36497649830.87922], [162350132388954.38, -5381759079501.352, 506188976846528.1, -13590752810278.807, 522359314298785.1, -11221175710801.498, 182682679932600.5, -3432838176566.4976], [-4358965957260.062, 144495752929.35016, -13590752810278.807, 364900403601.84143, -14024912914952.62, 301279230291.19147, -4904877939362.9795, 92168848452.71695], [167536449251290.84, -5553680761685.0205, 522359314298785.1, -14024912914952.62, 539046217352586.6, -11579639063727.78, 188518525271619.9, -3542501077722.287], [-3598970830138.569, 119302606391.20079, -11221175710801.498, 301279230291.19147, -11579639063727.78, 248750545926.7591, -4049701879354.3115, 76099010701.45023], [58591867126373.38, -1942267051170.882, 182682679932600.5, -4904877939362.9795, 188518525271619.9, -4049701879354.3115, 65929846507651.89, -1238905046445.226], [-1101015150324.7817, 36497649830.87922, -3432838176566.4976, 92168848452.71695, -3542501077722.287, 76099010701.45023, -1238905046445.226, 23280589830.120525]], "23": [[2.6930976490458947e+18, -3.0905055689145165e+17, 8.4056116865327e+18, -7.764387492707186e+17, 8.683258606406596e+18, -6.377473874380567e+17, 6.373336708260362e+20, -6.461937830827503e+20], [-3.0905055689145165e+17, 3.5465571309214976e+16, -9.645988787879837e+17, 8.910142116058432e+16, -9.964606775001928e+17, 7.318568092531907e+16, -7.313820424010289e+19, 7.415496002986358e+19], [8.4056116865327e+18, -9.645988787879837e+17, 2.6235330846546305e+19, -2.4233962058742876e+18, 2.710191368109322e+19, -1.9905170890495521e+18, 1.9892258097711552e+21, -2.016879713503689e+21], [-7.764387492707186e+17, 8.910142116058432e+16, -2.4233962058742876e+18, 2.2385268190429594e+17, -2.503443740460391e+18, 1.8386699941181178e+17, -1.837477220403048e+20, 1.863021539159698e+20], [8.683258606406596e+18, -9.964606775001928e+17, 2.710191368109322e+19, -2.503443740460391e+18, 2.799712073286552e+19, -2.0562661337759964e+18, 2.0549322020735148e+21, -2.0834995457174033e+21], [-6.377473874380567e+17, 7.318568092531907e+16, -1.9905170890495521e+18, 1.8386699941181178e+17, -2.0562661337759964e+18, 1.510237589521343e+17, -1.5092578749961408e+20, 1.5302393401358444e+20], [6.373336708260362e+20, -7.313820424010289e+19, 1.9892258097711552e+21, -1.837477220403048e+20, 2.0549322020735148e+21, -1.5092578749961408e+20, 1.5082787960269314e+23, -1.5292466501650946e+23], [-6.461937830827503e+20, 7.415496002986358e+19, -2.016879713503689e+21, 1.863021539159698e+20, -2.0834995457174033e+21, 1.5302393401358444e+20, -1.5292466501650946e+23, 1.550505996107238e+23]], "24": [[65083816275848.12, -11801745850063.623, 203228179274521.88, -29605796314830.492, 210034465137674.8, -24280815114771.45, 2.055261218365986e+16, -2.0864369661140668e+16], [-11801745850063.623, 2140028244797.005, -36851670025058.32, 5368463372146.145, -38085864031128.305, 4402876558473.321, -3726835939036429.0, 3783367389197423.5], [203228179274521.88, -36851670025058.32, 634592364347322.5, -92445901689819.83, 655845406389723.2, -75818323654561.84, 6.41767829919116e+16, -6.5150264698256376e+16], [-29605796314830.492, 5368463372146.145, -92445901689819.83, 13467298409796.713, -95541994151131.02, 11045032510067.168, -9349120639579586.0, 9490935132122600.0], [210034465137674.8, -38085864031128.305, 655845406389723.2, -95541994151131.02, 677810231021126.0, -78357544279871.52, 6.6326118445192616e+16, -6.733220288802593e+16], [-24280815114771.45, 4402876558473.321, -75818323654561.84, 11045032510067.168, -78357544279871.52, 9058442119296.746, -7667561693708336.0, 7783869035602301.0], [2.055261218365986e+16, -3726835939036429.0, 6.41767829919116e+16, -9349120639579586.0, 6.6326118445192616e+16, -7667561693708336.0, 6.49024429946766e+18, -6.588693205765075e+18], [-2.0864369661140668e+16, 3783367389197423.5, -6.5150264698256376e+16, 9490935132122600.0, -6.733220288802593e+16, 7783869035602301.0, -6.588693205765075e+18, 6.688635459108294e+18]], "25": [[230680499246043.22, -16965351841084.209, 719235175112936.4, -42843222776196.24, 742211328269026.2, -35373414374278.0, 259570664865616.6, -10821611801083.951], [-16965351841084.209, 1247713456631.5808, -52896009164866.92, 3150896373034.3984, -54585785819251.33, 2601530786700.799, -19090073376217.023, 795873306556.351], [719235175112936.4, -52896009164866.92, 2242492273124423.2, -133580224321317.86, 2314129267116777.0, -110290223772622.14, 809311377463586.5, -33740536734555.984], [-42843222776196.24, 3150896373034.3984, -133580224321317.86, 7957073718194.95, -137847479036925.34, 6569740733807.996, -48208859688401.85, 2009847935593.57], [742211328269026.2, -54585785819251.33, 2314129267116777.0, -137847479036925.34, 2388054723357034.5, -113813473414328.4, 835165038133964.1, -34818386882054.832], [-35373414374278.0, 2601530786700.799, -110290223772622.14, 6569740733807.996, -113813473414328.4, 5424292250901.3955, -39803540904881.2, 1659426608180.819], [259570664865616.6, -19090073376217.023, 809311377463586.5, -48208859688401.85, 835165038133964.1, -39803540904881.2, 292079002252003.06, -12176898261039.92], [-10821611801083.951, 795873306556.351, -33740536734555.984, 2009847935593.57, -34818386882054.832, 1659426608180.819, -12176898261039.92, 507660085512.7036]], "26": [[2110927839273695.8, -276555395396629.47, 6585544182981475.0, -695032964343366.1, 6799961497748245.0, -571075925102965.0, 1.616531429577923e+17, -1.623868792660286e+17], [-276555395396629.47, 36231881213571.67, -862780688918791.4, 91057170544402.08, -890871779557688.0, 74817397984900.62, -2.1178388022577816e+16, 2.1274515768427708e+16], [6585544182981475.0, -862780688918791.4, 2.05451798868327e+16, -2168321536223941.8, 2.121410597408287e+16, -1781607910337941.8, 5.043156357408448e+17, -5.0660470161351366e+17], [-695032964343366.1, 91057170544402.08, -2168321536223941.8, 228842887253851.6, -2238919450144186.5, 188029446438117.22, -5.322506106321186e+16, 5.346664720929978e+16], [6799961497748245.0, -890871779557688.0, 2.121410597408287e+16, -2238919450144186.5, 2.190481148174545e+16, -1839614898597027.8, 5.207355399136679e+17, -5.2309913498910336e+17], [-571075925102965.0, 74817397984900.62, -1781607910337941.8, 188029446438117.22, -1839614898597027.8, 154494960066667.94, -4.373253146928329e+16, 4.393103145266115e+16], [1.616531429577923e+17, -2.1178388022577816e+16, 5.043156357408448e+17, -5.322506106321186e+16, 5.207355399136679e+17, -4.373253146928329e+16, 1.2379266662721896e+19, -1.2435455594490147e+19], [-1.623868792660286e+17, 2.1274515768427708e+16, -5.0660470161351366e+17, 5.346664720929978e+16, -5.2309913498910336e+17, 4.393103145266115e+16, -1.2435455594490147e+19, 1.249189956527963e+19]], "Total": [[2.701580124245409e+18, -3.1070585721137824e+17, 8.434224428088305e+18, -7.78597692289148e+17, 8.715192854976823e+18, -6.385076581718829e+17, 6.376627104336401e+20, -6.465166444455482e+20], [-3.1070585721137824e+17, 3.586067472696209e+16, -9.703143215643825e+17, 8.965715107981998e+16, -1.0029906559671964e+18, 7.344761519028869e+16, -7.3187541115340685e+19, 7.42026864713289e+19], [8.434224428088305e+18, -9.703143215643825e+17, 2.6334032763547288e+19, -2.429598594968823e+18, 2.7214076294209757e+19, -1.9914563781491453e+18, 1.9903172899982693e+21, -2.017947031963725e+21], [-7.78597692289148e+17, 8.965715107981998e+16, -2.429598594968823e+18, 2.2933982476818384e+17, -2.5103701838034365e+18, 1.9153348491560387e+17, -1.8372955597512147e+20, 1.8628386290074108e+20], [8.715192854976823e+18, -1.0029906559671964e+18, 2.7214076294209757e+19, -2.5103701838034365e+18, 2.8126609871996772e+19, -2.057355540220615e+18, 2.0561079269955496e+21, -2.0846452096157313e+21], [-6.385076581718829e+17, 7.344761519028869e+16, -1.9914563781491453e+18, 1.9153348491560387e+17, -2.057355540220615e+18, 1.6255462154886845e+17, -1.5081305803665218e+20, 1.5291311094430047e+20], [6.376627104336401e+20, -7.3187541115340685e+19, 1.9903172899982693e+21, -1.8372955597512147e+20, 2.0561079269955496e+21, -1.5081305803665218e+20, 1.5085609430315314e+23, -1.5295291045405575e+23], [-6.465166444455482e+20, 7.42026864713289e+19, -2.017947031963725e+21, 1.8628386290074108e+20, -2.0846452096157313e+21, 1.5291311094430047e+20, -1.5295291045405575e+23, 1.5507888988107978e+23]]}]