[{"0": [[441486424728849.6, -39860633543210.164, 469468047230072.5, -40758809942908.59, 501868353354776.94, -41870544003514.1], [-39860633543210.164, 5472437479904.227, -40767568883080.04, 5426011572092.943, -41888955687316.51, 5395049290569.437], [469468047230072.5, -40767568883080.04, 501868354575194.9, -41879749364882.125, 539313539425780.25, -43230166228380.91], [-40758809942908.59, 5426011572092.943, -41879749364882.125, 5395049378369.466, -43239896432497.625, 5380434215735.005], [501868353354776.94, -41888955687316.51, 539313539425780.25, -43239896432497.625, 582529710023316.2, -44857781013390.29], [-41870544003514.1, 5395049290569.437, -43230166228380.91, 5380434215735.005, -44857781013390.29, 5383238287636.228]], "1": [[447469824001930.44, -39930493811880.08, 482995215212772.25, -37385718702273.22, 527751849139852.2, -33018009200000.145], [-39930493811880.08, 5473252754625.121, -40925457711683.89, 5386649467578.811, -42191033285528.43, 5291745052483.365], [482995215212772.25, -40925457711683.89, 532443940871411.5, -34256612508355.234, 597813897273523.5, -23223558722487.125], [-37385718702273.22, 5386649467578.811, -34256612508355.234, 7295471136801.893, -28655269719454.516, 10368013976106.484], [527751849139852.2, -42191033285528.43, 597813897273523.5, -28655269719454.516, 694455655099917.4, -6581025514765.172], [-33018009200000.145, 5291745052483.365, -23223558722487.125, 10368013976106.484, -6581025514765.172, 18472938894854.426]], "2": [[441832750470229.3, -39865063558041.94, 469785222932334.94, -40762857281747.61, 502158832556316.75, -41874241703781.33], [-39865063558041.94, 5472493671754.38, -40771626043143.37, 5426062906601.036, -41892671374105.71, 5395096187357.03], [469785222932334.94, -40771626043143.37, 502158833779810.1, -41883456057219.81, 539579569158325.6, -43233552709779.984], [-40762857281747.61, 5426062906601.036, -41883456057219.81, 5395096275390.592, -43243291148994.49, 5380477058621.76], [502158832556316.75, -41892671374105.71, 539579569158325.6, -43243291148994.49, 582773348181657.8, -44860882469782.95], [-41874241703781.33, 5395096187357.03, -43233552709779.984, 5380477058621.76, -44860882469782.95, 5383277426838.69]], "3": [[442852658999284.06, -39899146621072.86, 470719213563061.2, -40794048878044.91, 503014143075185.44, -41902787124695.01], [-39899146621072.86, 5473520550381.078, -40802838330586.305, 5427002558653.475, -41921254687783.63, 5395956021761.729], [470719213563061.2, -40802838330586.305, 503014144302190.7, -41912020423112.234, 540362827642245.4, -43259693784807.36], [-40794048878044.91, 5427002558653.475, -41912020423112.234, 5395956110070.968, -43269449572766.14, 5381263855537.434], [503014143075185.44, -41921254687783.63, 540362827642245.4, -43269449572766.14, 583490624346876.8, -44884821713896.83], [-41902787124695.01, 5395956021761.729, -43259693784807.36, 5381263855537.434, -44884821713896.83, 5383997390005.495]], "4": [[444456613884330.56, -40001463019010.15, 472188007639646.56, -40887714188610.34, 504359165962816.3, -41988532812505.19], [-40001463019010.15, 5479107236529.064, -40896534016067.33, 5432116529911.564, -42007056002335.625, 5400637276233.726], [472188007639646.56, -40896534016067.33, 504359167193449.3, -41997793922783.42, 541594509196447.75, -43338214933341.83], [-40887714188610.34, 5432116529911.564, -41997793922783.42, 5400637364842.848, -43347996189144.234, 5385549007531.004], [504359165962816.3, -42007056002335.625, 541594509196447.75, -43347996189144.234, 584618515521873.6, -44956727029492.17], [-41988532812505.19, 5400637276233.726, -43338214933341.83, 5385549007531.004, -44956727029492.17, 5387919955196.395]], "5": [[446473793382740.7, -40219913243502.336, 474035177115177.1, -41087714787946.85, 506050654034892.8, -42171641981600.91], [-40219913243502.336, 5498301445663.554, -41096575581274.85, 5449688879916.017, -42190240193506.695, 5416724809347.082], [474035177115177.1, -41096575581274.85, 506050655269283.06, -42180940601272.07, 543143436861048.1, -43505893611872.72], [-41087714787946.85, 5449688879916.017, -42180940601272.07, 5416724898292.28, -43515709215240.836, 5400277186991.214], [506050654034892.8, -42190240193506.695, 543143436861048.1, -43515709215240.836, 586036897916856.9, -45110275534377.16], [-42171641981600.91, 5416724809347.082, -43505893611872.72, 5400277186991.214, -45110275534377.16, 5401403642341.449]], "6": [[448594540216307.06, -40604759469654.72, 475977167911372.06, -41440074634298.445, 507828955990568.44, -42494257749064.89], [-40604759469654.72, 5550299665301.676, -41448988144604.03, 5497296193186.4795, -42512952502986.15, 5460311998734.629], [475977167911372.06, -41448988144604.03, 507828957228843.75, -42503604637930.086, 544771847179186.0, -43801320309971.26], [-41440074634298.445, 5497296193186.4795, -42503604637930.086, 5460312088073.183, -43811180113335.14, 5440183725664.113], [507828955990568.44, -42512952502986.15, 544771847179186.0, -43811180113335.14, 587528050838385.9, -45380804573875.695], [-42494257749064.89, 5460311998734.629, -43801320309971.26, 5440183725664.113, -45380804573875.695, 5437940336503.007]], "7": [[450290802391529.06, -41181550795239.89, 477530446912622.94, -41968189704846.125, 509251304306112.6, -42977804423073.336], [-41181550795239.89, 5670535615260.396, -41977167751491.71, 5607382370816.435, -42996617363946.51, 5561105201006.689], [477530446912622.94, -41977167751491.71, 509251305548348.44, -42987210403397.34, 546074301363910.4, -44244113883962.625], [-41968189704846.125, 5607382370816.435, -42987210403397.34, 5561105290836.615, -44254027796978.51, 5532468423656.63], [509251304306112.6, -42996617363946.51, 546074301363910.4, -44254027796978.51, 588720717134740.1, -45786279699891.04], [-42977804423073.336, 5561105201006.689, -44244113883962.625, 5532468423656.63, -45786279699891.04, 5522434778935.026]], "8": [[450733707786544.4, -41869121879161.62, 477936023738379.3, -42597744541158.71, 509622698652926.9, -43554238337752.49], [-41869121879161.62, 5908511038017.105, -42606794052007.05, 5825272354150.427, -43573182152628.51, 5760604981646.922], [477936023738379.3, -42606794052007.05, 509622699898995.7, -43563709752843.97, 546414394173707.56, -44771969056634.85], [-42597744541158.71, 5825272354150.427, -43563709752843.97, 5760605072156.578, -44781942887777.414, 5715130159503.419], [509622698652926.9, -43573182152628.51, 546414394173707.56, -44781942887777.414, 589032146533347.2, -46269650083034.75], [-43554238337752.49, 5760604981646.922, -44771969056634.85, 5715130159503.419, -46269650083034.75, 5689679622489.404]], "9": [[448883452859852.9, -42276709408692.734, 476241752324922.06, -42970944484669.55, 508071260749449.94, -43895951927393.38], [-42276709408692.734, 6261219865386.003, -42980050639569.13, 6148212621677.182, -43914999475836.375, 6056289149089.053], [476241752324922.06, -42980050639569.13, 508071261998614.44, -43905475206872.4, 544993748377986.94, -45084900239730.73], [-42970944484669.55, 6148212621677.182, -43905475206872.4, 6056289240720.26, -45094921563296.03, 5985858637734.133], [508071260749449.94, -43914999475836.375, 544993748377986.94, -45094921563296.03, 587731266573075.8, -46556223187026.945], [-43895951927393.38, 6056289149089.053, -45084900239730.73, 5985858637734.133, -46556223187026.945, 5937558666077.879]], "10": [[444524985923558.94, -41482603675116.62, 472250669819428.2, -42243843493359.54, 504416595066969.7, -43230201979161.32], [-41482603675116.62, 6337232944594.352, -42252921054979.93, 6217795585996.427, -43249197164638.87, 6119985931149.11], [472250669819428.2, -42252921054979.93, 504416596317310.4, -43239699074403.23, 541647142237309.0, -44475300702724.75], [-42243843493359.54, 6217795585996.427, -43239699074403.23, 6119986025529.116, -44485298053172.69, 6044167163582.577], [504416595066969.7, -43249197164638.87, 541647142237309.0, -44485298053172.69, 584666752985229.8, -45998038246148.7], [-43230201979161.32, 6119985931149.11, -44475300702724.75, 6044167163582.577, -45998038246148.7, 5990934736379.959]], "11": [[441488081172258.75, -39860635525632.39, 469469739385920.7, -40758811836178.64, 501870069471283.3, -41870545786822.07], [-39860635525632.39, 5472437482275.568, -40767570904350.46, 5426011574352.831, -41888957733892.125, 5395049292694.26], [469469739385920.7, -40767570904350.46, 501870070691840.56, -41879751279772.09, 539315269175627.8, -43230168019799.195], [-40758811836178.64, 5426011574352.831, -41879751279772.09, 5395049380503.986, -43239898358147.61, 5380434217726.764], [501870069471283.3, -41888957733892.125, 539315269175627.8, -43239898358147.61, 582531444361722.9, -44857782804331.44], [-41870545786822.07, 5395049292694.26, -43230168019799.195, 5380434217726.764, -44857782804331.44, 5383238289482.616]], "12": [[441613145812125.75, -39861423139191.44, 469588480324692.7, -40759555104709.27, 501982806454657.5, -41871247182783.42], [-39861423139191.44, 5472442311297.551, -40768318702209.27, 5426016129555.913, -41889667728812.31, 5395053589433.085], [469588480324692.7, -40768318702209.27, 501982807677147.6, -41880456974476.086, 539422305785777.1, -43230833958805.86], [-40759555104709.27, 5426016129555.913, -41880456974476.086, 5395053677385.262, -43240568378448.95, 5380438270773.182], [501982806454657.5, -41889667728812.31, 539422305785777.1, -43240568378448.95, 582633068827034.4, -44858415078789.53], [-41871247182783.42, 5395053589433.085, -43230833958805.86, 5380438270773.182, -44858415078789.53, 5383242112504.404]], "13": [[442005459420776.0, -39867311519391.75, 469960921624073.5, -40765135611959.62, 502336382056000.1, -41876535900742.2], [-39867311519391.75, 5472522917434.567, -40773908902564.74, 5426092497239.403, -41894974848705.53, 5395125941264.935], [469960921624073.5, -40773908902564.74, 502336383280970.9, -41885754892444.31, 539757971316353.6, -43235854863561.44], [-40765135611959.62, 5426092497239.403, -41885754892444.31, 5395126029401.659, -43245598017020.61, 5380506818027.687], [502336382056000.1, -41894974848705.53, 539757971316353.6, -43245598017020.61, 582951731503020.6, -44863181731976.07], [-41876535900742.2, 5395125941264.935, -43235854863561.44, 5380506818027.687, -44863181731976.07, 5383307055003.978]], "14": [[443574705848437.1, -39919978738212.83, 471450603749555.8, -40815102246492.766, 503750533959937.94, -41923940414627.65], [-39919978738212.83, 5474121334207.833, -40823906379232.14, 5427608792142.399, -41942437914271.44, 5396564332908.642], [471450603749555.8, -40823906379232.14, 503750535190120.2, -41933188680108.8, 541100422553115.6, -43280856406975.72], [-40815102246492.766, 5427608792142.399, -41933188680108.8, 5396564421441.234, -43290627349524.086, 5381871309092.374], [503750533959937.94, -41942437914271.44, 541100422553115.6, -43290627349524.086, 584226117450301.1, -44905902113077.47], [-41923940414627.65, 5396564332908.642, -43280856406975.72, 5381871309092.374, -44905902113077.47, 5384601441787.9375]], "15": [[446142614428272.1, -40083321656665.164, 473888247250359.25, -40970113935390.95, 506064520471539.9, -42071045797375.67], [-40083321656665.164, 5483080103294.729, -40978965026571.266, 5436110109673.991, -42089632443784.375, 5404631556561.749], [473888247250359.25, -40978965026571.266, 506064521707337.1, -42080338633934.04, 543297024961078.25, -43420501039763.49], [-40970113935390.95, 5436110109673.991, -42080338633934.04, 5404631645538.245, -43430314291774.9, 5389526604766.542], [506064520471539.9, -42089632443784.375, 543297024961078.25, -43430314291774.9, 586311290418266.4, -45038464382616.46], [-42071045797375.67, 5404631556561.749, -43420501039763.49, 5389526604766.542, -45038464382616.46, 5391865842726.725]], "16": [[449542933889365.25, -40446271828045.055, 477116029385654.94, -41314585184356.28, 509128520076258.3, -42397978938780.83], [-40446271828045.055, 5514990166065.104, -41323502423257.99, 5466394367662.707, -42416691160785.05, 5433372843108.691], [477116029385654.94, -41323502423257.99, 509128521318172.56, -42407334560508.97, 546205552611412.9, -43730848582666.54], [-41314585184356.28, 5466394367662.707, -42407334560508.97, 5433372932599.953, -43740721433216.805, 5416803533940.452], [509128520076258.3, -42416691160785.05, 546205552611412.9, -43740721433216.805, 589072234987845.6, -45333067727829.66], [-42397978938780.83, 5433372843108.691, -43730848582666.54, 5416803533940.452, -45333067727829.66, 5417753022285.553]], "17": [[453382930609311.94, -41117917477330.32, 480761149346315.5, -41952062849394.77, 512588653108539.56, -43003026811511.4], [-41117917477330.32, 5605274986190.242, -41961069765102.61, 5552083876637.567, -43021909276621.76, 5514700931907.401], [480761149346315.5, -41961069765102.61, 512588654357173.5, -43012467551738.21, 549490086658852.1, -44305197221866.97], [-41952062849394.77, 5552083876637.567, -43012467551738.21, 5514701022023.574, -44315150870107.36, 5493992190245.305], [512588653108539.56, -43021909276621.76, 549490086658852.1, -44315150870107.36, 592190081550764.4, -45878274765807.95], [-43003026811511.4, 5514700931907.401, -44305197221866.97, 5493992190245.305, -45878274765807.95, 5491012933900.335]], "18": [[456847870595017.7, -42188973434051.01, 484050234946009.5, -42968654874157.58, 515710809364322.94, -43967924430590.23], [-42188973434051.01, 5825264598243.714, -42977778726297.91, 5760882382426.973, -43987028888367.05, 5712877633866.651], [484050234946009.5, -42977778726297.91, 515710810620317.06, -43977476163547.516, 552453785659423.9, -45221134480573.41], [-42968654874157.58, 5760882382426.973, -43977476163547.516, 5712877724791.655, -45231193486790.96, 5682087431431.45], [515710809364322.94, -43987028888367.05, 552453785659423.9, -45231193486790.96, 595003365391219.2, -46747735984422.02], [-43967924430590.23, 5712877633866.651, -45221134480573.41, 5682087431431.45, -46747735984422.02, 5669539568030.731]], "19": [[458401809544976.0, -43577067989454.13, 485525320397827.8, -44286180459479.01, 517111042673391.8, -45218468681628.695], [-43577067989454.13, 6288796135337.615, -44295444304098.875, 6200840010113.483, -45237838901563.71, 6130460253430.661], [485525320397827.8, -44295444304098.875, 517111043937119.5, -45228153291433.48, 553782965150751.7, -46408228765291.75], [-44286180459479.01, 6200840010113.483, -45228153291433.48, 6130460345504.49, -46418413902436.0, 6078432973735.954], [517111042673391.8, -45237838901563.71, 553782965150751.7, -46418413902436.0, 596265096631890.6, -47874599615969.766], [-45218468681628.695, 6130460253430.661, -46408228765291.75, 6078432973735.954, -47874599615969.766, 6045728089817.521]], "20": [[455664835913709.56, -44556333825047.8, 482927304644683.75, -45215668774889.38, 514644929816260.9, -46100709740844.72], [-44556333825047.8, 7027204539472.797, -45225056404171.13, 6901697030615.018, -46120314954014.98, 6795675544782.022], [482927304644683.75, -45225056404171.13, 514644931086738.2, -46110511842598.15, 551442058406532.06, -47245735734445.61], [-45215668774889.38, 6901697030615.018, -46110511842598.15, 6795675638752.098, -47256032399584.81, 6709819079718.927], [514644929816260.9, -46120314954014.98, 551442058406532.06, -47256032399584.81, 594043039204197.1, -48669640732907.3], [-46100709740844.72, 6795675544782.022, -47245735734445.61, 6709819079718.927, -48669640732907.3, 6645005374629.518]], "21": [[447402891105217.75, -43076170586448.945, 475084689277458.5, -43810749429791.79, 507200361117011.3, -44767209277376.305], [-43076170586448.945, 7219005625098.076, -43820090998570.64, 7083718964357.688, -44786727050117.44, 6968416918616.072], [475084689277458.5, -43820090998570.64, 507200362389270.0, -44776967654422.586, 544375333797157.25, -45979982077214.67], [-43810749429791.79, 7083718964357.688, -44776967654422.586, 6968417016979.4, -45990237243519.91, 6873753073499.9], [507200361117011.3, -44786727050117.44, 544375333797157.25, -45990237243519.91, 587334981470348.5, -47468192091105.51], [-44767209277376.305, 6968416918616.072, -45979982077214.67, 6873753073499.9, -47468192091105.51, 6800581034598.268]], "22": [[441490303394842.94, -39860638215961.94, 469472098965506.9, -40758814520274.36, 501872555354538.2, -41870548428593.29], [-39860638215961.94, 5472437485530.574, -40767573754662.016, 5426011577592.476, -41888960731226.125, 5395049295876.402], [469472098965506.9, -40767573754662.016, 501872556575274.5, -41879754099258.65, 539317870934005.7, -43230170774948.26], [-40758814520274.36, 5426011577592.476, -41879754099258.65, 5395049383698.307, -43239901301716.06, 5380434220839.677], [501872555354538.2, -41888960731226.125, 539317870934005.7, -43239901301716.06, 582534152158234.1, -44857785663057.77], [-41870548428593.29, 5395049295876.402, -43230170774948.26, 5380434220839.677, -44857785663057.77, 5383238292495.675]], "23": [[441670173274466.0, -39861781105071.64, 469648906194340.7, -40759931634661.38, 502046352076955.6, -41871640316907.46], [-39861781105071.64, 5472444556934.345, -40768697196202.01, 5426018486818.671, -41890065056098.45, 5395056046412.06], [469648906194340.7, -40768697196202.01, 502046353300369.3, -41880852204838.914, 539488708411897.8, -43231244083876.69], [-40759931634661.38, 5426018486818.671, -41880852204838.914, 5395056134427.008, -43240980721923.05, 5380440816479.294], [502046352076955.6, -41890065056098.45, 539488708411897.8, -43240980721923.05, 582702080775416.5, -44858840708724.42], [-41871640316907.46, 5395056046412.06, -43231244083876.69, 5380440816479.294, -44858840708724.42, 5383244736570.71]], "24": [[442241431453607.4, -39870418208079.34, 470210386551528.3, -40768407327522.85, 502598221967278.9, -41879957597823.336], [-39870418208079.34, 5472563795209.133, -40777186593899.03, 5426135463027.6875, -41898409274355.88, 5395170803106.431], [470210386551528.3, -40777186593899.03, 502598223194175.44, -41889182953092.03, 540031132332964.1, -43239419129600.28], [-40768407327522.85, 5426135463027.6875, -41889182953092.03, 5395170891373.98, -43249169004222.234, 5380553395911.888], [502598221967278.9, -41898409274355.88, 540031132332964.1, -43249169004222.234, 583235220402446.1, -44866875951570.72], [-41879957597823.336, 5395170803106.431, -43239419129600.28, 5380553395911.888, -44866875951570.72, 5383355179700.787]], "25": [[444584844413963.7, -39949455693252.76, 472513577947863.3, -40846044464683.62, 504861882138662.06, -41956219180271.234], [-39949455693252.76, 5474981058260.513, -40854868373596.66, 5428509670167.642, -41974758602218.02, 5397502720457.429], [472513577947863.3, -40854868373596.66, 504861883373064.06, -41965488405308.55, 542255939784828.6, -43314372622336.26], [-40846044464683.62, 5428509670167.642, -41965488405308.55, 5397502809276.93, -43324165613110.69, 5382843777062.19], [504861882138662.06, -41974758602218.02, 542255939784828.6, -43324165613110.69, 585421841979928.5, -44940543791482.26], [-41956219180271.234, 5397502720457.429, -43314372622336.26, 5382843777062.19, -44940543791482.26, 5385604763739.184]], "26": [[448568872763536.6, -40202466219133.55, 476429124823720.25, -41094638248279.98, 508710124657382.7, -42200473313388.836], [-40202466219133.55, 5488928090269.652, -41103532523078.37, 5442212493986.276, -42219151039373.266, 5410965611162.734], [476429124823720.25, -41103532523078.37, 508710125900193.5, -42209811687038.43, 546038034846461.7, -43554430803756.24], [-41094638248279.98, 5442212493986.276, -42209811687038.43, 5410965700618.373, -43564291753623.04, 5396070936158.553], [508710124657382.7, -42219151039373.266, 546038034846461.7, -43564291753623.04, 589138926582142.4, -45176478101181.0], [-42200473313388.836, 5410965611162.734, -43554430803756.24, 5396070936158.553, -45176478101181.0, 5398600317923.702]], "27": [[454113371646923.1, -40787236428392.336, 481878246729172.2, -41669251532891.266, 514065510255637.5, -42765106082978.88], [-40787236428392.336, 5540415863874.266, -41678249151502.54, 5492804273137.09, -42783986930376.97, 5460676986928.429], [481878246729172.2, -41678249151502.54, 514065511508048.3, -42774546013284.28, 551301296604597.9, -44109356204519.26], [-41669251532891.266, 5492804273137.09, -42774546013284.28, 5460677077144.909, -44119316962752.67, 5444917229824.14], [514065510255637.5, -42783986930376.97, 551301296604597.9, -44119316962752.67, 594311649210665.8, -45721863024344.63], [-42765106082978.88, 5460676986928.429, -44109356204519.26, 5444917229824.14, -45721863024344.63, 5446596582667.9]], "28": [[460819971006463.94, -41924317050351.04, 488469428832764.0, -42786626818129.28, 520543261363164.3, -43863117515306.44], [-41924317050351.04, 5692677757270.694, -42795771857936.5, 5642424032684.399, -43882288117249.77, 5607700459084.426], [488469428832764.0, -42795771857936.5, 520543262626733.06, -43872702317936.47, 557667568815806.75, -45188481717608.12], [-42786626818129.28, 5642424032684.399, -43872702317936.47, 5607700550256.349, -45198584853089.1, 5589389467417.029], [520543261363164.3, -43882288117249.77, 557667568815806.75, -45198584853089.1, 600568361008792.4, -46782427455797.625], [-43863117515306.44, 5607700459084.426, -45188481717608.12, 5589389467417.029, -46782427455797.625, 5588561854878.559]], "29": [[467578037937290.9, -43857960869616.516, 495111171806306.7, -44686800440338.945, 527070682603088.9, -45730400285484.04], [-43857960869616.516, 6084760191403.955, -44696150285431.36, 6027712970522.494, -45749973429151.6, 5986313607843.387], [495111171806306.7, -44696150285431.36, 527070683879740.25, -45740186352794.555, 564082636108520.0, -47023640738080.29], [-44686800440338.945, 6027712970522.494, -45740186352794.555, 5986313700295.568, -47033941670995.445, 5961442497409.228], [527070682603088.9, -45749973429151.6, 564082636108520.0, -47033941670995.445, 606873008244311.0, -48586015362648.77], [-45730400285484.04, 5986313607843.387, -47023640738080.29, 5961442497409.228, -48586015362648.77, 5954168429728.118]], "30": [[471783187677091.5, -46598128028651.445, 499243963881932.1, -47379567775757.12, 531132362051683.94, -48376587723921.555], [-46598128028651.445, 6970570305229.434, -47389183637701.58, 6898186992975.468, -48396683719314.88, 6841717051462.461], [499243963881932.1, -47389183637701.58, 531132363343255.0, -48386635209361.33, 568074426573827.2, -49624310921956.24], [-47379567775757.12, 6898186992975.468, -48386635209361.33, 6841717145788.614, -49634868768977.516, 6802036281657.625], [531132362051683.94, -48396683719314.88, 568074426573827.2, -49634868768977.516, 610796112285615.5, -51141951230434.16], [-48376587723921.555, 6841717051462.461, -49624310921956.24, 6802036281657.625, -51141951230434.16, 6780208953081.996]], "31": [[468381578988874.5, -48900638391790.08, 495901010813605.4, -49642262554564.67, 527847053168627.44, -50600155418088.836], [-48900638391790.08, 8510568000914.504, -49652143050976.08, 8411528418605.516, -50620771548167.03, 8328863604855.257], [495901010813605.4, -49652143050976.08, 527847054474466.8, -50610462961918.38, 564845767910365.9, -51809683686953.91], [-49642262554564.67, 8411528418605.516, -50610462961918.38, 8328863702305.192, -51820497113013.51, 8263441380416.635], [527847053168627.44, -50620771548167.03, 564845767910365.9, -51820497113013.51, 607623126987214.6, -53289785139422.53], [-50600155418088.836, 8328863604855.257, -51809683686953.91, 8263441380416.635, -53289785139422.53, 8216318160340.113]], "32": [[453000123282852.4, -46245280217974.46, 480784374640868.06, -47032820921859.54, 512990677198963.0, -48035836337632.34], [-46245280217974.46, 9011805399753.771, -47042637440370.53, 8904047599014.354, -48056326721858.2, 8812816196917.738], [480784374640868.06, -47042637440370.53, 512990678507792.06, -48046081001199.89, 550245171315981.0, -49289645098059.99], [-47032820921859.54, 8904047599014.354, -48046081001199.89, 8812816301212.164, -49300396737083.41, 8738976390629.242], [512990677198963.0, -48056326721858.2, 550245171315981.0, -49300396737083.41, 593273906079334.2, -50813262409846.61], [-48035836337632.34, 8812816196917.738, -49289645098059.99, 8738976390629.242, -50813262409846.61, 8683581990100.703]], "33": [[441493211138063.94, -39860641778896.57, 469475304642880.3, -40758818227724.8, 501876059828734.5, -41870552234727.36], [-39860641778896.57, 5472437489892.986, -40767577672699.87, 5426011582119.445, -41888965005422.72, 5395049300513.347], [469475304642880.3, -40767577672699.87, 501876061049695.3, -41879758139341.83, 539321675151996.2, -43230174891238.36], [-40758818227724.8, 5426011582119.445, -41879758139341.83, 5395049388350.172, -43239905675524.695, 5380434225565.468], [501876059828734.5, -41888965005422.72, 539321675151996.2, -43239905675524.695, 582538257150648.4, -44857790090620.9], [-41870552234727.36, 5395049300513.347, -43230174891238.36, 5380434225565.468, -44857790090620.9, 5383238297262.942]], "34": [[441745361106799.75, -39862258765563.63, 469731617482327.4, -40760453306049.945, 502136604261103.06, -41872205564380.42], [-39862258765563.63, 5472447589233.232, -40769221372245.055, 5426021790765.525, -41890635859118.91, 5395059619341.164], [469731617482327.4, -40769221372245.055, 502136605485681.44, -41881420229657.67, 539586521041264.6, -43231855534640.19], [-40760453306049.945, 5426021790765.525, -41881420229657.67, 5395059707433.325, -43241595224049.086, 5380444655969.376], [502136604261103.06, -41890635859118.91, 539586521041264.6, -43241595224049.086, 582807475506821.9, -44859498498978.164], [-41872205564380.42, 5395059619341.164, -43231855534640.19, 5380444655969.376, -44859498498978.164, 5383248840134.421]], "35": [[442555725794918.75, -39874605782972.555, 470555289664818.56, -40772984373805.25, 502973802461685.44, -41884923401886.36], [-39874605782972.555, 5472619550307.148, -40781771328368.414, 5426196268833.657, -41903392089405.46, 5395236650762.267], [470555289664818.56, -40781771328368.414, 502973803691029.94, -41894157261743.97, 540437467381634.9, -43244782406807.43], [-40772984373805.25, 5426196268833.657, -41894157261743.97, 5395236739191.587, -43254541605651.89, 5380624278303.953], [502973802461685.44, -41903392089405.46, 540437467381634.9, -43254541605651.89, 583672395746514.6, -44872637841464.19], [-41884923401886.36, 5395236650762.267, -43244782406807.43, 5380624278303.953, -44872637841464.19, 5383431090803.619]], "36": [[445961964563010.0, -39990120970901.6, 474017305280249.5, -40890329411199.16, 506492508250535.0, -42004127251507.34], [-39990120970901.6, 5476181110214.854, -40899179283764.08, 5429813931273.859, -42022723825602.71, 5398911298418.86], [474017305280249.5, -40899179283764.08, 506492509490398.1, -42013425050575.766, 544013791646513.56, -43365939466440.47], [-40890329411199.16, 5429813931273.859, -42013425050575.766, 5398911387597.335, -43375763650566.97, 5384356809253.354], [506492508250535.0, -42022723825602.71, 544013791646513.56, -43375763650566.97, 587307281969378.9, -44995780114842.12], [-42004127251507.34, 5398911298418.86, -43365939466440.47, 5384356809253.354, -44995780114842.12, 5387222415736.578]], "37": [[451971865967782.2, -40371562621045.91, 480125468785518.1, -41277908842290.6, 512700540428368.75, -42397943212454.13], [-40371562621045.91, 5497325744595.387, -41286861241433.48, 5451297769414.657, -42416748179866.695, 5420739780566.045], [480125468785518.1, -41286861241433.48, 512700541680458.7, -42407345203292.46, 550323325360797.25, -43766198178665.63], [-41277908842290.6, 5451297769414.657, -42407345203292.46, 5420739870629.795, -43776128256735.625, 5406535464683.378], [512700540428368.75, -42416748179866.695, 550323325360797.25, -43776128256735.625, 593719976756371.1, -45402586979360.08], [-42397943212454.13, 5420739780566.045, -43766198178665.63, 5406535464683.378, -45402586979360.08, 5409756860614.403]], "38": [[460754697679816.1, -41288618752179.61, 489051787490513.4, -42209798458196.484, 521772690284787.1, -43344906236393.95], [-41288618752179.61, 5578247598858.087, -42218907701308.03, 5533526126232.787, -43364030000457.72, 5504295732177.926], [489051787490513.4, -42218907701308.03, 521772691551471.5, -43354467619505.85, 559543688853157.8, -44728640396342.57], [-42209798458196.484, 5533526126232.787, -43354467619505.85, 5504295823331.176, -44738732468695.18, 5491440446030.33], [521772690284787.1, -43364030000457.72, 559543688853157.8, -44738732468695.18, 603090975262529.4, -46380761413783.31], [-43344906236393.95, 5504295732177.926, -44728640396342.57, 5491440446030.33, -46380761413783.31, 5496032650479.932]], "39": [[472127100292508.3, -43165288706366.72, 500609901119456.5, -44116894487798.11, 533519547563648.0, -45282921625626.4], [-43165288706366.72, 5828810470729.026, -44126239214386.82, 5788146294747.575, -45302524025854.05, 5763038894099.101], [500609901119456.5, -44126239214386.82, 533519548848249.9, -45292722319060.11, 571482371974126.9, -46698319626047.39], [-44116894487798.11, 5788146294747.575, -45292722319060.11, 5763038986665.497, -46708654913529.16, 5754373364739.353], [533519547563648.0, -45302524025854.05, 571482371974126.9, -46708654913529.16, 615224616713346.5, -48382621812866.26], [-45282921625626.4, 5763038894099.101, -46698319626047.39, 5754373364739.353, -48382621812866.26, 5763223167549.515]], "40": [[484891957339821.56, -46585205244320.5, 513583168221447.6, -47592324088735.09, 546704627376948.56, -48814765387277.51], [-46585205244320.5, 6514153207148.529, -47602018493462.06, 6484603663315.222, -48835078531154.445, 6470791145214.592], [513583168221447.6, -47602018493462.06, 546704628684061.7, -48824921442244.95, 584882722754997.6, -50287854410120.984], [-47592324088735.09, 6484603663315.222, -48824921442244.95, 6470791239743.611, -50298550855821.92, 6473603675942.154], [546704627376948.56, -48835078531154.445, 584882722754997.6, -50298550855821.92, 628843753134656.2, -52030789968406.38], [-48814765387277.51, 6470791145214.592, -50287854410120.984, 6473603675942.154, -52030789968406.38, 6494117683074.985]], "41": [[495169609075318.0, -51950836839298.82, 524028659891113.7, -53045109395819.24, 557320699874150.6, -54356120035283.37], [-51950836839298.82, 8195142223050.751, -53055301778049.61, 8192876863123.205, -54377445350142.52, 8206791375768.419], [524028659891113.7, -53055301778049.61, 557320701209375.25, -54366782161879.59, 595672161789659.4, -55919731319012.6], [-53045109395819.24, 8192876863123.205, -54366782161879.59, 8206791473279.477, -55930942090205.08, 8237780977887.0625], [557320699874150.6, -54377445350142.52, 595672161789659.4, -55930942090205.08, 639809389851766.9, -57754667875556.45], [-54356120035283.37, 8206791375768.419, -55919731319012.6, 8237780977887.0625, -57754667875556.45, 8286929395598.018]], "42": [[493017813228800.6, -57453254717223.7, 521841938194524.5, -58636931210756.58, 555098485440363.75, -60038798429608.92], [-57453254717223.7, 11478081377724.027, -58647696453354.086, 11529117218456.086, -60061288119484.44, 11597198314811.398], [521841938194524.5, -58647696453354.086, 555098486806033.8, -60050042726299.06, 593413878592115.0, -61695334168813.13], [-58636931210756.58, 11529117218456.086, -60050042726299.06, 11597198417430.441, -61707136606516.31, 11683233944094.678], [555098485440363.75, -60061288119484.44, 593413878592115.0, -61707136606516.31, 637514452453371.0, -63624714677415.11], [-60038798429608.92, 11597198314811.398, -61695334168813.13, 11683233944094.678, -63624714677415.11, 11788322100511.527]], "43": [[464684197353668.8, -53010319183346.42, 493045918467430.6, -54121791104959.2, 525832515467357.8, -55450280317622.74], [-53010319183346.42, 12925218240121.875, -54132513048765.92, 12999680351463.305, -55472682002721.61, 13091566930638.604], [493045918467430.6, -54132513048765.92, 525832516840209.56, -55461480599003.65, 563670288837696.1, -57032200802620.62], [-54121791104959.2, 12999680351463.305, -55461480599003.65, 13091567043926.273, -57043958522904.55, 13201793414920.176], [525832515467357.8, -55472682002721.61, 563670288837696.1, -57043958522904.55, 607285448201882.8, -58885752718541.42], [-55450280317622.74, 13091566930638.604, -57032200802620.62, 13201793414920.176, -58885752718541.42, 13331464015174.734]], "44": [[441496929771063.8, -39860646393353.9, 469479557064398.6, -40758823228416.49, 501880878762984.0, -41870557581073.09], [-39860646393353.9, 5472437495613.698, -40767582934176.51, 5426011588299.827, -41888970953493.77, 5395049307104.095], [469479557064398.6, -40767582934176.51, 501880879984219.8, -41879763786450.39, 539327095070448.2, -43230180880583.14], [-40758823228416.49, 5426011588299.827, -41879763786450.39, 5395049394958.788, -43239912008257.0, 5380434232552.642], [501880878762984.0, -41888970953493.77, 539327095070448.2, -43239912008257.0, 582544314360574.1, -44857796761648.58], [-41870557581073.09, 5395049307104.095, -43230180880583.14, 5380434232552.642, -44857796761648.58, 5383238304596.73]], "45": [[441842228138100.94, -39862881937735.86, 469842136279962.0, -40761159194675.28, 502261603660512.1, -41872998425459.12], [-39862881937735.86, 5472451594662.891, -40769930382243.86, 5426026315754.423, -41891435906723.75, 5395064690575.655], [469842136279962.0, -40769930382243.86, 502261604886525.5, -41882216683476.65, 539726873774359.75, -43232743905914.055], [-40761159194675.28, 5426026315754.423, -41882216683476.65, 5395064778760.611, -43242487689180.19, 5380450301537.26], [502261603660512.1, -41891435906723.75, 539726873774359.75, -43242487689180.19, 582964100433202.5, -44860488083874.914], [-41872998425459.12, 5395064690575.655, -43232743905914.055, 5380450301537.26, -44860488083874.914, 5383255089207.382]], "46": [[442964679996222.6, -39880123129937.03, 471020665337737.25, -40779236564984.5, 503499011501036.8, -41891952496348.76], [-39880123129937.03, 5472693923057.401, -40788033182819.37, 5426280334575.295, -41910443373403.23, 5395330963165.642], [471020665337737.25, -40788033182819.37, 503499012733420.3, -41901197449861.516, 541026101959056.7, -43252645185711.59], [-40779236564984.5, 5426280334575.295, -41901197449861.516, 5395331051790.311, -43262416997688.97, 5380729419276.602], [503499011501036.8, -41910443373403.23, 541026101959056.7, -43262416997688.97, 584328237468923.9, -44881383908153.875], [-41891952496348.76, 5395330963165.642, -43252645185711.59, 5380729419276.602, -44881383908153.875, 5383547671062.695]], "47": [[447795655770282.9, -40044943208758.2, 476092771992472.75, -40952198512944.63, 508824284701267.06, -42073458478920.82], [-40044943208758.2, 5477818874489.3545, -40961081675673.93, 5431658024792.092, -42092131071779.055, 5400973854677.276], [476092771992472.75, -40961081675673.93, 508824285948031.1, -42082794284816.06, 546617178139889.5, -43443212605935.32], [-40952198512944.63, 5431658024792.092, -42082794284816.06, 5400973944294.017, -43453079803762.73, 5386650591130.376], [508824284701267.06, -42092131071779.055, 546617178139889.5, -43453079803762.73, 590198383763264.4, -45081465145147.61], [-42073458478920.82, 5400973854677.276, -43443212605935.32, 5386650591130.376, -45081465145147.61, 5389760845176.444]], "48": [[456635403180001.3, -40606167572101.6, 485373525882384.75, -41541281341842.51, 518568046436230.1, -42691782613043.914], [-40606167572101.6, 5509119623057.268, -41550310150599.516, 5464511085527.412, -42710761012822.305, 5435456210371.312], [485373525882384.75, -41550310150599.516, 518568047700305.6, -42701271315567.016, 556847046745660.25, -44092390033625.69], [-41541281341842.51, 5464511085527.412, -42701271315567.016, 5435456301187.488, -44102417753977.8, 5422843044763.022], [518568046436230.1, -42710761012822.305, 556847046745660.25, -44102417753977.8, 600938610616681.1, -45763035390147.52], [-42691782613043.914, 5435456210371.312, -44092390033625.69, 5422843044763.022, -45763035390147.52, 5427748204448.925]], "49": [[470199629996723.25, -42010499239648.734, 499614287896725.4, -43015435582607.83, 533519086780160.0, -44239230951624.68], [-42010499239648.734, 5633386748978.063, -43024696399946.84, 5594953340334.474, -44258696488700.91, 5572380448755.816], [499614287896725.4, -43024696399946.84, 533519088065811.44, -44248963214002.36, 572543791580604.6, -45717032281689.3], [-43015435582607.83, 5594953340334.474, -44248963214002.36, 5572380541088.257, -45727315706749.336, 5566571372725.316], [533519086780160.0, -44258696488700.91, 572543791580604.6, -45727315706749.336, 617418252988462.1, -47468722335116.84], [-44239230951624.68, 5572380448755.816, -45717032281689.3, 5566571372725.316, -47468722335116.84, 5578618730948.171]], "50": [[489025247579268.5, -45043140797159.805, 519378725491423.8, -46198967965518.945, 554269162632056.6, -47581161808349.93], [-45043140797159.805, 6037374075529.963, -46208595964462.234, 6019034162486.877, -47601398297579.24, 6017554172740.749], [519378725491423.8, -46208595964462.234, 554269163945694.25, -47591279534960.53, 594328658782342.6, -49225647464057.94], [-46198967965518.945, 6019034162486.877, -47591279534960.53, 6017554267103.414, -49236335571171.17, 6033887117165.591], [554269162632056.6, -47601398297579.24, 594328658782342.6, -49236335571171.17, 640289515802604.2, -51152335493238.12], [-47581161808349.93, 6017554172740.749, -49225647464057.94, 6033887117165.591, -51152335493238.12, 6069177791115.776]], "51": [[512640482294483.75, -51012514413342.266, 544171558228689.3, -52465462669374.17, 580298315488198.0, -54159566568882.09], [-51012514413342.266, 7220171136938.469, -52475677158406.97, 7260689483411.457, -54181034479357.31, 7320996649757.3545], [544171558228689.3, -52475677158406.97, 580298316839696.2, -54170299989354.86, 621655782167340.8, -56132133710915.055], [-52465462669374.17, 7260689483411.457, -54170299989354.86, 7320996747051.267, -56143468205030.97, 7402191400163.705], [580298315488198.0, -54181034479357.31, 621655782167340.8, -56143468205030.97, 668979334307602.6, -58403265458294.11], [-54159566568882.09, 7320996649757.3545, -56132133710915.055, 7402191400163.705, -58403265458294.11, 7505571524233.816]], "52": [[536798126747281.25, -61609364094122.07, 569533898045682.6, -63589870689255.55, 606925426460773.6, -65837797120749.516], [-61609364094122.07, 10434995618468.16, -63601018793711.69, 10635532276917.582, -65861225291004.64, 10863822682208.268], [569533898045682.6, -63601018793711.69, 606925427865013.6, -65849510646336.97, 649610736056628.2, -68392787444927.17], [-63589870689255.55, 10635532276917.582, -65849510646336.97, 10863822784182.389, -68405150900837.01, 11121362063086.84], [606925426460773.6, -65861225291004.64, 649610736056628.2, -68405150900837.01, 698328348031365.0, -71275389282217.42], [-65837797120749.516, 10863822682208.268, -68392787444927.17, 11121362063086.84, -71275389282217.42, 11409864388586.23]], "53": [[544745706208458.9, -75687552222521.27, 577878177887970.1, -78369001363079.6, 615686207751169.6, -81352769741219.53], [-75687552222521.27, 17902548381889.094, -78381466247629.66, 18474826738632.656, -81378962679780.69, 19093364479258.273], [577878177887970.1, -78381466247629.66, 615686209224319.4, -81365865615051.22, 658808808361472.5, -84681690209060.44], [-78369001363079.6, 18474826738632.656, -81365865615051.22, 19093364589762.97, -84695504921679.45, 19760578077264.895], [615686207751169.6, -81378962679780.69, 658808808361472.5, -84695504921679.45, 707985538474129.2, -88376827934952.44], [-81352769741219.53, 19093364479258.273, -84681690209060.44, 19760578077264.895, -88376827934952.44, 20479148571857.188]], "54": [[494096105403634.94, -70389594361092.9, 524703478958370.06, -72807204456501.72, 559860523837468.5, -75513994567796.9], [-70389594361092.9, 23186950725486.85, -72819956766735.77, 24022179893097.2, -75540791002556.19, 24916752806132.152], [524703478958370.06, -72819956766735.77, 559860525340057.4, -75527392160403.48, 600199976673237.0, -78552459934621.34], [-72807204456501.72, 24022179893097.2, -75527392160403.48, 24916752934391.477, -78566591431439.8, 25873737048749.727], [559860523837468.5, -75540791002556.19, 600199976673237.0, -78566591431439.8, 646454807287602.2, -81942693646170.81], [-75513994567796.9, 24916752806132.152, -78552459934621.34, 25873737048749.727, -81942693646170.81, 26896497097115.22]], "55": [[441501586112861.94, -39860652248501.82, 4