[{"0": [[45611473421403.69, -10797387947046.736, 83502244246648.69, -7990306642182.123, 30053053618335.867, -5294801299032.707], [-10797387947046.736, 3888853299706.7065, -19013710438849.742, 2790575005413.515, -6578026256597.688, 1789830690595.1494], [83502244246648.69, -19013710438849.742, 153681822328335.7, -14135915402854.988, 55601383223067.164, -9412526998069.14], [-7990306642182.123, 2790575005413.515, -14135915402854.988, 2008078368693.3215, -4914155225651.656, 1291832260856.25], [30053053618335.867, -6578026256597.688, 55601383223067.164, -4914155225651.656, 20219875871350.39, -3288530139085.87], [-5294801299032.707, 1789830690595.1494, -9412526998069.14, 1291832260856.25, -3288530139085.87, 833750268621.4297]], "1": [[45716761068628.39, -10806619289508.713, 83668256947686.97, -7996420796971.688, 30104241989853.68, -5298410733510.771], [-10806619289508.713, 3889583018291.237, -19028266183939.51, 2791058259953.052, -6582514435119.307, 1790115941859.0713], [83668256947686.97, -19028266183939.51, 153943583490110.28, -14145556046149.996, 55682094683640.555, -9418218262354.74], [-7996420796971.688, 2791058259953.052, -14145556046149.996, 2008398402912.2224, -4917127861440.062, 1292021167829.9968], [30104241989853.68, -6582514435119.307, 55682094683640.555, -4917127861440.062, 20244762450445.58, -3290285007056.5586], [-5298410733510.771, 1790115941859.0713, -9418218262354.74, 1292021167829.9968, -3290285007056.5586, 833861774946.6962]], "2": [[45882341246938.734, -10834331520301.416, 83929328594340.78, -8014781005335.231, 30184738522695.434, -5309252873231.3], [-10834331520301.416, 3893553018836.7056, -19071960851187.66, 2793688329050.5654, -6595987037401.817, 1791668954564.2866], [83929328594340.78, -19071960851187.66, 154355217330004.38, -14174505112185.93, 55809014237327.98, -9435313374466.633], [-8014781005335.231, 2793688329050.5654, -14174505112185.93, 2010140786359.397, -4926053876437.824, 1293050016671.4504], [30184738522695.434, -6595987037401.817, 55809014237327.98, -4926053876437.824, 20283895708036.48, -3295556031265.189], [-5309252873231.3, 1791668954564.2866, -9435313374466.633, 1293050016671.4504, -3295556031265.189, 834469293289.6077]], "3": [[46090579610838.234, -10893498410065.807, 84257654793576.66, -8053984982287.685, 30285970201648.625, -5332406168121.657], [-10893498410065.807, 3907192772120.723, -19165249561149.785, 2802725629493.7944, -6624750789623.77, 1797006016129.7422], [84257654793576.66, -19165249561149.785, 154872884156580.8, -14236318204926.168, 55968624655470.914, -9471819282260.398], [-8053984982287.685, 2802725629493.7944, -14236318204926.168, 2016128636488.0728, -4945112736708.17, 1296586197044.305], [30285970201648.625, -6624750789623.77, 55968624655470.914, -4945112736708.17, 20333107834929.332, -3306811915197.365], [-5332406168121.657, 1797006016129.7422, -9471819282260.398, 1296586197044.305, -3306811915197.365, 836557617351.0426]], "4": [[46309509483571.42, -10997733387584.97, 84602835062908.8, -8123054311785.52, 30392397492287.324, -5373199417510.868], [-10997733387584.97, 3944143650487.35, -19329595972723.395, 2827209639498.7803, -6675423376867.788, 1811466127048.388], [84602835062908.8, -19329595972723.395, 155417119699977.5, -14345219235436.082, 56136425423528.92, -9536137655324.238], [-8123054311785.52, 2827209639498.7803, -14345219235436.082, 2032351978665.3276, -4978689964975.992, 1306167606558.2852], [30392397492287.324, -6675423376867.788, 56136425423528.92, -4978689964975.992, 20384844804487.39, -3326643065433.3096], [-5373199417510.868, 1811466127048.388, -9536137655324.238, 1306167606558.2852, -3326643065433.3096, 842216340867.9891]], "5": [[46484618768784.39, -11153956384642.018, 84878923531015.98, -8226575056836.682, 30477521774518.895, -5434341624598.909], [-11153956384642.018, 4029585498172.5215, -19575910752872.9, 2883825963532.6504, -6751368883574.405, 1844904412590.0544], [84878923531015.98, -19575910752872.9, 155852418388371.38, -14508439056167.883, 56270637796247.766, -9632539783045.1], [-8226575056836.682, 2883825963532.6504, -14508439056167.883, 2069867648425.003, -5029015048960.485, 1328324814693.7214], [30477521774518.895, -6751368883574.405, 56270637796247.766, -5029015048960.485, 20426225496552.246, -3356366448016.76], [-5434341624598.909, 1844904412590.0544, -9632539783045.1, 1328324814693.7214, -3356366448016.76, 855302655856.6183]], "6": [[46530340973919.305, -11340183899958.824, 84951013016828.06, -8349979953496.9, 30499748873782.785, -5507228987243.176], [-11340183899958.824, 4198695151574.6343, -19869534856805.33, 2995884808391.799, -6841901623411.457, 1911088743280.7466], [84951013016828.06, -19869534856805.33, 155966080753276.44, -14703011013716.326, 56305682916055.305, -9747460967007.58], [-8349979953496.9, 2995884808391.799, -14703011013716.326, 2144122337312.0444, -5089007168739.827, 1372181208956.0247], [30499748873782.785, -6841901623411.457, 56305682916055.305, -5089007168739.827, 20437030835885.723, -3391799947893.51], [-5507228987243.176, 1911088743280.7466, -9747460967007.58, 1372181208956.0247, -3391799947893.51, 881205172519.0303]], "7": [[46339334641049.62, -11450578322693.648, 84649863771442.95, -8423134344196.692, 30406898875988.957, -5550437066598.626], [-11450578322693.648, 4449336444096.673, -20043601808853.062, 3161970062903.3906, -6895574097695.77, 2009182378547.8596], [84649863771442.95, -20043601808853.062, 155491275198336.34, -14818358886140.771, 56159291399737.164, -9815590302329.049], [-8423134344196.692, 3161970062903.3906, -14818358886140.771, 2254177274717.2446, -5124573975821.773, 1437182096111.0579], [30406898875988.957, -6895574097695.77, 56159291399737.164, -5124573975821.773, 20391895567777.707, -3412807209403.714], [-5550437066598.626, 2009182378547.8596, -9815590302329.049, 1437182096111.0579, -3412807209403.714, 919596138245.4299]], "8": [[45889399459456.06, -11235496069933.371, 83940466519472.22, -8280608518774.2295, 30188175522772.582, -5466256110774.399], [-11235496069933.371, 4503352717416.178, -19704507376897.125, 3197755951195.1797, -6791029199003.046, 2030313874904.7314], [83940466519472.22, -19704507376897.125, 154372793068625.88, -14593655483599.375, 55814437848676.66, -9682872268742.195], [-8280608518774.2295, 3197755951195.1797, -14593655483599.375, 2277885495888.1777, -5055296534663.052, 1451181753382.5073], [30188175522772.582, -6791029199003.046, 55814437848676.66, -5055296534663.052, 20285569352729.242, -3371889423119.045], [-5466256110774.399, 2030313874904.7314, -9682872268742.195, 1451181753382.5073, -3371889423119.045, 927862907617.7495]], "9": [[45629302587980.58, -10797996803740.238, 83533473911513.45, -7990753238869.421, 30063679548395.3, -5295091389469.105], [-10797996803740.238, 3888874082217.702, -19014775042649.582, 2790590223610.8057, -6578387950323.633, 1789840561495.6274], [83533473911513.45, -19014775042649.582, 153736159978206.97, -14136691273409.121, 55619766807847.28, -9413028207968.986], [-7990753238869.421, 2790590223610.8057, -14136691273409.121, 2008089443266.037, -4914417377473.701, 1291839405977.4395], [30063679548395.3, -6578387950323.633, 55619766807847.28, -4914417377473.701, 20226065050430.395, -3288698686662.382], [-5295091389469.105, 1789840561495.6274, -9413028207968.986, 1291839405977.4395, -3288698686662.382, 833754857367.06]], "10": [[45791299727505.766, -10812261634721.426, 83798258316414.23, -8000547663461.786, 30148313294203.94, -5301085467726.05], [-10812261634721.426, 3890009946179.5674, -19038091197443.832, 2791370040345.36, -6585840645061.669, 1790317749931.145], [83798258316414.23, -19038091197443.832, 154168950218685.28, -14152700458725.072, 55758100706926.66, -9422825650368.059], [-8000547663461.786, 2791370040345.36, -14152700458725.072, 2008624819057.8777, -4919534497927.759, 1292167015138.838], [30148313294203.94, -6585840645061.669, 55758100706926.66, -4919534497927.759, 20270281083546.61, -3291830307198.6797], [-5301085467726.05, 1790317749931.145, -9422825650368.059, 1292167015138.838, -3291830307198.6797, 833955329169.5177]], "11": [[46056391198904.23, -10856502799830.455, 84231538660374.52, -8030932945801.367, 30286800076056.875, -5319686252839.895], [-10856502799830.455, 3896376210046.838, -19110402275212.758, 2795742190949.9644, -6608953267107.657, 1792994062638.355], [84231538660374.52, -19110402275212.758, 154877127872564.3, -14202364442902.025, 55984451256950.016, -9453228168643.543], [-8030932945801.367, 2795742190949.9644, -14202364442902.025, 2011627475058.512, -4935408482053.574, 1294005022774.7798], [30286800076056.875, -6608953267107.657, 55984451256950.016, -4935408482053.574, 20342628143871.105, -3301547793675.246], [-5319686252839.895, 1792994062638.355, -9453228168643.543, 1294005022774.7798, -3301547793675.246, 835080423745.5918]], "12": [[46407414477631.66, -10954807266351.012, 84805262649689.95, -8098455957982.434, 30470173420166.11, -5361025413897.568], [-10954807266351.012, 3919052079649.787, -19271076129355.367, 2811317110529.586, -6660308331306.683, 1802529024567.6072], [84805262649689.95, -19271076129355.367, 155814841225577.94, -14312727512010.64, 56284162679929.83, -9520795010680.367], [-8098455957982.434, 2811317110529.586, -14312727512010.64, 2022325107481.2634, -4970683060739.258, 1300554110653.3674], [30470173420166.11, -6660308331306.683, 56284162679929.83, -4970683060739.258, 20438421742961.76, -3323143712582.008], [-5361025413897.568, 1802529024567.6072, -9520795010680.367, 1300554110653.3674, -3323143712582.008, 839089773664.0386]], "13": [[46803826713117.6, -11136721403470.22, 85453166590447.06, -8223413881962.566, 30677254440742.984, -5437530877219.242], [-11136721403470.22, 3983210111021.1333, -19568403511157.062, 2855386448850.4375, -6755340243246.653, 1829509731544.9375], [85453166590447.06, -19568403511157.062, 156873788146589.44, -14516963493878.855, 56622619965378.164, -9645838448807.549], [-8223413881962.566, 2855386448850.4375, -14516963493878.855, 2052595777143.0159, -5035961057491.665, 1319086816081.7358], [30677254440742.984, -6755340243246.653, 56622619965378.164, -5035961057491.665, 20546598396330.766, -3363110152783.3374], [-5437530877219.242, 1829509731544.9375, -9645838448807.549, 1319086816081.7358, -3363110152783.3374, 850436109018.5977]], "14": [[47161520926350.5, -11426815175953.629, 86037786999247.84, -8422685536352.921, 30864108326942.227, -5559537651778.185], [-11426815175953.629, 4139538720990.496, -20042542309753.47, 2962769629155.7563, -6906884223102.772, 1895255129036.4507], [86037786999247.84, -20042542309753.47, 157829299892671.72, -14842659637042.025, 56928016561708.625, -9845250332322.904], [-8422685536352.921, 2962769629155.7563, -14842659637042.025, 2126358010421.369, -5140059878193.871, 1364247774495.2803], [30864108326942.227, -6906884223102.772, 56928016561708.625, -5140059878193.871, 20644207956229.254, -3426846068464.048], [-5559537651778.185, 1895255129036.4507, -9845250332322.904, 1364247774495.2803, -3426846068464.048, 878085924803.4614]], "15": [[47321937837584.266, -11802778339795.67, 86299976910005.52, -8680945975834.413, 30947909076792.746, -5717663102080.458], [-11802778339795.67, 4468932641887.264, -20657031212532.395, 3189035852096.1226, -7103287575741.029, 2033788745941.774], [86299976910005.52, -20657031212532.395, 158257830455749.1, -15264770602591.98, 57064982863780.95, -10103696754253.938], [-8680945975834.413, 3189035852096.1226, -15264770602591.98, 2281784083475.2354, -5274975266333.413, 1459408845240.7837], [30947909076792.746, -7103287575741.029, 57064982863780.95, -5274975266333.413, 20687984922257.746, -3509450886098.6646], [-5717663102080.458, 2033788745941.774, -10103696754253.938, 1459408845240.7837, -3509450886098.6646, 936349182711.4531]], "16": [[47039393368209.97, -12068010906524.734, 85838191107953.05, -8863143622320.52, 30800317882307.445, -5829218342646.989], [-12068010906524.734, 4993659052060.171, -21090552683387.492, 3549480269627.886, -7241854786984.766, 2254474847360.0977], [85838191107953.05, -21090552683387.492, 157503095715684.78, -15562571858958.557, 56823762364710.78, -10286033306882.086], [-8863143622320.52, 3549480269627.886, -15562571858958.557, 2529380117496.854, -5370161992544.059, 1611002269377.2734], [30800317882307.445, -7241854786984.766, 56823762364710.78, -5370161992544.059, 20610888525346.992, -3567731431000.485], [-5829218342646.989, 2254474847360.0977, -10286033306882.086, 1611002269377.2734, -3567731431000.485, 1029163941751.8457]], "17": [[46186492636815.28, -11667111088842.867, 84444200935583.86, -8587752319454.521, 30354777531802.8, -5660603468691.803], [-11667111088842.867, 5129956383677.479, -20435351800041.51, 3643092501462.1807, -7032453572891.574, 2311782039243.2534], [84444200935583.86, -20435351800041.51, 155224743117219.72, -15112492767941.836, 56095566403349.17, -10010461679616.545], [-8587752319454.521, 3643092501462.1807, -15112492767941.836, 2593675212024.3765, -5226317393398.696, 1650362203360.8347], [30354777531802.8, -7032453572891.574, 56095566403349.17, -5226317393398.696, 20378146079043.12, -3479659153952.124], [-5660603468691.803, 2311782039243.2534, -10010461679616.545, 1650362203360.8347, -3479659153952.124, 1053259160707.2572]], "18": [[45653662556977.67, -10798838245343.414, 83577815198308.69, -7991394558255.2705, 30079350066132.48, -5295524047003.058], [-10798838245343.414, 3888903130706.023, -19016303582960.254, 2790612320526.5513, -6578927227036.323, 1789855444474.1624], [83577815198308.69, -19016303582960.254, 153816294055931.88, -14137848264256.488, 55647914890600.266, -9413804196714.285], [-7991394558255.2705, 2790612320526.5513, -14137848264256.488, 2008106141087.8367, -4914823183436.941, 1291850589151.8684], [30079350066132.48, -6578927227036.323, 55647914890600.266, -4914823183436.941, 20235900967557.25, -3288969491689.161], [-5295524047003.058, 1789855444474.1624, -9413804196714.285, 1291850589151.8684, -3288969491689.161, 833762310815.1573]], "19": [[45895578797545.31, -10820245420288.559, 83987197275745.97, -8006612935330.151, 30214824932028.086, -5305166966120.334], [-10820245420288.559, 3890620881690.8315, -19052530219199.758, 2791833353753.911, -6590915669570.036, 1790629061310.2634], [83987197275745.97, -19052530219199.758, 154509069723697.12, -14163601807991.857, 55877171850621.836, -9430122582084.53], [-8006612935330.151, 2791833353753.911, -14163601807991.857, 2008974091103.8616, -4923345776599.929, 1292400501032.8267], [30214824932028.086, -6590915669570.036, 55877171850621.836, -4923345776599.929, 20311767883925.02, -3294369717866.548], [-5305166966120.334, 1790629061310.2634, -9430122582084.53, 1292400501032.8267, -3294369717866.548, 834110721485.4039]], "20": [[46306859769763.305, -10888772911751.742, 84683168403847.67, -8055342114117.446, 30445133414612.24, -5336051754687.663], [-10888772911751.742, 3900531895701.1523, -19168493907520.793, 2798880591928.5586, -6629290397554.547, 1795095394093.353], [84683168403847.67, -19168493907520.793, 155686794547996.38, -14246062368001.984, 56266900685634.49, -9482386482974.242], [-8055342114117.446, 2798880591928.5586, -14246062368001.984, 2013985037990.4429, -4950633642461.023, 1295576292074.18], [30445133414612.24, -6629290397554.547, 56266900685634.49, -4950633642461.023, 20440735671288.016, -3311664899005.4097], [-5336051754687.663, 1795095394093.353, -9482386482974.242, 1295576292074.18, -3311664899005.4097, 836123444578.3722]], "21": [[46879231924561.15, -11047156976538.783, 85651725706298.81, -8167977406417.604, 30765640951438.984, -5407446917931.751], [-11047156976538.783, 3937120041854.4805, -19436511070873.08, 2824899485703.5845, -6717981454959.843, 1811587212391.1345], [85651725706298.81, -19436511070873.08, 157325768840702.94, -14436663560280.744, 56809257458782.16, -9603201220364.604], [-8167977406417.604, 2824899485703.5845, -14436663560280.744, 2032487829190.0195, -5013706548325.997, 1307304103064.9124], [30765640951438.984, -6717981454959.843, 56809257458782.16, -5013706548325.997, 20620208205124.305, -3351644379092.7407], [-5407446917931.751, 1811587212391.1345, -9603201220364.604, 1307304103064.9124, -3351644379092.7407, 843557001397.5151]], "22": [[47571570548397.55, -11355133422747.75, 86823279154540.08, -8387004524711.42, 31153319488037.117, -5546285309319.867], [-11355133422747.75, 4045320106047.4277, -19957664019903.72, 2901847572836.5073, -6890437729719.836, 1860362454495.3555], [86823279154540.08, -19957664019903.72, 159308234406301.75, -14807297841300.213, 57465274775062.016, -9838141385827.94], [-8387004524711.42, 2901847572836.5073, -14807297841300.213, 2087210607243.9612, -5136354242395.654, 1341991342745.7253], [31153319488037.117, -6890437729719.836, 57465274775062.016, -5136354242395.654, 20837290774698.258, -3429389129209.1377], [-5546285309319.867, 1860362454495.3555, -9838141385827.94, 1341991342745.7253, -3429389129209.1377, 865544273176.8378]], "23": [[48269222295258.914, -11878857721791.287, 88003819573647.27, -8759475222988.814, 31543970668060.56, -5782394450304.537], [-11878857721791.287, 4323940997958.2637, -20843899096883.5, 3099998183757.269, -7183703416003.62, 1985967895067.223], [88003819573647.27, -20843899096883.5, 161305901131860.06, -15437584804679.42, 58126320217277.14, -10237680233433.482], [-8759475222988.814, 3099998183757.269, -15437584804679.42, 2228132073316.2236, -5344923665730.458, 1431319872851.826], [31543970668060.56, -7183703416003.62, 58126320217277.14, -5344923665730.458, 21056036509886.742, -3561601267361.833], [-5782394450304.537, 1985967895067.223, -10237680233433.482, 1431319872851.826, -3561601267361.833, 922168622219.019]], "24": [[48703330168385.08, -12621027562135.945, 88738405074543.19, -9287309584017.06, 31787052861035.28, -6116992430295.795], [-12621027562135.945, 4953413737595.994, -22099786127449.562, 3547675089062.5312, -7599292329560.318, 2269749181466.4146], [88738405074543.19, -22099786127449.562, 162548946677665.6, -16330777026090.09, 58537657273143.49, -10803881176608.723], [-9287309584017.06, 3547675089062.5312, -16330777026090.09, 2546516967263.1396, -5640492276514.709, 1633143271964.6035], [31787052861035.28, -7599292329560.318, 58537657273143.49, -5640492276514.709, 21192152337732.184, -3748964325617.7783], [-6116992430295.795, 2269749181466.4146, -10803881176608.723, 1633143271964.6035, -3748964325617.7783, 1050103977146.984]], "25": [[48352173799594.414, -13244658767614.799, 88144209961594.83, -9730841424686.97, 31590434664547.88, -6398152127464.3], [-13244658767614.799, 6047764042936.561, -23155109625553.664, 4325972876958.7964, -7948520670827.062, 2763112126324.8257], [88144209961594.83, -23155109625553.664, 161543503340093.94, -17081332112545.814, 58204957708733.03, -11279666275543.121], [-9730841424686.97, 4325972876958.7964, -17081332112545.814, 3100039402991.862, -5888866455798.168, 1984021127641.3604], [31590434664547.88, -7948520670827.062, 58204957708733.03, -5888866455798.168, 21082062593466.918, -3906411441128.7666], [-6398152127464.3, 2763112126324.8257, -11279666275543.121, 1984021127641.3604, -3906411441128.7666, 1272525439474.1726]], "26": [[46764308578309.32, -12525459303662.135, 85457294783765.33, -9219340509356.117, 30701314659863.086, -6073906017037.439], [-12525459303662.135, 6403952433350.904, -21938175475894.445, 4579271030380.514, -7545849156984.858, 2923664074246.2236], [85457294783765.33, -21938175475894.445, 156996824524575.84, -16215837956346.238, 56700428232744.055, -10731019917109.77], [-9219340509356.117, 4579271030380.514, -16215837956346.238, 3280168671455.959, -5602482970567.677, 2098195291139.4307], [30701314659863.086, -7545849156984.858, 56700428232744.055, -5602482970567.677, 20584202719691.11, -3724869768545.35], [-6073906017037.439, 2923664074246.2236, -10731019917109.77, 2098195291139.4307, -3724869768545.35, 1344894242475.1501]], "27": [[45686107929077.25, -10799972443226.08, 83639120200254.27, -7992291747651.508, 30101827696722.074, -5296151949616.602], [-10799972443226.08, 3888942751290.3315, -19018441658433.34, 2790643592401.8047, -6579709633293.858, 1789877289525.8965], [83639120200254.27, -19018441658433.34, 153931237558465.78, -14139527122997.24, 55689785991818.664, -9414971854432.678], [-7992291747651.508, 2790643592401.8047, -14139527122997.24, 2008130649932.7983, -4915433724325.263, 1291867607747.0234], [30101827696722.074, -6579709633293.858, 55689785991818.664, -4915433724325.263, 20251069182125.35, -3289391867432.38], [-5296151949616.602, 1789877289525.8965, -9414971854432.678, 1291867607747.0234, -3289391867432.38, 833774067761.2263]], "28": [[46037742272316.14, -10831259544927.16, 84254478154013.88, -8015293639429.517, 30312414162348.32, -5311224716840.496], [-10831259544927.16, 3891473660384.1616, -19073194462865.703, 2792504123427.308, -6598447213596.23, 1791096359015.0723], [84254478154013.88, -19073194462865.703, 155008110219195.1, -14179780710738.062, 56058311020054.42, -9441349378911.514], [-8015293639429.517, 2792504123427.308, -14179780710738.062, 2009498370099.3706, -4929209362804.24, 1292763774358.7893], [30312414162348.32, -6598447213596.23, 56058311020054.42, -4929209362804.24, 20377185018498.793, -3298418820428.9233], [-5311224716840.496, 1791096359015.0723, -9441349378911.514, 1292763774358.7893, -3298418820428.9233, 834361259899.1809]], "29": [[46658159065523.43, -10934572398544.494, 85340177184104.28, -8091266687181.18, 30683950640040.438, -5361020896471.263], [-10934572398544.494, 3906499421237.886, -19253988637661.58, 2803553066790.2, -6660317284495.962, 1798337988435.7605], [85340177184104.28, -19253988637661.58, 156908030395415.6, -14312731104013.338, 56708481675172.5, -9528491094066.734], [-8091266687181.18, 2803553066790.2, -14312731104013.338, 2017623026706.6467, -4974706682027.167, 1298088785928.606], [30683950640040.438, -6660317284495.962, 56708481675172.5, -4974706682027.167, 20599679566301.133, -3328239826196.818], [-5361020896471.263, 1798337988435.7605, -9528491094066.734, 1298088785928.606, -3328239826196.818, 837851345581.4714]], "30": [[47564832223544.39, -11182955567500.615, 86926790828603.47, -8273935034903.153, 31226897987314.797, -5480759925662.546], [-11182955567500.615, 3964003959179.2344, -19688645364008.727, 2845842365906.7236, -6809060357780.022, 1826057792011.0278], [86926790828603.47, -19688645364008.727, 159684491607912.2, -14632390549834.99, 57658600977757.99, -9738027733806.342], [-8273935034903.153, 2845842365906.7236, -14632390549834.99, 2048722916799.0103, -5084096749086.216, 1318474151914.1165], [31226897987314.797, -6809060357780.022, 57658600977757.99, -5084096749086.216, 20924815276691.31, -3399944971795.842], [-5480759925662.546, 1826057792011.0278, -9738027733806.342, 1318474151914.1165, -3399944971795.842, 851213551776.0558]], "31": [[48738833107223.805, -11691248587394.047, 88981194373268.62, -8647762658613.522, 31929920435059.72, -5725812874297.22], [-11691248587394.047, 4142058482317.33, -20578122989024.504, 2976791212315.4775, -7113444494171.812, 1911896197134.0303], [88981194373268.62, -20578122989024.504, 163279526314894.7, -15286563033258.855, 58888831574424.01, -10166853443627.586], [-8647762658613.522, 2976791212315.4775, -15286563033258.855, 2145028250909.752, -5307958171739.712, 1381603354612.1196], [31929920435059.72, -7113444494171.812, 58888831574424.01, -5307958171739.712, 21345803512911.664, -3546691488913.5166], [-5725812874297.22, 1911896197134.0303, -10166853443627.586, 1381603354612.1196, -3546691488913.5166, 892595436403.0883]], "32": [[50056580461407.53, -12617527446914.111, 91287135184706.7, -9329013926994.771, 32719017200603.945, -6172397938955.742], [-12617527446914.111, 4629075466151.181, -22199040945358.39, 3334972928708.116, -7668129491012.566, 2146693994327.5127], [91287135184706.7, -22199040945358.39, 167314717892226.47, -16478701235164.318, 60269680816308.11, -10948343535259.96], [-9329013926994.771, 3334972928708.116, -16478701235164.318, 2408456726939.6606, -5715912918855.353, 1554287841307.0583], [32719017200603.945, -7668129491012.566, 60269680816308.11, -5715912918855.353, 21818332410694.89, -3814120711715.6533], [-6172397938955.742, 2146693994327.5127, -10948343535259.96, 1554287841307.0583, -3814120711715.6533, 1005794785121.4746]], "33": [[51117567539560.73, -14070800080688.7, 93143775100254.47, -10397865071515.21, 33354364774448.336, -6873076222249.509], [-14070800080688.7, 5823616761882.398, -24742161232131.945, 4213522362441.816, -8538397088262.076, 2722614493935.931], [93143775100254.47, -24742161232131.945, 170563684676798.9, -18349112172687.793, 61381486690273.4, -12174479028115.44], [-10397865071515.21, 4213522362441.816, -18349112172687.793, 3054603586831.671, -6355976246209.521, 1977860161716.8374], [33354364774448.336, -8538397088262.076, 61381486690273.4, -6355976246209.521, 22198795611233.805, -4233709983607.8726], [-6873076222249.509, 2722614493935.931, -12174479028115.44, 1977860161716.8374, -4233709983607.8726, 1283461553610.4907]], "34": [[50895432401424.68, -15561121057824.766, 92755094996485.69, -11493970054611.676, 33221370340825.11, -7591624229870.623], [-15561121057824.766, 8156532893119.199, -27350155647277.547, 5929320558717.846, -9430879370934.646, 3847386728318.96], [92755094996485.69, -27350155647277.547, 169883593167680.16, -20267246398404.465, 61148780196817.99, -13431905595020.184], [-11493970054611.676, 5929320558717.846, -20267246398404.465, 4316527841448.398, -7012381337351.946, 2805100431813.5044], [33221370340825.11, -9430879370934.646, 61148780196817.99, -7012381337351.946, 22119170574388.68, -4664014176590.119], [-7591624229870.623, 3847386728318.96, -13431905595020.184, 2805100431813.5044, -4664014176590.119, 1825749620334.5413]], "35": [[47970484067454.0, -14357759158910.307, 87636729932878.05, -10608915463615.438, 31469869206723.71, -7011427653799.494], [-14357759158910.307, 9184894605394.473, -25244515078931.406, 6685617858188.662, -8710372166994.528, 4343145602470.5957], [87636729932878.05, -25244515078931.406, 160926969697886.22, -18718579402860.562, 58083829582097.44, -12416678625272.27], [-10608915463615.438, 6685617858188.662, -18718579402860.562, 4872738363128.301, -6482459114971.303, 3169700836789.0625], [31469869206723.71, -8710372166994.528, 58083829582097.44, -6482459114971.303, 21070346506682.74, -4316624237443.292], [-7011427653799.494, 4343145602470.5957, -12416678625272.27, 3169700836789.0625, -4316624237443.292, 2064748074980.6704]], "36": [[45728325269604.695, -10801466807722.148, 83721838666496.97, -7993517297773.391, 30133260252311.816, -5297040745615.753], [-10801466807722.148, 3888995601916.1323, -19021361853159.34, 2790686826651.2915, -6580816832471.154, 1789908577797.358], [83721838666496.97, -19021361853159.34, 154091973718624.34, -14141903228338.652, 55750442285319.58, -9416683687351.406], [-7993517297773.391, 2790686826651.2915, -14141903228338.652, 2008165753493.464, -4916328681621.677, 1291892851698.2441], [30133260252311.816, -6580816832471.154, 55750442285319.58, -4916328681621.677, 20273824234767.707, -3290032998465.182], [-5297040745615.753, 1789908577797.358, -9416683687351.406, 1291892851698.2441, -3290032998465.182, 833792123457.5278]], "37": [[46227038691995.38, -10846108059326.441, 84623383176694.1, -8027421177281.629, 30451965631228.223, -5319991325095.791], [-10846108059326.441, 3892637485394.353, -19102062434773.69, 2793452524020.5957, -6609345604001.329, 1791780614932.7334], [84623383176694.1, -19102062434773.69, 155721732346571.6, -14203193239672.791, 56326578942625.62, -9458172782638.506], [-8027421177281.629, 2793452524020.5957, -14203193239672.791, 2010266062699.3857, -4937995548318.237, 1293314502741.4148], [30451965631228.223, -6609345604001.329, 56326578942625.62, -4937995548318.237, 20477494546341.27, -3304699967591.9395], [-5319991325095.791, 1791780614932.7334, -9458172782638.506, 1293314502741.4148, -3304699967591.9395, 834754406315.328]], "38": [[47139587396429.23, -10998114769853.84, 86272996106684.28, -8142892779485.885, 31035107408006.613, -5398175509349.796], [-10998114769853.84, 3914880365269.213, -19376847148849.156, 2810348555585.4995, -6706483453220.159, 1803220184564.9612], [86272996106684.28, -19376847148849.156, 158703735174306.84, -14411932914205.77, 57380723460171.94, -9599507456341.172], [-8142892779485.885, 2810348555585.4995, -14411932914205.77, 2023100546357.8423, -5011786127078.967, 1302004174436.886], [31035107408006.613, -6706483453220.159, 57380723460171.94, -5011786127078.967, 20850136937164.664, -3354662522258.886], [-5398175509349.796, 1803220184564.9612, -9599507456341.172, 1302004174436.886, -3354662522258.886, 840637805681.2195]], "39": [[48539855643306.73, -11378475729241.98, 88804228529225.33, -8431855457953.092, 31929892858225.516, -5593843087809.649], [-11378475729241.98, 4003186839737.4893, -20064422208786.418, 2877433825733.4897, -6949541722599.758, 1848644991768.9028], [88804228529225.33, -20064422208786.418, 163279385295997.75, -14934288130477.025, 58998206357434.766, -9953213965870.578], [-8431855457953.092, 2877433825733.4897, -14934288130477.025, 2074064345754.793, -5196439065233.01, 1336512804219.4426], [31929892858225.516, -6949541722599.758, 58998206357434.766, -5196439065233.01, 21421913810888.836, -3479698023526.607], [-5593843087809.649, 1848644991768.9028, -9953213965870.578, 1336512804219.4426, -3479698023526.607, 864004303825.2593]], "40": [[50483270102890.91, -12199861787074.04, 92317269839978.98, -9055889238757.13, 33171737274139.613, -6016414557119.845], [-12199861787074.04, 4290267564211.638, -21549223043625.31, 3095534751394.0894, -7474415872316.407, 1996331996077.7385], [92317269839978.98, -21549223043625.31, 169629785328622.44, -16062339757836.498, 61243044410704.81, -10717086769816.582], [-9055889238757.13, 3095534751394.0894, -16062339757836.498, 2239759948563.119, -5595203078013.754, 1448713552986.7974], [33171737274139.613, -7474415872316.407, 61243044410704.81, -5595203078013.754, 22215454037974.527, -3749725544731.7656], [-6016414557119.845, 1996331996077.7385, -10717086769816.582, 1448713552986.7974, -3749725544731.7656, 939981021312.2596]], "41": [[52921128431351.57, -13816656970197.125, 96724086133096.38, -10284243127483.52, 34729522332665.992, -6848222959074.404], [-13816656970197.125, 5130784617539.117, -24471855243610.74, 3734106836475.88, -8507556470494.533, 2428750857182.816], [96724086133096.38, -24471855243610.74, 177595805999781.38, -18282798271434.99, 64058988427850.6, -12220721890964.203], [-10284243127483.52, 3734106836475.88, -18282798271434.99, 2724906925618.96, -6380127653053.334, 1777238253728.157], [34729522332665.992, -8507556470494.533, 64058988427850.6, -6380127653053.334, 23210874591553.508, -4281255474952.4727], [-6848222959074.404, 2428750857182.816, -12220721890964.203, 1777238253728.157, -4281255474952.4727, 1162446550384.1736]], "42": [[55414981041137.38, -16686796556320.252, 101232129789161.22, -12464841771027.195, 36323093812077.984, -8324880392999.148], [-16686796556320.252, 7415297226120.192, -29660120832158.797, 5469757917057.332, -10341590904708.33, 3604088338551.6445], [101232129789161.22, -29660120832158.797, 185744827126389.03, -22224601297459.113, 66939627712311.12, -14890031421708.535], [-12464841771027.195, 5469757917057.332, -22224601297459.113, 4043562231542.128, -7773541764155.679, 2670197111070.6724], [36323093812077.984, -10341590904708.33, 66939627712311.12, -7773541764155.679, 24229166550521.973, -5224847415695.954], [-8324880392999.148, 3604088338551.6445, -14890031421708.535, 2670197111070.6724, -5224847415695.954, 1767134915206.2725]], "43": [[56235429070309.48, -20499851026791.305, 102715288601750.34, -15361836581222.86, 36847406465302.734, -10286675851258.227], [-20499851026791.305, 12721875716265.992, -36552932704574.16, 9501436053192.5, -12778200474795.336, 6334250316579.356], [102715288601750.34, -36552932704574.16, 188425996417142.8, -27461463339328.188, 67887450002685.086, -18436345047143.617], [-15361836581222.86, 9501436053192.5, -27461463339328.188, 7106633591385.96, -9624772931249.79, 4744440311917.043], [36847406465302.734, -12778200474795.336, 67887450002685.086, -9624772931249.79, 24564231962486.125, -6478469576931.619], [-10286675851258.227, 6334250316579.356, -18436345047143.617, 4744440311917.043, -6478469576931.619, 3171765872315.2383]], "44": [[51006747134927.63, -19064907714225.715, 93263721202904.61, -14271617059566.152, 33506367409463.414, -9548390138661.889], [-19064907714225.715, 16477067905489.387, -33959341495784.707, 12354389534593.184, -11861485323343.855, 8266167522349.017], [93263721202904.61, -33959341495784.707, 171340978183372.62, -25490943840466.883, 61848058786155.016, -17101929024749.91], [-14271617059566.152, 12354389534593.184, -25490943840466.883, 9274124136677.814, -8928284956891.547, 6212186738385.094], [33506367409463.414, -11861485323343.855, 61848058786155.016, -8928284956891.547, 22429364692791.086, -6006814911112.439], [-9548390138661.889, 8266167522349.017, -17101929024749.91, 6212186738385.094, -6006814911112.439, 4165670817731.115]], "45": [[45782089080670.17, -10803394966096.932, 83830973965268.62, -7995155122353.599, 30176198510770.188, -5298270338133.686], [-10803394966096.932, 3889064680138.5996, -19025263920038.39, 2790745335060.4043, -6582348195294.951, 1789952397967.0076], [83830973965268.62, -19025263920038.39, 154311546408613.12, -14145190013758.182, 55836193822095.55, -9419133959038.78], [-7995155122353.599, 2790745335060.4043, -14145190013758.182, 2008214917074.9575, -4917609541870.086, 1291929427873.4514], [30176198510770.188, -6582348195294.951, 55836193822095.55, -4917609541870.086, 20307104577749.395, -3290982192085.7554], [-5298270338133.686, 1789952397967.0076, -9419133959038.78, 1291929427873.4514, -3290982192085.7554, 833819180600.6759]], "46": [[46473698644933.96, -10865708188047.111, 85121162855915.33, -8043993758641.115, 30646863300030.35, -5332387907730.552], [-10865708188047.111, 3894193491213.059, -19141509491298.71, 2794764803882.45, -6624755310388.391, 1792760105290.8252], [85121162855915.33, -19141509491298.71, 156718377456079.84, -14236298690793.889, 56714213029124.94, -9482780426001.096], [-8043993758641.115, 2794764803882.45, -14236298690793.889, 2011364989948.1382, -4950846560172.334, 1294129838558.1458], [30646863300030.35, -6624755310388.391, 56714213029124.94, -4950846560172.334, 20627408625681.887, -3314200823621.539], [-5332387907730.552, 1792760105290.8252, -9482780426001.096, 1294129838558.1458, -3314200823621.539, 835356226594.1362]], "47": [[47785580749964.84, -11084477642099.629, 87568407934831.89, -8215493103169.115, 31539605828873.75, -5452219004507.982], [-11084477642099.629, 3926416549168.6733, -19549615348169.22, 2820024360771.8486, -6773631442377.814, 1810408937920.0146], [87568407934831.89, -19549615348169.22, 161283580723967.88, -14556224008608.764, 58379575907128.99, -9706320649529.84], [-8215493103169.115, 2820024360771.8486, -14556224008608.764, 2031165879328.1199, -5067554622926.001, 1307964704293.1863], [31539605828873.75, -6773631442377.814, 58379575907128.99, -5067554622926.001, 21234924512961.086, -3395747813009.975], [-5452219004507.982, 1810408937920.0146, -9706320649529.84, 1307964704293.1863, -3395747813009.975, 845022636207.1593]], "48": [[49900357277194.44, -11654796466786.93, 91513363831531.73, -8662613556319.059, 32978689111442.08, -5764656151458.214], [-11654796466786.93, 4059266530267.2017, -20613509473303.633, 2924174176971.443, -7161732851473.173, 1883184708562.4646], [91513363831531.73, -20613509473303.633, 168642598010642.16, -15390299271810.28, 61064077084557.195, -10289152622438.875], [-8662613556319.059, 2924174176971.443, -15390299271810.28, 2112815752997.769, -5371819659847.064, 1365018405141.577], [32978689111442.08, -7161732851473.173, 61064077084557.195, -5371819659847.064, 22214205616442.55, -3608360990450.117], [-5764656151458.214, 1883184708562.4646, -10289152622438.875, 1365018405141.577, -3608360990450.117, 884889504604.8746]], "49": [[53055464613392.97, -12959452054776.963, 97398939612171.23, -9685474532217.234, 35125678402955.79, -6479429975113.692], [-12959452054776.963, 4514434683347.298, -23047244652535.355, 3281024754926.019, -8049536378060.092, 2132547837486.3909], [97398939612171.23, -23047244652535.355, 179621622991547.56, -17298368163386.332, 65069097143478.234, -11622508503834.969], [-9685474532217.234, 3281024754926.019, -17298368163386.332, 2392585622570.2065, -6067865107254.676, 1560518410674.0623], [35125678402955.79, -8049536378060.092, 65069097143478.234, -6067865107254.676, 23675190147993.508, -4094756578968.459], [-6479429975113.692, 2132547837486.3909, -11622508503834.969, 1560518410674.0623, -4094756578968.459, 1021502686617.0846]], "50": [[57517236826902.555, -15765589932121.139, 105721957225383.34, -11885546689185.27, 38161808226540.19, -8016862778548.6875], [-15765589932121.139, 5956742593876.256, -28281857968813.055, 4411814339478.008, -9959065606417.215, 2922747632671.7847], [105721957225383.34, -28281857968813.055, 195147431765589.56, -21402417043186.93, 70732712581802.81, -14490459609920.79], [-11885546689185.27, 4411814339478.008, -21402417043186.93, 3279140479942.7295, -7564976893502.365, 2180046107023.9363], [38161808226540.19, -9959065606417.215, 70732712581802.81, -7564976893502.365, 25741204247203.188, -5140953524951.947], [-8016862778548.6875, 2922747632671.7847, -14490459609920.79, 2180046107023.9363, -5140953524951.947, 1454430850244.145]], "51": [[63400757817292.125, -21612236095754.305, 116697119364283.62, -16469484104794.994, 42165408290555.08, -11220194006463.434], [-21612236095754.305, 10451746163833.83, -39188270880153.484, 7936002587781.174, -13937600444190.898, 5385492688039.318], [116697119364283.62, -39188270880153.484, 215620577721160.75, -29953355960807.633, 78201056777242.6, -20465997053255.86], [-16469484104794.994, 7936002587781.174, -29953355960807.633, 6042186740948.729, -10684261726981.502, 4110896003893.4717], [42165408290555.08, -13937600444190.898, 78201056777242.6, -10684261726981.502, 28465561565795.58, -7320761321483.363], [-11220194006463.434, 5385492688039.318, -20465997053255.86, 4110896003893.4717, -7320761321483.363, 2803731937296.411]], "52": [[69866289155829.97, -33273968588682.094, 128758077022714.33, -25612656425416.64, 46565132650619.77, -17609622802333.574], [-33273968588682.094, 24688782187054.016, -60942313578344.83, 19098245162659.84, -21873259176343.082, 13185852358297.543], [128758077022714.33, -60942313578344.83, 238119378209580.25, -47009223189579.14, 86408408414134.55, -32384972807729.39], [-25612656425416.64, 19098245162659.84, -47009223189579.14, 14793703495516.715, -16906072706405.152, 10226600611071.885], [46565132650619.77, -21873259176343.082, 86408408414134.55, -16906072706405.152, 31459526551874.223, -11668685306637.945], [-17609622802333.574, 13185852358297.543, -32384972807729.39, 10226600611071.885, -11668685306637.945, 7077487434637.911]], "53": [[1.113202508261511e+16, -1.2059143083734206e+16, 2.076391678730978e+16, -9454370601338368.0, 7573910522482208.0, -6606674753193215.0], [-1.2059143083734206e+16, 1.3097590270137478e+16, -2.2493789650379452e+16, 1.0268771009040404e+16, -8204984106396510.0, 7175927907294554.0], [2.076391678730978e+16, -2.2493789650379452e+16, 3.873058571761302e+16, -1.7635250499460044e+16, 1.4127787644254972e+16, -1.2323512603354318e+16], [-9454370601338368.0, 1.0268771009040404e+16, -1.7635250499460044e+16, 8050943280798744.0, -6432789255549716.0, 5626100186344898.0], [7573910522482208.0, -8204984106396510.0, 1.4127787644254972e+16, -6432789255549716.0, 5153509361085470.0, -4495257341180519.0], [-6606674753193215.0, 7175927907294554.0, -1.2323512603354318e+16, 5626100186344898.0, -4495257341180519.0, 3931598282816489.5]], "54": [[45849206717343.06, -10805835315296.773, 83972002528176.83, -7997300145325.391, 30233597175373.105, -5299935825588.925], [-10805835315296.773, 3889153296517.9497, -19030373792204.21, 2790822973582.32, -6584421962012.655, 1790