[{"model_name": "PR_quadTdep_scaleopt", "0": [[100491738168.48357, -4754412410.255459, 164348982995.72256, -3263579707.8011823, 52561746346.860344, -1996742817.6418917], [-4754412410.255459, 224938266.3567101, -7775592885.63272, 154404771.45109344, -2486773775.5439343, 94468848.93530864], [164348982995.72256, -7775592885.63272, 268784167773.49988, -5337413957.387573, 85961987662.13449, -3265568467.263088], [-3263579707.8011823, 154404771.45109344, -5337413957.387573, 105988339.96994217, -1707000514.7747054, 64846418.8212993], [52561746346.860344, -2486773775.5439343, 85961987662.13449, -1707000514.7747054, 27492182236.908928, -1044387244.3010812], [-1996742817.6418917, 94468848.93530864, -3265568467.263088, 64846418.8212993, -1044387244.3010812, 39674723.04160907]], "1": [[503208550566.46356, -64845369059.4052, 822924441985.4891, -44555027776.7344, 263170990626.04428, -27286367274.580193], [-64845369059.4052, 8356221061.261718, -106045175680.10997, 5741530457.664171, -33913215492.194057, 3516225140.091152], [822924441985.4891, -106045175680.10997, 1345773310995.6047, -72863271757.88794, 430377902688.4828, -44622887544.27519], [-44555027776.7344, 5741530457.664171, -72863271757.88794, 3944985628.6243215, -23301652533.874027, 2415986076.700265], [263170990626.04428, -33913215492.194057, 430377902688.4828, -23301652533.874027, 137634724666.59885, -14270386101.654459], [-27286367274.580193, 3516225140.091152, -44622887544.27519, 2415986076.700265, -14270386101.654459, 1479596954.7916927]], "2": [[1027889022747.9363, -235352343854.4306, 1680931742358.5957, -161736203484.41898, 537551444322.4162, -99066597777.17538], [-235352343854.4306, 53887846384.129845, -384877371650.2866, 37032202634.49551, -123081373148.04213, 22682950657.66054], [1680931742358.5957, -384877371650.2866, 2748868272680.8286, -264491119477.7857, 879070858735.9247, -162005999797.47177], [-161736203484.41898, 37032202634.49551, -264491119477.7857, 25448855799.258904, -84582603625.67744, 15587923464.503695], [537551444322.4162, -123081373148.04213, 879070858735.9247, -84582603625.67744, 281121355416.9614, -51808504167.951935], [-99066597777.17538, 22682950657.66054, -162005999797.47177, 15587923464.503695, -51808504167.951935, 9547908945.371948]], "3": [[1502414676402.6243, -536150152119.3043, 2456914858336.9355, -368468669300.2427, 785699543107.947, -225707501378.32523], [-536150152119.3043, 191329990403.07504, -876772102756.348, 131491349358.71803, -280383928734.0031, 80545746190.53276], [2456914858336.9355, -876772102756.348, 4017819258508.8486, -602560772770.832, 1284862902346.3691, -369101901415.3335], [-368468669300.2427, 131491349358.71803, -602560772770.832, 90367301643.36302, -192693581649.49847, 55354985537.73907], [785699543107.947, -280383928734.0031, 1284862902346.3691, -192693581649.49847, 410887740738.89795, -118035508767.52917], [-225707501378.32523, 80545746190.53276, -369101901415.3335, 55354985537.73907, -118035508767.52917, 33907999554.70783]], "4": [[1749613319276.2087, -906638006214.3098, 2861154980637.302, -623102097676.3712, 914969872376.5839, -381694412924.71136], [-906638006214.3098, 469813795571.873, -1482631515510.102, 322887370187.0093, -474131313301.1811, 197791510675.26254], [2861154980637.302, -1482631515510.102, 4678866886205.554, -1018963247804.8444, 1496256674912.784, -624187561096.5], [-623102097676.3712, 322887370187.0093, -1018963247804.8444, 221909732768.44415, -325854656287.3572, 135935516004.83218], [914969872376.5839, -474131313301.1811, 1496256674912.784, -325854656287.3572, 478488508365.4645, -199609184745.492], [-381694412924.71136, 197791510675.26254, -624187561096.5, 135935516004.83218, -199609184745.492, 83270185047.63686]], "5": [[1554509248741.5552, -1270500461716.514, 2542113730896.7266, -873184191278.1504, 812947961858.0536, -534894582704.0614], [-1270500461716.514, 1038380070448.9982, -2077669638475.8171, 713653469145.0337, -664422396797.121, 437169360584.5868], [2542113730896.7266, -2077669638475.8171, 4157159068719.1025, -1427932013944.0234, 1329426748677.6785, -874721629591.4985], [-873184191278.1504, 713653469145.0337, -1427932013944.0234, 490476742107.07684, -456641418634.78986, 300455911726.23566], [812947961858.0536, -664422396797.121, 1329426748677.6785, -456641418634.78986, 425140210149.3952, -279729092104.2795], [-534894582704.0614, 437169360584.5868, -874721629591.4985, 300455911726.23566, -279729092104.2795, 184053079669.85248]], "6": [[84602721017.89723, -2720982004.8435535, 145695960718.90317, -1965208224.264886, 49065563788.71278, -1265088352.3698678], [-2720982004.8435535, 87511878.83326143, -4685855047.270465, 63204778.1638621, -1578040452.1309476, 40687611.46118923], [145695960718.90317, -4685855047.270465, 250905794924.88968, -3384322593.9079695, 84496743939.22719, -2178632798.98327], [-1965208224.264886, 63204778.1638621, -3384322593.9079695, 45649162.559456594, -1139727520.884036, 29386312.929261986], [49065563788.71278, -1578040452.1309476, 84496743939.22719, -1139727520.884036, 28455698834.969685, -733691215.8939931], [-1265088352.3698678, 40687611.46118923, -2178632798.98327, 29386312.929261986, -733691215.8939931, 18917222.992902804]], "7": [[463701435808.6355, -38927296388.244514, 798497192799.3181, -28158227707.671124, 268889875757.04443, -18154636765.944054], [-38927296388.244514, 3267909665.7436194, -67033083119.6909, 2363856548.843103, -22573050417.9685, 1524064563.1739578], [798497192799.3181, -67033083119.6909, 1375017883644.253, -48488669739.764145, 463030291441.1612, -31262414507.338585], [-28158227707.671124, 2363856548.843103, -48488669739.764145, 1709905828.2068229, -16328313361.054405, 1102438673.95847], [268889875757.04443, -22573050417.9685, 463030291441.1612, -16328313361.054405, 155923099868.2457, -10527459368.108469], [-18154636765.944054, 1524064563.1739578, -31262414507.338585, 1102438673.95847, -10527459368.108469, 710782435.9624932]], "8": [[1060076478757.6017, -150721853824.11768, 1825417783292.1672, -109054140200.06554, 614686195879.5956, -70329795948.6245], [-150721853824.11768, 21429658779.71641, -259538210510.77066, 15505336178.586771, -87396187746.42397, 9999502334.84283], [1825417783292.1672, -259538210510.77066, 3143311025506.8896, -187787740650.6972, 1058469964749.9655, -121105658688.31465], [-109054140200.06554, 15505336178.586771, -187787740650.6972, 11218818390.0786, -63235130604.03111, 7235096317.40171], [614686195879.5956, -87396187746.42397, 1058469964749.9655, -63235130604.03111, 356426283363.7738, -40780788551.51485], [-70329795948.6245, 9999502334.84283, -121105658688.31465, 7235096317.40171, -40780788551.51485, 4665965425.411707]], "9": [[1769794402701.4802, -365694449194.92664, 3047493820707.813, -264621830348.26245, 1026192779835.0979, -170672777897.1128], [-365694449194.92664, 75563822536.58766, -629706802376.3358, 54679082692.569664, -212043276222.8065, 35266292745.8588], [3047493820707.813, -629706802376.3358, 5247625697694.572, -455665014862.6027, 1767050540237.2063, -293889637807.9574], [-264621830348.26245, 54679082692.569664, -455665014862.6027, 39566580722.58352, -153437603416.3214, 25519203139.53804], [1026192779835.0979, -212043276222.8065, 1767050540237.2063, -153437603416.3214, 595024834397.8475, -98962440001.5456], [-170672777897.1128, 35266292745.8588, -293889637807.9574, 25519203139.53804, -98962440001.5456, 16459085343.841808]], "10": [[2527936857669.4985, -709019268354.911, 4352945307021.175, -513080725499.49097, 1465771602575.1213, -330936489898.8447], [-709019268354.911, 198861107378.283, -1220885754092.1228, 143905540795.83624, -411110074241.05945, 92818911686.08377], [4352945307021.175, -1220885754092.1228, 7495492930699.988, -883492136842.7725, 2523964789403.9507, -569851432901.4042], [-513080725499.49097, 143905540795.83624, -883492136842.7725, 104137027821.87982, -297499185940.5528, 67168265621.98629], [1465771602575.1213, -411110074241.05945, 2523964789403.9507, -297499185940.5528, 849897173814.8262, -191886639762.3583], [-330936489898.8447, 92818911686.08377, -569851432901.4042, 67168265621.98629, -191886639762.3583, 43323455652.89694]], "11": [[3225284471551.5645, -1169491913714.996, 5553710570348.791, -846322875033.0422, 1870098857339.5803, -545891374086.16284], [-1169491913714.996, 424059132863.6537, -2013781934717.8074, 306877662256.88293, -678100028322.2079, 197940849370.54172], [5553710570348.791, -2013781934717.8074, 9563094781641.426, -1457307824614.2668, 3220177284581.5703, -939986138049.429], [-846322875033.0422, 306877662256.88293, -1457307824614.2668, 222077281902.4014, -490718711946.13074, 143243289467.14215], [1870098857339.5803, -678100028322.2079, 3220177284581.5703, -490718711946.13074, 1084329077658.1941, -316521176322.46045], [-545891374086.16284, 197940849370.54172, -939986138049.429, 143243289467.14215, -316521176322.46045, 92394142262.53459]], "12": [[3873053333694.335, -1832854050419.1323, 6669106656497.565, -1326399837177.6199, 2245680423962.6055, -855563668116.8655], [-1832854050419.1323, 867365791457.7385, -3156036877080.467, 627695284466.2642, -1062728577786.1316, 404880387485.8298], [6669106656497.565, -3156036877080.467, 11483700265318.965, -2283960798149.1016, 3866892855185.5728, -1473216313459.1042], [-1326399837177.6199, 627695284466.2642, -2283960798149.1016, 454250529616.8135, -769075427591.8391, 293003842785.41376], [2245680423962.6055, -1062728577786.1316, 3866892855185.5728, -769075427591.8391, 1302094273449.753, -496074392838.5359], [-855563668116.8655, 404880387485.8298, -1473216313459.1042, 293003842785.41376, -496074392838.5359, 188995380939.7646]], "13": [[60633701188.35705, -1113424021.27844, 113177654413.35843, -869828653.1608015, 41311731611.96906, -605662490.6611986], [-1113424021.27844, 20445940.5720379, -2078295017.8865316, 15972769.23301986, -758612346.5312511, 11121853.897630755], [113177654413.35843, -2078295017.8865316, 211255147013.34485, -1623604773.8608732, 77111652298.32047, -1130517496.3053324], [-869828653.1608015, 15972769.23301986, -1623604773.8608732, 12478240.170580542, -592642823.4382577, 8688610.099609226], [41311731611.96906, -758612346.5312511, 77111652298.32047, -592642823.4382577, 28147039275.69374, -412657742.6620414], [-605662490.6611986, 11121853.897630755, -1130517496.3053324, 8688610.099609226, -412657742.6620414, 6049887.198117555]], "14": [[377233964928.61273, -18085790468.043392, 704081148702.0371, -14172738558.447851, 256980842224.85538, -9899218409.678223], [-18085790468.043392, 867090048.2565731, -33755879140.771656, 679485952.3716372, -12320475086.753063, 474599867.9856901], [704081148702.0371, -33755879140.771656, 1314118849429.1375, -26452437935.629642, 479636998281.2473, -18476207651.284958], [-14172738558.447851, 679485952.3716372, -26452437935.629642, 532471985.3476773, -9654810091.323145, 371915170.68165743], [256980842224.85538, -12320475086.753063, 479636998281.2473, -9654810091.323145, 175061525234.3282, -6743585468.949779], [-9899218409.678223, 474599867.9856901, -18476207651.284958, 371915170.68165743, -6743585468.949779, 259771214.24115828]], "15": [[902535443084.7146, -69856501039.43675, 1684474882953.4976, -54769355663.56513, 614795836148.8002, -38273626895.91586], [-69856501039.43675, 5406913129.96423, -130378836990.33978, 4239163769.3080597, -47585373290.363815, 2962389651.8672266], [1684474882953.4976, -130378836990.33978, 3143871692842.613, -102220477519.97568, 1147443185829.371, -71433164957.32597], [-54769355663.56513, 4239163769.3080597, -102220477519.97568, 3323617197.292201, -37308198884.054245, 2322592314.859651], [614795836148.8002, -47585373290.363815, 1147443185829.371, -37308198884.054245, 418791220934.2727, -26071515119.116673], [-38273626895.91586, 2962389651.8672266, -71433164957.32597, 2322592314.859651, -26071515119.116673, 1623061484.1685247]], "16": [[1664243137792.2432, -182908767190.49896, 3106063562302.8496, -143433010898.2438, 1133626546240.8726, -100252442814.28029], [-182908767190.49896, 20102601810.652378, -341372149354.2167, 15764015847.241098, -124591310799.94026, 11018252265.30399], [3106063562302.8496, -341372149354.2167, 5797008041663.824, -267696491375.31152, 2115746208338.9175, -187106350380.0121], [-143433010898.2438, 15764015847.241098, -267696491375.31152, 12361792666.080963, -97701751065.77711, 8640269799.659105], [1133626546240.8726, -124591310799.94026, 2115746208338.9175, -97701751065.77711, 772188340248.6571, -68288597933.18888], [-100252442814.28029, 11018252265.30399, -187106350380.0121, 8640269799.659105, -68288597933.18888, 6039112952.908691]], "17": [[2575280586565.025, -367457258030.3177, 4806334441381.653, -288177988746.14905, 1754161298640.001, -201440161164.3382], [-367457258030.3177, 52431116509.62237, -685798077390.27, 41119050918.87273, -250294785082.39462, 28742751242.249542], [4806334441381.653, -685798077390.27, 8970226732933.98, -537836459368.55585, 3273851365702.175, -375954678310.61646], [-288177988746.14905, 41119050918.87273, -537836459368.55585, 32247574742.348846, -196293435991.24924, 22541474043.598686], [1754161298640.001, -250294785082.39462, 3273851365702.175, -196293435991.24924, 1194853049294.5881, -137211664060.88794], [-201440161164.3382, 28742751242.249542, -375954678310.61646, 22541474043.598686, -137211664060.88794, 15756783451.716501]], "18": [[3566543328647.9863, -623251537960.5709, 6656320011477.908, -488808733615.962, 2429332646219.1953, -341700679240.97144], [-623251537960.5709, 108912872710.69511, -1163188359717.4685, 85419064601.74565, -424524579811.53986, 59712010828.09743], [6656320011477.908, -1163188359717.4685, 12422839711300.271, -912274730890.9071, 4533918143564.326, -637723661142.085], [-488808733615.962, 85419064601.74565, -912274730890.9071, 66993151643.503555, -332949555047.31555, 46831416557.83837], [2429332646219.1953, -424524579811.53986, 4533918143564.326, -332949555047.31555, 1654727438352.3538, -232747660359.99448], [-341700679240.97144, 59712010828.09743, -637723661142.085, 46831416557.83837, -232747660359.99448, 32737399614.8822]], "19": [[4807590597499.676, -1019710752622.7714, 8972467575266.773, -799775310087.369, 3274631406812.0557, -559101012820.3816], [-1019710752622.7714, 216285059621.19186, -1903099167557.4575, 169635801310.21262, -694563480122.2716, 118587742240.72508], [8972467575266.773, -1903099167557.4575, 16745430534597.229, -1492630849430.0469, 6111486309556.409, -1043457342528.0155], [-799775310087.369, 169635801310.21262, -1492630849430.0469, 133048048425.34024, -544757149281.1844, 93010246365.64073], [3274631406812.0557, -694563480122.2716, 6111486309556.409, -544757149281.1844, 2230475044205.4727, -380824801744.6071], [-559101012820.3816, 118587742240.72508, -1043457342528.0155, 93010246365.64073, -380824801744.6071, 65020915611.93873]], "20": [[43213301951.30767, -493965360.38100076, 86879062168.35359, -414304341.17431325, 34156935130.53655, -309706418.6649364], [-493965360.38100076, 5646450.658440097, -993102709.4830809, 4735856.413522451, -390443266.52653253, 3540211.8283049874], [86879062168.35359, -993102709.4830809, 174667778263.2216, -832946592.5575427, 68671505223.7869, -622655570.9963498], [-414304341.17431325, 4735856.413522451, -832946592.5575427, 3972112.2748105, -327477093.08898264, 2969287.4172636475], [34156935130.53655, -390443266.52653253, 68671505223.7869, -327477093.08898264, 26998543615.720543, -244800132.6945327], [-309706418.6649364, 3540211.8283049874, -622655570.9963498, 2969287.4172636475, -244800132.6945327, 2219642.1340433653]], "21": [[279531779932.94086, -8278256885.409256, 561938351812.5, -6981696701.750073, 220908414976.97247, -5248231301.498923], [-8278256885.409256, 245158303.92260176, -16641649944.715878, 206761030.20188564, -6542142033.963643, 155424928.493914], [561938351812.5, -16641649944.715878, 1129655852774.603, -14035195348.369303, 444088720944.1871, -10550437049.420927], [-6981696701.750073, 206761030.20188564, -14035195348.369303, 174377628.3573963, -5517496266.805741, 131081908.38439468], [220908414976.97247, -6542142033.963643, 444088720944.1871, -5517496266.805741, 174579533745.127, -4147572982.666919], [-5248231301.498923, 155424928.493914, -10550437049.420927, 131081908.38439468, -4147572982.666919, 98535958.23931296]], "22": [[720545449688.9453, -34875826031.85016, 1448453969515.9534, -29440168971.7495, 569395617949.9711, -22150680047.090996], [-34875826031.85016, 1688059014.0829508, -70108039233.04022, 1424962452.8893354, -27559874985.67042, 1072136759.9268212], [1448453969515.9534, -70108039233.04022, 2911709320643.442, -59181179519.98663, 1144609744466.0305, -44527712242.90894], [-29440168971.7495, 1424962452.8893354, -59181179519.98663, 1202871448.9270885, -23264463347.11765, 905036266.2161491], [569395617949.9711, -27559874985.67042, 1144609744466.0305, -23264463347.11765, 449952698862.4927, -17504100759.876015], [-22150680047.090996, 1072136759.9268212, -44527712242.90894, 905036266.2161491, -17504100759.876015, 680946117.6396391]], "23": [[1362402815037.6404, -92243041368.82697, 2738678803539.4424, -77891919561.95625, 1076571238258.9728, -58624935048.95214], [-92243041368.82697, 6245420654.636599, -185425381819.86862, 5273761533.039968, -72890487432.28564, 3969268302.499714], [2738678803539.4424, -185425381819.86862, 5505245222756.687, -156577002569.85687, 2164105063625.1084, -117846840306.92198], [-77891919561.95625, 5273761533.039968, -156577002569.85687, 4453272604.900366, -61550225357.44451, 3351731716.020955], [1076571238258.9728, -72890487432.28564, 2164105063625.1084, -61550225357.44451, 850707014294.0339, -46325446646.08503], [-58624935048.95214, 3969268302.499714, -117846840306.92198, 3351731716.020955, -46325446646.08503, 2522662880.2869167]], "24": [[2197783283665.323, -192113025627.7369, 4417895331534.767, -162250187956.9602, 1736649131480.5103, -122136324090.9404], [-192113025627.7369, 16793018169.785906, -386177857187.2343, 14182642460.132221, -151804284609.0314, 10676202214.546234], [4417895331534.767, -386177857187.2343, 8880675044468.51, -326148785115.99756, 3490942053980.0557, -245513513558.21423], [-162250187956.9602, 14182642460.132221, -326148785115.99756, 11978034271.043118, -128207203181.60019, 9016649497.432865], [1736649131480.5103, -151804284609.0314, 3490942053980.0557, -128207203181.60019, 1372269153327.1658, -96509943783.45332], [-122136324090.9404, 10676202214.546234, -245513513558.21423, 9016649497.432865, -96509943783.45332, 6787421568.50385]], "25": [[3215089555520.512, -345214045596.7369, 6462790692876.98, -291579145937.29297, 2540464975595.1943, -219510716802.19055], [-345214045596.7369, 37066692923.884125, -693929696951.1014, 31307748926.563934, -272777531318.26785, 23569540222.91786], [6462790692876.98, -693929696951.1014, 12991135338118.217, -586115863355.9354, 5106698621089.722, -441247994196.6272], [-291579145937.29297, 31307748926.563934, -586115863355.9354, 26443555265.681232, -230396881665.62692, 19907609484.583565], [2540464975595.1943, -272777531318.26785, 5106698621089.722, -230396881665.62692, 2007397361962.7576, -173450623434.8043], [-219510716802.19055, 23569540222.91786, -441247994196.6272, 19907609484.583565, -173450623434.8043, 14987126784.159058]], "26": [[4360152105933.858, -552914215357.8334, 8764478654085.784, -467035600687.8779, 3445217463676.9683, -351619940856.9008], [-552914215357.8334, 70115473524.1262, -1111430225438.5237, 59225140872.2826, -436890655276.3627, 44589192986.74814], [8764478654085.784, -1111430225438.5237, 17617753741522.945, -938802925557.6462, 6925339801330.87, -706802283754.5391], [-467035600687.8779, 59225140872.2826, -938802925557.6462, 50026294269.19259, -369032815497.1823, 37663601246.49054], [3445217463676.9683, -436890655276.3627, 6925339801330.87, -369032815497.1823, 2722272774812.4165, -277835986310.80286], [-351619940856.9008, 44589192986.74814, -706802283754.5391, 37663601246.49054, -277835986310.80286, 28356025157.91819]], "Total": [[45575355308541.42, -10796186966837.082, 83445290170628.36, -7989512603795.795, 30035490942742.543, -5294333374344.886], [-10796186966837.082, 3888813365508.302, -19011816632355.14, 2790548602572.026, -6577442271898.718, 1789815131471.9485], [83445290170628.36, -19011816632355.14, 153592012352642.47, -14134663296520.512, 55573688918792.555, -9411789135270.148], [-7989512603795.795, 2790548602572.026, -14134663296520.512, 2008060912231.7214, -4913769119219.993, 1291821973816.1248], [30035490942742.543, -6577442271898.718, 55573688918792.555, -4913769119219.993, 20211335901126.918, -3288302607671.415], [-5294333374344.886, 1789815131471.9485, -9411789135270.148, 1291821973816.1248, -3288302607671.415, 833744206504.7424]]}]