[{"0": [[4561.147342140369, -1079.7387947046739, 8350.22442466487, -799.0306642182122, 3005.305361833587, -529.4801299032707], [-1079.7387947046739, 388.8853299706707, -1901.3710438849744, 279.0575005413515, -657.802625659769, 178.98306905951495], [8350.22442466487, -1901.3710438849744, 15368.182232833567, -1413.591540285499, 5560.138322306717, -941.252699806914], [-799.0306642182122, 279.0575005413515, -1413.591540285499, 200.80783686933216, -491.4155225651657, 129.183226085625], [3005.305361833587, -657.802625659769, 5560.138322306717, -491.4155225651657, 2021.9875871350393, -328.853013908587], [-529.4801299032707, 178.98306905951495, -941.252699806914, 129.183226085625, -328.853013908587, 83.37502686214299]], "1": [[4571.676106862839, -1080.6619289508715, 8366.825694768697, -799.6420796971688, 3010.424198985368, -529.8410733510772], [-1080.6619289508715, 388.9583018291237, -1902.8266183939513, 279.10582599530517, -658.2514435119308, 179.01159418590714], [8366.825694768697, -1902.8266183939513, 15394.358349011029, -1414.5556046149998, 5568.209468364056, -941.821826235474], [-799.6420796971688, 279.10582599530517, -1414.5556046149998, 200.83984029122226, -491.71278614400615, 129.20211678299967], [3010.424198985368, -658.2514435119308, 5568.209468364056, -491.71278614400615, 2024.476245044558, -329.02850070565586], [-529.8410733510772, 179.01159418590714, -941.821826235474, 129.20211678299967, -329.02850070565586, 83.38617749466962]], "2": [[4588.234124693874, -1083.4331520301419, 8392.932859434079, -801.4781005335232, 3018.473852269544, -530.9252873231301], [-1083.4331520301419, 389.35530188367056, -1907.196085118766, 279.36883290505654, -659.5987037401818, 179.16689545642868], [8392.932859434079, -1907.196085118766, 15435.521733000438, -1417.4505112185932, 5580.901423732797, -943.5313374466633], [-801.4781005335232, 279.36883290505654, -1417.4505112185932, 201.0140786359397, -492.6053876437825, 129.30500166714504], [3018.473852269544, -659.5987037401818, 5580.901423732797, -492.6053876437825, 2028.389570803648, -329.55560312651886], [-530.9252873231301, 179.16689545642868, -943.5313374466633, 129.30500166714504, -329.55560312651886, 83.44692932896078]], "3": [[4609.057961083824, -1089.3498410065808, 8425.765479357668, -805.3984982287684, 3028.5970201648624, -533.2406168121659], [-1089.3498410065808, 390.7192772120723, -1916.5249561149785, 280.27256294937945, -662.4750789623771, 179.70060161297425], [8425.765479357668, -1916.5249561149785, 15487.28841565808, -1423.631820492617, 5596.862465547091, -947.1819282260399], [-805.3984982287684, 280.27256294937945, -1423.631820492617, 201.6128636488073, -494.511273670817, 129.6586197044305], [3028.5970201648624, -662.4750789623771, 5596.862465547091, -494.511273670817, 2033.3107834929333, -330.6811915197365], [-533.2406168121659, 179.70060161297425, -947.1819282260399, 129.6586197044305, -330.6811915197365, 83.65576173510426]], "4": [[4630.950948357143, -1099.7733387584972, 8460.28350629088, -812.3054311785519, 3039.2397492287323, -537.3199417510868], [-1099.7733387584972, 394.414365048735, -1932.9595972723396, 282.72096394987807, -667.5423376867789, 181.14661270483882], [8460.28350629088, -1932.9595972723396, 15541.71196999775, -1434.5219235436084, 5613.642542352893, -953.6137655324238], [-812.3054311785519, 282.72096394987807, -1434.5219235436084, 203.2351978665328, -497.86899649759926, 130.6167606558285], [3039.2397492287323, -667.5423376867789, 5613.642542352893, -497.86899649759926, 2038.4844804487393, -332.6643065433309], [-537.3199417510868, 181.14661270483882, -953.6137655324238, 130.6167606558285, -332.6643065433309, 84.22163408679893]], "5": [[4648.461876878439, -1115.395638464202, 8487.8923531016, -822.6575056836681, 3047.7521774518896, -543.4341624598909], [-1115.395638464202, 402.95854981725216, -1957.5910752872899, 288.38259635326506, -675.1368883574405, 184.49044125900545], [8487.8923531016, -1957.5910752872899, 15585.241838837137, -1450.8439056167883, 5627.0637796247765, -963.25397830451], [-822.6575056836681, 288.38259635326506, -1450.8439056167883, 206.98676484250032, -502.9015048960486, 132.83248146937214], [3047.7521774518896, -675.1368883574405, 5627.0637796247765, -502.9015048960486, 2042.6225496552247, -335.63664480167597], [-543.4341624598909, 184.49044125900545, -963.25397830451, 132.83248146937214, -335.63664480167597, 85.53026558566184]], "6": [[4653.034097391931, -1134.0183899958827, 8495.101301682807, -834.9979953496901, 3049.9748873782787, -550.7228987243177], [-1134.0183899958827, 419.8695151574634, -1986.9534856805328, 299.5884808391799, -684.1901623411458, 191.10887432807468], [8495.101301682807, -1986.9534856805328, 15596.608075327644, -1470.3011013716327, 5630.56829160553, -974.746096700758], [-834.9979953496901, 299.5884808391799, -1470.3011013716327, 214.41223373120448, -508.90071687398273, 137.21812089560245], [3049.9748873782787, -684.1901623411458, 5630.56829160553, -508.90071687398273, 2043.703083588572, -339.179994789351], [-550.7228987243177, 191.10887432807468, -974.746096700758, 137.21812089560245, -339.179994789351, 88.12051725190304]], "7": [[4633.933464104962, -1145.057832269365, 8464.986377144296, -842.3134344196692, 3040.689887598896, -555.0437066598627], [-1145.057832269365, 444.93364440966724, -2004.3601808853064, 316.19700629033906, -689.5574097695771, 200.91823785478599], [8464.986377144296, -2004.3601808853064, 15549.127519833635, -1481.8358886140772, 5615.929139973717, -981.5590302329049], [-842.3134344196692, 316.19700629033906, -1481.8358886140772, 225.41772747172448, -512.4573975821774, 143.71820961110578], [3040.689887598896, -689.5574097695771, 5615.929139973717, -512.4573975821774, 2039.189556777771, -341.28072094037134], [-555.0437066598627, 200.91823785478599, -981.5590302329049, 143.71820961110578, -341.28072094037134, 91.959613824543]], "8": [[4588.939945945606, -1123.5496069933372, 8394.046651947223, -828.0608518774229, 3018.8175522772585, -546.62561107744], [-1123.5496069933372, 450.33527174161776, -1970.4507376897125, 319.77559511951796, -679.1029199003046, 203.03138749047318], [8394.046651947223, -1970.4507376897125, 15437.279306862587, -1459.3655483599375, 5581.443784867665, -968.2872268742195], [-828.0608518774229, 319.77559511951796, -1459.3655483599375, 227.78854958881777, -505.5296534663052, 145.11817533825072], [3018.8175522772585, -679.1029199003046, 5581.443784867665, -505.5296534663052, 2028.5569352729242, -337.1889423119045], [-546.62561107744, 203.03138749047318, -968.2872268742195, 145.11817533825072, -337.1889423119045, 92.78629076177496]], "9": [[4562.930258798058, -1079.7996803740239, 8353.347391151347, -799.0753238869421, 3006.3679548395303, -529.5091389469106], [-1079.7996803740239, 388.8874082217702, -1901.4775042649583, 279.05902236108057, -657.8387950323634, 178.98405614956278], [8353.347391151347, -1901.4775042649583, 15373.615997820696, -1413.6691273409122, 5561.976680784728, -941.3028207968986], [-799.0753238869421, 279.05902236108057, -1413.6691273409122, 200.80894432660372, -491.4417377473702, 129.18394059774394], [3006.3679548395303, -657.8387950323634, 5561.976680784728, -491.4417377473702, 2022.6065050430393, -328.8698686662382], [-529.5091389469106, 178.98405614956278, -941.3028207968986, 129.18394059774394, -328.8698686662382, 83.37548573670601]], "10": [[4579.1299727505775, -1081.2261634721428, 8379.825831641423, -800.0547663461786, 3014.8313294203945, -530.1085467726051], [-1081.2261634721428, 389.00099461795674, -1903.8091197443832, 279.137004034536, -658.584064506167, 179.03177499311454], [8379.825831641423, -1903.8091197443832, 15416.89502186853, -1415.2700458725074, 5575.810070692665, -942.2825650368059], [-800.0547663461786, 279.137004034536, -1415.2700458725074, 200.8624819057878, -491.95344979277587, 129.21670151388378], [3014.8313294203945, -658.584064506167, 5575.810070692665, -491.95344979277587, 2027.028108354661, -329.183030719868], [-530.1085467726051, 179.03177499311454, -942.2825650368059, 129.21670151388378, -329.183030719868, 83.39553291695178]], "11": [[4605.639119890423, -1085.6502799830457, 8423.153866037454, -803.0932945801368, 3028.6800076056875, -531.9686252839896], [-1085.6502799830457, 389.63762100468375, -1911.0402275212757, 279.5742190949964, -660.8953267107659, 179.29940626383552], [8423.153866037454, -1911.0402275212757, 15487.712787256432, -1420.2364442902026, 5598.4451256950015, -945.3228168643543], [-803.0932945801368, 279.5742190949964, -1420.2364442902026, 201.1627475058512, -493.54084820535746, 129.40050227747798], [3028.6800076056875, -660.8953267107659, 5598.4451256950015, -493.54084820535746, 2034.2628143871107, -330.15477936752455], [-531.9686252839896, 179.29940626383552, -945.3228168643543, 129.40050227747798, -330.15477936752455, 83.5080423745592]], "12": [[4640.741447763166, -1095.4807266351013, 8480.526264968996, -809.8455957982433, 3047.017342016611, -536.1025413897569], [-1095.4807266351013, 391.90520796497873, -1927.107612935537, 281.13171105295856, -666.0308331306684, 180.25290245676072], [8480.526264968996, -1927.107612935537, 15581.484122557793, -1431.2727512010642, 5628.416267992983, -952.0795010680367], [-809.8455957982433, 281.13171105295856, -1431.2727512010642, 202.23251074812637, -497.06830607392584, 130.05541106533673], [3047.017342016611, -666.0308331306684, 5628.416267992983, -497.06830607392584, 2043.8421742961762, -332.31437125820077], [-536.1025413897569, 180.25290245676072, -952.0795010680367, 130.05541106533673, -332.31437125820077, 83.90897736640387]], "13": [[4680.3826713117605, -1113.6721403470222, 8545.316659044707, -822.3413881962566, 3067.7254440742986, -543.7530877219243], [-1113.6721403470222, 398.32101110211335, -1956.8403511157062, 285.5386448850437, -675.5340243246654, 182.95097315449377], [8545.316659044707, -1956.8403511157062, 15687.378814658945, -1451.6963493878857, 5662.261996537816, -964.5838448807549], [-822.3413881962566, 285.5386448850437, -1451.6963493878857, 205.2595777143016, -503.59610574916655, 131.9086816081736], [3067.7254440742986, -675.5340243246654, 5662.261996537816, -503.59610574916655, 2054.6598396330764, -336.31101527833374], [-543.7530877219243, 182.95097315449377, -964.5838448807549, 131.9086816081736, -336.31101527833374, 85.04361090185978]], "14": [[4716.15209263505, -1142.681517595363, 8603.778699924786, -842.268553635292, 3086.410832694223, -555.9537651778186], [-1142.681517595363, 413.9538720990496, -2004.2542309753471, 296.2769629155756, -690.6884223102774, 189.5255129036451], [8603.778699924786, -2004.2542309753471, 15782.929989267172, -1484.2659637042027, 5692.801656170863, -984.5250332322905], [-842.268553635292, 296.2769629155756, -1484.2659637042027, 212.6358010421369, -514.0059878193871, 136.42477744952802], [3086.410832694223, -690.6884223102774, 5692.801656170863, -514.0059878193871, 2064.420795622925, -342.6846068464048], [-555.9537651778186, 189.5255129036451, -984.5250332322905, 136.42477744952802, -342.6846068464048, 87.80859248034615]], "15": [[4732.193783758427, -1180.277833979567, 8629.997691000552, -868.0945975834413, 3094.790907679275, -571.7663102080459], [-1180.277833979567, 446.89326418872645, -2065.7031212532393, 318.9035852096123, -710.328757574103, 203.37887459417743], [8629.997691000552, -2065.7031212532393, 15825.783045574908, -1526.4770602591982, 5706.498286378095, -1010.3696754253939], [-868.0945975834413, 318.9035852096123, -1526.4770602591982, 228.17840834752354, -527.4975266333414, 145.94088452407837], [3094.790907679275, -710.328757574103, 5706.498286378095, -527.4975266333414, 2068.7984922257747, -350.94508860986645], [-571.7663102080459, 203.37887459417743, -1010.3696754253939, 145.94088452407837, -350.94508860986645, 93.63491827114532]], "16": [[4703.939336820997, -1206.8010906524735, 8583.819110795304, -886.314362232052, 3080.031788230745, -582.921834264699], [-1206.8010906524735, 499.36590520601715, -2109.055268338749, 354.9480269627886, -724.1854786984766, 225.4474847360098], [8583.819110795304, -2109.055268338749, 15750.30957156848, -1556.2571858958559, 5682.376236471078, -1028.6033306882086], [-886.314362232052, 354.9480269627886, -1556.2571858958559, 252.93801174968542, -537.0161992544059, 161.10022693772734], [3080.031788230745, -724.1854786984766, 5682.376236471078, -537.0161992544059, 2061.088852534699, -356.77314310004846], [-582.921834264699, 225.4474847360098, -1028.6033306882086, 161.10022693772734, -356.77314310004846, 102.91639417518458]], "17": [[4618.649263681528, -1166.711108884287, 8444.420093558387, -858.7752319454522, 3035.47775318028, -566.0603468691803], [-1166.711108884287, 512.9956383677479, -2043.535180004151, 364.30925014621806, -703.2453572891576, 231.17820392432537], [8444.420093558387, -2043.535180004151, 15522.474311721971, -1511.2492767941837, 5609.556640334918, -1001.0461679616545], [-858.7752319454522, 364.30925014621806, -1511.2492767941837, 259.3675212024377, -522.6317393398697, 165.03622033608346], [3035.47775318028, -703.2453572891576, 5609.556640334918, -522.6317393398697, 2037.814607904312, -347.9659153952124], [-566.0603468691803, 231.17820392432537, -1001.0461679616545, 165.03622033608346, -347.9659153952124, 105.32591607072573]], "18": [[4565.366255697767, -1079.8838245343416, 8357.781519830869, -799.1394558255271, 3007.935006613248, -529.5524047003058], [-1079.8838245343416, 388.8903130706023, -1901.6303582960254, 279.06123205265516, -657.8927227036323, 178.98554444741623], [8357.781519830869, -1901.6303582960254, 15381.629405593188, -1413.7848264256488, 5564.791489060027, -941.3804196714285], [-799.1394558255271, 279.06123205265516, -1413.7848264256488, 200.81061410878368, -491.48231834369415, 129.18505891518683], [3007.935006613248, -657.8927227036323, 5564.791489060027, -491.48231834369415, 2023.5900967557252, -328.89694916891614], [-529.5524047003058, 178.98554444741623, -941.3804196714285, 129.18505891518683, -328.89694916891614, 83.37623108151575]], "19": [[4589.557879754531, -1082.0245420288559, 8398.719727574598, -800.6612935330152, 3021.4824932028087, -530.5166966120335], [-1082.0245420288559, 389.06208816908315, -1905.2530219199757, 279.1833353753911, -659.0915669570037, 179.06290613102635], [8398.719727574598, -1905.2530219199757, 15450.906972369714, -1416.3601807991859, 5587.7171850621835, -943.0122582084529], [-800.6612935330152, 279.1833353753911, -1416.3601807991859, 200.89740911038618, -492.3345776599929, 129.24005010328267], [3021.4824932028087, -659.0915669570037, 5587.7171850621835, -492.3345776599929, 2031.176788392502, -329.4369717866548], [-530.5166966120335, 179.06290613102635, -943.0122582084529, 129.24005010328267, -329.4369717866548, 83.4110721485404]], "20": [[4630.685976976331, -1088.8772911751744, 8468.316840384769, -805.5342114117446, 3044.513341461224, -533.6051754687663], [-1088.8772911751744, 390.0531895701152, -1916.8493907520792, 279.88805919285585, -662.9290397554547, 179.5095394093353], [8468.316840384769, -1916.8493907520792, 15568.679454799638, -1424.6062368001985, 5626.690068563449, -948.2386482974243], [-805.5342114117446, 279.88805919285585, -1424.6062368001985, 201.3985037990443, -495.06336424610237, 129.557629207418], [3044.513341461224, -662.9290397554547, 5626.690068563449, -495.06336424610237, 2044.0735671288016, -331.16648990054097], [-533.6051754687663, 179.5095394093353, -948.2386482974243, 129.557629207418, -331.16648990054097, 83.61234445783722]], "21": [[4687.923192456115, -1104.7156976538784, 8565.172570629882, -816.7977406417602, 3076.5640951438986, -540.7446917931751], [-1104.7156976538784, 393.71200418544805, -1943.651107087308, 282.4899485703584, -671.7981454959844, 181.15872123911345], [8565.172570629882, -1943.651107087308, 15732.576884070295, -1443.6663560280745, 5680.925745878216, -960.3201220364605], [-816.7977406417602, 282.4899485703584, -1443.6663560280745, 203.24878291900197, -501.3706548325997, 130.73041030649122], [3076.5640951438986, -671.7981454959844, 5680.925745878216, -501.3706548325997, 2062.0208205124304, -335.16443790927406], [-540.7446917931751, 181.15872123911345, -960.3201220364605, 130.73041030649122, -335.16443790927406, 84.35570013975152]], "22": [[4757.157054839755, -1135.5133422747751, 8682.327915454009, -838.7004524711421, 3115.331948803712, -554.6285309319868], [-1135.5133422747751, 404.53201060474277, -1995.7664019903718, 290.1847572836507, -689.0437729719837, 186.03624544953556], [8682.327915454009, -1995.7664019903718, 15930.823440630176, -1480.7297841300212, 5746.527477506202, -983.8141385827939], [-838.7004524711421, 290.1847572836507, -1480.7297841300212, 208.72106072439612, -513.6354242395655, 134.19913427457254], [3115.331948803712, -689.0437729719837, 5746.527477506202, -513.6354242395655, 2083.729077469826, -342.93891292091376], [-554.6285309319868, 186.03624544953556, -983.8141385827939, 134.19913427457254, -342.93891292091376, 86.55442731768379]], "23": [[4826.922229525891, -1187.885772179129, 8800.381957364727, -875.9475222988815, 3154.397066806056, -578.2394450304538], [-1187.885772179129, 432.3940997958264, -2084.38990968835, 309.99981837572693, -718.370341600362, 198.59678950672233], [8800.381957364727, -2084.38990968835, 16130.590113186008, -1543.7584804679423, 5812.632021727714, -1023.7680233433482], [-875.9475222988815, 309.99981837572693, -1543.7584804679423, 222.81320733162238, -534.4923665730458, 143.1319872851826], [3154.397066806056, -718.370341600362, 5812.632021727714, -534.4923665730458, 2105.6036509886744, -356.1601267361833], [-578.2394450304538, 198.59678950672233, -1023.7680233433482, 143.1319872851826, -356.1601267361833, 92.2168622219019]], "24": [[4870.333016838507, -1262.1027562135948, 8873.840507454319, -928.7309584017061, 3178.705286103528, -611.6992430295796], [-1262.1027562135948, 495.3413737595995, -2209.978612744956, 354.7675089062531, -759.929232956032, 226.9749181466415], [8873.840507454319, -2209.978612744956, 16254.89466776656, -1633.077702609009, 5853.7657273143495, -1080.3881176608722], [-928.7309584017061, 354.7675089062531, -1633.077702609009, 254.651696726314, -564.049227651471, 163.31432719646034], [3178.705286103528, -759.929232956032, 5853.7657273143495, -564.049227651471, 2119.2152337732186, -374.89643256177783], [-611.6992430295796, 226.9749181466415, -1080.3881176608722, 163.31432719646034, -374.89643256177783, 105.01039771469841]], "25": [[4835.217379959442, -1324.46587676148, 8814.420996159484, -973.0841424686971, 3159.043466454788, -639.81521274643], [-1324.46587676148, 604.776404293656, -2315.5109625553664, 432.5972876958797, -794.8520670827063, 276.3112126324826], [8814.420996159484, -2315.5109625553664, 16154.350334009396, -1708.1332112545815, 5820.495770873303, -1127.9666275543123], [-973.0841424686971, 432.5972876958797, -1708.1332112545815, 310.00394029918624, -588.8866455798168, 198.40211276413606], [3159.043466454788, -794.8520670827063, 5820.495770873303, -588.8866455798168, 2108.2062593466917, -390.64114411287665], [-639.81521274643, 276.3112126324826, -1127.9666275543123, 198.40211276413606, -390.64114411287665, 127.25254394741728]], "26": [[4676.430857830932, -1252.5459303662135, 8545.729478376534, -921.9340509356118, 3070.1314659863087, -607.390601703744], [-1252.5459303662135, 640.3952433350904, -2193.8175475894445, 457.9271030380514, -754.5849156984859, 292.3664074246224], [8545.729478376534, -2193.8175475894445, 15699.682452457586, -1621.583795634624, 5670.042823274405, -1073.101991710977], [-921.9340509356118, 457.9271030380514, -1621.583795634624, 328.01686714559594, -560.2482970567677, 209.81952911394308], [3070.1314659863087, -754.5849156984859, 5670.042823274405, -560.2482970567677, 2058.4202719691107, -372.486976854535], [-607.390601703744, 292.3664074246224, -1073.101991710977, 209.81952911394308, -372.486976854535, 134.48942424751505]], "27": [[4568.610792907725, -1079.9972443226081, 8363.912020025427, -799.2291747651507, 3010.1827696722075, -529.6151949616602], [-1079.9972443226081, 388.8942751290332, -1901.844165843334, 279.06435924018047, -657.9709633293859, 178.98772895258966], [8363.912020025427, -1901.844165843334, 15393.12375584658, -1413.952712299724, 5568.978599181866, -941.4971854432679], [-799.2291747651507, 279.06435924018047, -1413.952712299724, 200.81306499327985, -491.54337243252627, 129.18676077470232], [3010.1827696722075, -657.9709633293859, 5568.978599181866, -491.54337243252627, 2025.1069182125352, -328.939186743238], [-529.6151949616602, 178.98772895258966, -941.4971854432679, 129.18676077470232, -328.939186743238, 83.37740677612264]], "28": [[4603.774227231614, -1083.1259544927161, 8425.447815401389, -801.5293639429516, 3031.2414162348323, -531.1224716840496], [-1083.1259544927161, 389.1473660384162, -1907.3194462865704, 279.25041234273084, -659.8447213596231, 179.10963590150723], [8425.447815401389, -1907.3194462865704, 15500.81102191951, -1417.9780710738064, 5605.8311020054425, -944.1349378911514], [-801.5293639429516, 279.25041234273084, -1417.9780710738064, 200.94983700993708, -492.92093628042403, 129.27637743587894], [3031.2414162348323, -659.8447213596231, 5605.8311020054425, -492.92093628042403, 2037.7185018498797, -329.8418820428923], [-531.1224716840496, 179.10963590150723, -944.1349378911514, 129.27637743587894, -329.8418820428923, 83.4361259899181]], "29": [[4665.815906552343, -1093.4572398544494, 8534.017718410429, -809.126668718118, 3068.395064004044, -536.1020896471264], [-1093.4572398544494, 390.6499421237886, -1925.398863766158, 280.35530667902, -666.0317284495962, 179.83379884357606], [8534.017718410429, -1925.398863766158, 15690.80303954156, -1431.273110401334, 5670.84816751725, -952.8491094066735], [-809.126668718118, 280.35530667902, -1431.273110401334, 201.7623026706647, -497.47066820271675, 129.8088785928606], [3068.395064004044, -666.0317284495962, 5670.84816751725, -497.47066820271675, 2059.9679566301133, -332.8239826196818], [-536.1020896471264, 179.83379884357606, -952.8491094066735, 129.8088785928606, -332.8239826196818, 83.78513455814715]], "30": [[4756.483222354439, -1118.2955567500617, 8692.679082860348, -827.3935034903153, 3122.68979873148, -548.0759925662546], [-1118.2955567500617, 396.40039591792345, -1968.8645364008726, 284.58423659067233, -680.9060357780023, 182.6057792011028], [8692.679082860348, -1968.8645364008726, 15968.449160791219, -1463.239054983499, 5765.8600977758, -973.8027733806342], [-827.3935034903153, 284.58423659067233, -1463.239054983499, 204.87229167990105, -508.40967490862164, 131.84741519141164], [3122.68979873148, -680.9060357780023, 5765.8600977758, -508.40967490862164, 2092.481527669131, -339.99449717958413], [-548.0759925662546, 182.6057792011028, -973.8027733806342, 131.84741519141164, -339.99449717958413, 85.1213551776056]], "31": [[4873.883310722381, -1169.1248587394048, 8898.119437326864, -864.7762658613523, 3192.992043505972, -572.581287429722], [-1169.1248587394048, 414.205848231733, -2057.8122989024505, 297.67912123154775, -711.3444494171813, 191.18961971340303], [8898.119437326864, -2057.8122989024505, 16327.952631489468, -1528.6563033258858, 5888.883157442401, -1016.6853443627587], [-864.7762658613523, 297.67912123154775, -1528.6563033258858, 214.50282509097522, -530.7958171739713, 138.16033546121196], [3192.992043505972, -711.3444494171813, 5888.883157442401, -530.7958171739713, 2134.580351291166, -354.66914889135165], [-572.581287429722, 191.18961971340303, -1016.6853443627587, 138.16033546121196, -354.66914889135165, 89.25954364030883]], "32": [[5005.658046140753, -1261.7527446914114, 9128.713518470671, -932.9013926994771, 3271.901720060395, -617.2397938955743], [-1261.7527446914114, 462.907546615118, -2219.9040945358392, 333.49729287081163, -766.8129491012568, 214.6693994327513], [9128.713518470671, -2219.9040945358392, 16731.471789222647, -1647.870123516432, 6026.968081630811, -1094.834353525996], [-932.9013926994771, 333.49729287081163, -1647.870123516432, 240.8456726939661, -571.5912918855354, 155.42878413070582], [3271.901720060395, -766.8129491012568, 6026.968081630811, -571.5912918855354, 2181.8332410694893, -381.41207117156534], [-617.2397938955743, 214.6693994327513, -1094.834353525996, 155.42878413070582, -381.41207117156534, 100.57947851214747]], "33": [[5111.756753956073, -1407.08000806887, 9314.377510025448, -1039.7865071515212, 3335.4364774448336, -687.3076222249509], [-1407.08000806887, 582.3616761882399, -2474.2161232131944, 421.35223624418165, -853.8397088262078, 272.2614493935931], [9314.377510025448, -2474.2161232131944, 17056.36846767989, -1834.9112172687796, 6138.14866902734, -1217.447902811544], [-1039.7865071515212, 421.35223624418165, -1834.9112172687796, 305.4603586831671, -635.5976246209523, 197.78601617168374], [3335.4364774448336, -853.8397088262078, 6138.14866902734, -635.5976246209523, 2219.8795611233804, -423.37099836078727], [-687.3076222249509, 272.2614493935931, -1217.447902811544, 197.78601617168374, -423.37099836078727, 128.34615536104909]], "34": [[5089.543240142469, -1556.1121057824769, 9275.50949964857, -1149.3970054611677, 3322.1370340825115, -759.1624229870624], [-1556.1121057824769, 815.6532893119199, -2735.015564727755, 592.9320558717845, -943.0879370934648, 384.738672831896], [9275.50949964857, -2735.015564727755, 16988.359316768016, -2026.7246398404468, 6114.878019681799, -1343.1905595020185], [-1149.3970054611677, 592.9320558717845, -2026.7246398404468, 431.65278414483987, -701.2381337351947, 280.51004318135045], [3322.1370340825115, -943.0879370934648, 6114.878019681799, -701.2381337351947, 2211.917057438868, -466.40141765901194], [-759.1624229870624, 384.738672831896, -1343.1905595020185, 280.51004318135045, -466.40141765901194, 182.57496203345414]], "35": [[4797.0484067454, -1435.7759158910308, 8763.672993287806, -1060.8915463615438, 3146.9869206723715, -701.1427653799495], [-1435.7759158910308, 918.4894605394472, -2524.451507893141, 668.5617858188663, -871.037216699453, 434.3145602470596], [8763.672993287806, -2524.451507893141, 16092.696969788622, -1871.8579402860564, 5808.382958209743, -1241.667862527227], [-1060.8915463615438, 668.5617858188663, -1871.8579402860564, 487.27383631283016, -648.2459114971302, 316.97008367890635], [3146.9869206723715, -871.037216699453, 5808.382958209743, -648.2459114971302, 2107.0346506682736, -431.6624237443292], [-701.1427653799495, 434.3145602470596, -1241.667862527227, 316.97008367890635, -431.6624237443292, 206.47480749806704]], "36": [[4572.832526960469, -1080.146680772215, 8372.183866649699, -799.3517297773391, 3013.326025231182, -529.7040745615753], [-1080.146680772215, 388.8995601916132, -1902.136185315934, 279.06868266512913, -658.0816832471155, 178.99085777973582], [8372.183866649699, -1902.136185315934, 15409.197371862434, -1414.1903228338654, 5575.044228531958, -941.6683687351407], [-799.3517297773391, 279.06868266512913, -1414.1903228338654, 200.81657534934644, -491.63286816216777, 129.1892851698244], [3013.326025231182, -658.0816832471155, 5575.044228531958, -491.63286816216777, 2027.3824234767706, -329.0032998465182], [-529.7040745615753, 178.99085777973582, -941.6683687351407, 129.1892851698244, -329.0032998465182, 83.37921234575279]], "37": [[4622.7038691995385, -1084.6108059326443, 8462.338317669411, -802.7421177281628, 3045.1965631228227, -531.9991325095792], [-1084.6108059326443, 389.2637485394353, -1910.206243477369, 279.3452524020596, -660.9345604001329, 179.17806149327336], [8462.338317669411, -1910.206243477369, 15572.17323465716, -1420.3193239672792, 5632.657894262562, -945.8172782638507], [-802.7421177281628, 279.3452524020596, -1420.3193239672792, 201.0266062699386, -493.79955483182374, 129.33145027414147], [3045.1965631228227, -660.9345604001329, 5632.657894262562, -493.79955483182374, 2047.749454634127, -330.4699967591939], [-531.9991325095792, 179.17806149327336, -945.8172782638507, 129.33145027414147, -330.4699967591939, 83.4754406315328]], "38": [[4713.958739642922, -1099.811476985384, 8627.29961066843, -814.2892779485885, 3103.5107408006616, -539.8175509349796], [-1099.811476985384, 391.4880365269213, -1937.6847148849156, 281.03485555854996, -670.648345322016, 180.32201845649612], [8627.29961066843, -1937.6847148849156, 15870.373517430684, -1441.193291420577, 5738.072346017194, -959.9507456341173], [-814.2892779485885, 281.03485555854996, -1441.193291420577, 202.31005463578424, -501.1786127078967, 130.2004174436886], [3103.5107408006616, -670.648345322016, 5738.072346017194, -501.1786127078967, 2085.0136937164666, -335.46625222588864], [-539.8175509349796, 180.32201845649612, -959.9507456341173, 130.2004174436886, -335.46625222588864, 84.06378056812196]], "39": [[4853.985564330673, -1137.8475729241982, 8880.422852922533, -843.1855457953092, 3192.9892858225517, -559.3843087809651], [-1137.8475729241982, 400.31868397374893, -2006.4422208786418, 287.743382573349, -694.9541722599758, 184.86449917689032], [8880.422852922533, -2006.4422208786418, 16327.938529599774, -1493.4288130477028, 5899.8206357434765, -995.3213965870578], [-843.1855457953092, 287.743382573349, -1493.4288130477028, 207.40643457547932, -519.643906523301, 133.65128042194428], [3192.9892858225517, -694.9541722599758, 5899.8206357434765, -519.643906523301, 2142.1913810888836, -347.9698023526607], [-559.3843087809651, 184.86449917689032, -995.3213965870578, 133.65128042194428, -347.9698023526607, 86.40043038252594]], "40": [[5048.32701028909, -1219.986178707404, 9231.726983997898, -905.588923875713, 3317.1737274139614, -601.6414557119846], [-1219.986178707404, 429.02675642116384, -2154.9223043625307, 309.55347513940893, -747.4415872316408, 199.63319960777386], [9231.726983997898, -2154.9223043625307, 16962.978532862242, -1606.2339757836498, 6124.3044410704815, -1071.7086769816583], [-905.588923875713, 309.55347513940893, -1606.2339757836498, 223.97599485631193, -559.5203078013753, 144.87135529867973], [3317.1737274139614, -747.4415872316408, 6124.3044410704815, -559.5203078013753, 2221.5454037974528, -374.97255447317656], [-601.6414557119846, 199.63319960777386, -1071.7086769816583, 144.87135529867973, -374.97255447317656, 93.99810213122598]], "41": [[5292.112843135157, -1381.6656970197128, 9672.408613309639, -1028.424312748352, 3472.9522332665993, -684.8222959074405], [-1381.6656970197128, 513.0784617539117, -2447.185524361074, 373.410683647588, -850.7556470494534, 242.8750857182816], [9672.408613309639, -2447.185524361074, 17759.580599978137, -1828.279827143499, 6405.89884278506, -1222.0721890964205], [-1028.424312748352, 373.410683647588, -1828.279827143499, 272.490692561896, -638.0127653053335, 177.7238253728157], [3472.9522332665993, -850.7556470494534, 6405.89884278506, -638.0127653053335, 2321.0874591553506, -428.12554749524725], [-684.8222959074405, 242.8750857182816, -1222.0721890964205, 177.7238253728157, -428.12554749524725, 116.24465503841738]], "42": [[5541.498104113738, -1668.6796556320255, 10123.212978916123, -1246.4841771027195, 3632.3093812077987, -832.4880392999148], [-1668.6796556320255, 741.5297226120193, -2966.01208321588, 546.9757917057334, -1034.1590904708332, 360.40883385516446], [10123.212978916123, -2966.01208321588, 18574.482712638903, -2222.4601297459117, 6693.962771231112, -1489.0031421708536], [-1246.4841771027195, 546.9757917057334, -2222.4601297459117, 404.3562231542129, -777.354176415568, 267.0197111070672], [3632.3093812077987, -1034.1590904708332, 6693.962771231112, -777.354176415568, 2422.9166550521977, -522.4847415695954], [-832.4880392999148, 360.40883385516446, -1489.0031421708536, 267.0197111070672, -522.4847415695954, 176.71349152062726]], "43": [[5623.542907030948, -2049.9851026791303, 10271.528860175034, -1536.183658122286, 3684.740646530274, -1028.6675851258228], [-2049.9851026791303, 1272.1875716265993, -3655.293270457416, 950.1436053192499, -1277.8200474795335, 633.4250316579357], [10271.528860175034, -3655.293270457416, 18842.59964171428, -2746.146333932819, 6788.745000268508, -1843.6345047143616], [-1536.183658122286, 950.1436053192499, -2746.146333932819, 710.6633591385962, -962.4772931249792, 474.4440311917043], [3684.740646530274, -1277.8200474795335, 6788.745000268508, -962.4772931249792, 2456.4231962486124, -647.8469576931618], [-1028.6675851258228, 633.4250316579357, -1843.6345047143616, 474.4440311917043, -647.8469576931618, 317.17658723152385]], "44": [[5100.674713492764, -1906.4907714225717, 9326.372120290462, -1427.1617059566156, 3350.636740946342, -954.8390138661889], [-1906.4907714225717, 1647.706790548939, -3395.934149578471, 1235.4389534593188, -1186.1485323343857, 826.6167522349018], [9326.372120290462, -3395.934149578471, 17134.097818337264, -2549.094384046689, 6184.805878615502, -1710.1929024749911], [-1427.1617059566156, 1235.4389534593188, -2549.094384046689, 927.4124136677817, -892.8284956891548, 621.2186738385095], [3350.636740946342, -1186.1485323343857, 6184.805878615502, -892.8284956891548, 2242.9364692791087, -600.681491111244], [-954.8390138661889, 826.6167522349018, -1710.1929024749911, 621.2186738385095, -600.681491111244, 416.5670817731116]], "45": [[4578.208908067018, -1080.3394966096932, 8383.097396526864, -799.5155122353599, 3017.619851077019, -529.8270338133685], [-1080.3394966096932, 388.90646801386, -1902.526392003839, 279.07453350604044, -658.2348195294951, 178.99523979670076], [8383.097396526864, -1902.526392003839, 15431.154640861314, -1414.5190013758183, 5583.619382209555, -941.913395903878], [-799.5155122353599, 279.07453350604044, -1414.5190013758183, 200.82149170749577, -491.7609541870087, 129.19294278734512], [3017.619851077019, -658.2348195294951, 5583.619382209555, -491.7609541870087, 2030.7104577749394, -329.09821920857553], [-529.8270338133685, 178.99523979670076, -941.913395903878, 129.19294278734512, -329.09821920857553, 83.3819180600676]], "46": [[4647.369864493397, -1086.5708188047113, 8512.116285591534, -804.3993758641114, 3064.686330003035, -533.2387907730553], [-1086.5708188047113, 389.4193491213059, -1914.1509491298712, 279.476480388245, -662.4755310388392, 179.27601052908253], [8512.116285591534, -1914.1509491298712, 15671.837745607985, -1423.629869079389, 5671.421302912494, -948.2780426001095], [-804.3993758641114, 279.476480388245, -1423.629869079389, 201.13649899481385, -495.0846560172334, 129.41298385581456], [3064.686330003035, -662.4755310388392, 5671.421302912494, -495.0846560172334, 2062.7408625681887, -331.4200823621539], [-533.2387907730553, 179.27601052908253, -948.2780426001095, 129.41298385581456, -331.4200823621539, 83.53562265941363]], "47": [[4778.558074996485, -1108.447764209963, 8756.84079348319, -821.5493103169115, 3153.9605828873755, -545.2219004507983], [-1108.447764209963, 392.64165491686737, -1954.961534816922, 282.0024360771849, -677.3631442377815, 181.0408937920015], [8756.84079348319, -1954.961534816922, 16128.358072396788, -1455.6224008608765, 5837.957590712899, -970.632064952984], [-821.5493103169115, 282.0024360771849, -1455.6224008608765, 203.116587932812, -506.75546229260016, 130.79647042931862], [3153.9605828873755, -677.3631442377815, 5837.957590712899, -506.75546229260016, 2123.492451296109, -339.57478130099753], [-545.2219004507983, 181.0408937920015, -970.632064952984, 130.79647042931862, -339.57478130099753, 84.50226362071594]], "48": [[4990.035727719444, -1165.4796466786931, 9151.336383153173, -866.2613556319059, 3297.8689111442077, -576.4656151458214], [-1165.4796466786931, 405.92665302672015, -2061.3509473303634, 292.4174176971443, -716.1732851473173, 188.31847085624648], [9151.336383153173, -2061.3509473303634, 16864.259801064214, -1539.029927181028, 6106.407708455719, -1028.9152622438876], [-866.2613556319059, 292.4174176971443, -1539.029927181028, 211.28157529977693, -537.1819659847065, 136.50184051415766], [3297.8689111442077, -716.1732851473173, 6106.407708455719, -537.1819659847065, 2221.420561644255, -360.8360990450117], [-576.4656151458214, 188.31847085624648, -1028.9152622438876, 136.50184051415766, -360.8360990450117, 88.48895046048747]], "49": [[5305.546461339298, -1295.9452054776964, 9739.893961217125, -968.5474532217235, 3512.567840295579, -647.9429975113693], [-1295.9452054776964, 451.4434683347298, -2304.7244652535355, 328.1024754926019, -804.9536378060093, 213.2547837486391], [9739.893961217125, -2304.7244652535355, 17962.162299154756, -1729.8368163386333, 6506.909714347824, -1162.250850383497], [-968.5474532217235, 328.1024754926019, -1729.8368163386333, 239.25856225702066, -606.7865107254676, 156.0518410674062], [3512.567840295579, -804.9536378060093, 6506.909714347824, -606.7865107254676, 2367.5190147993508, -409.4756578968459], [-647.9429975113693, 213.2547837486391, -1162.250850383497, 156.0518410674062, -409.4756578968459, 102.15026866170848]], "50": [[5751.723682690255, -1576.558993212114, 10572.195722538336, -1188.5546689185269, 3816.1808226540193, -801.6862778548689], [-1576.558993212114, 595.6742593876256, -2828.1857968813056, 441.1814339478008, -995.9065606417216, 292.2747632671785], [10572.195722538336, -2828.1857968813056, 19514.743176558957, -2140.2417043186933, 7073.271258180282, -1449.045960992079], [-1188.5546689185269, 441.1814339478008, -2140.2417043186933, 327.91404799427295, -756.4976893502367, 218.00461070239362], [3816.1808226540193, -995.9065606417216, 7073.271258180282, -756.4976893502367, 2574.1204247203186, -514.0953524951948], [-801.6862778548689, 292.2747632671785, -1449.045960992079, 218.00461070239362, -514.0953524951948, 145.4430850244145]], "51": [[6340.075781729212, -2161.2236095754306, 11669.711936428363, -1646.9484104794994, 4216.540829055508, -1122.0194006463435], [-2161.2236095754306, 1045.1746163833832, -3918.8270880153495, 793.6002587781174, -1393.76004441909, 538.5492688039319], [11669.711936428363, -3918.8270880153495, 21562.05777211608, -2995.335596080764, 7820.10567772426, -2046.599705325586], [-1646.9484104794994, 793.6002587781174, -2995.335596080764, 604.2186740948729, -1068.4261726981504, 411.0896003893472], [4216.540829055508, -1393.76004441909, 7820.10567772426, -1068.4261726981504, 2846.5561565795583, -732.0761321483363], [-1122.0194006463435, 538.5492688039319, -2046.599705325586, 411.0896003893472, -732.0761321483363, 280.37319372964123]], "52": [[6986.628915582997, -3327.39685886821, 12875.807702271435, -2561.2656425416644, 4656.513265061978, -1760.962280233358], [-3327.39685886821, 2468.878218705402, -6094.231357834484, 1909.8245162659844, -2187.3259176343086, 1318.5852358297543], [12875.807702271435, -6094.231357834484, 23811.937820958025, -4700.922318957915, 8640.840841413456, -3238.497280772939], [-2561.2656425416644, 1909.8245162659844, -4700.922318957915, 1479.3703495516716, -1690.6072706405157, 1022.6600611071888], [4656.513265061978, -2187.3259176343086, 8640.840841413456, -1690.6072706405157, 3145.9526551874224, -1166.8685306637944], [-1760.962280233358, 1318.5852358297543, -3238.497280772939, 1022.6600611071888, -1166.8685306637944, 707.748743463791]], "53": [[1113202.508261511, -1205914.3083734207, 2076391.678730978, -945437.0601338369, 757391.0522482209, -660667.4753193215], [-1205914.3083734207, 1309759.027013748, -2249378.965037945, 1026877.1009040405, -820498.4106396511, 717592.7907294554], [2076391.678730978, -2249378.965037945, 3873058.5717613017, -1763525.0499460048, 1412778.7644254975, -1232351.260335432], [-945437.0601338369, 1026877.1009040405, -1763525.0499460048, 805094.3280798746, -643278.9255549718, 562610.01863449], [757391.0522482209, -820498.4106396511, 1412778.7644254975, -643278.9255549718, 515350.9361085472, -449525.73411805194], [-660667.4753193215, 717592.7907294554, -1232351.260335432, 562610.01863449, -449525.73411805194, 393159.828281649]], "54": [[4584.920671734307, -1080.5835315296774, 8397.200252817684, -799.730014532539, 3023.3597175373106, -529.9935825588925], [-1080.5835315296774, 388.915329651795, -1903.0373792204214, 279.082297358232, -658.4421962012657, 179.00125172973466], [8397.200252817684, -1903.0373792204214, 15460.506504756084, -1414.9641471634452, 5595.471672276533, -942.2564614970578], [-799.730014532539