[{"0": [[4557.572136968096, -1079.6188084699077, 8344.586766929979, -798.9513285666741, 3003.566910480705, -529.4333742191474], [-1079.6188084699077, 388.8813368758404, -1901.181839592344, 279.05486045409725, -657.7442815999154, 178.98151325204066], [8344.586766929979, -1901.181839592344, 15359.29234172597, -1413.4664372155883, 5557.3969988853305, -941.1789715435576], [-798.9513285666741, 279.05486045409725, -1413.4664372155883, 200.80609134174793, -491.3769451040841, 129.18219744406295], [3003.566910480705, -657.7442815999154, 5557.3969988853305, -491.3769451040841, 2021.1422613606462, -328.83027866072337], [-529.4333742191474, 178.98151325204066, -941.1789715435576, 129.18219744406295, -328.83027866072337, 83.37442068271025]], "1": [[4619.340228313754, -1081.5109625406633, 8585.026191087818, -732.8322310764243, 3158.473692192993, -417.4972271408035], [-1081.5109625406633, 388.93927177679814, -1908.5449319189836, 277.0305030717215, -662.4875321671304, 175.5543807342519], [8585.026191087818, -1908.5449319189836, 16295.034482318611, -1156.181036588879, 6160.218343676691, -505.6081671483847], [-732.8322310764243, 277.0305030717215, -1156.181036588879, 271.54061821335364, -325.63766468651534, 248.93210750131016], [3158.473692192993, -662.4875321671304, 6160.218343676691, -325.63766468651534, 2409.479978410303, -48.242253713468926], [-417.4972271408035, 175.5543807342519, -505.6081671483847, 248.93210750131016, -48.242253713468926, 286.1048492440026]], "2": [[4557.5892368377745, -1079.6188621634928, 8344.616844251283, -798.9513656784206, 3003.577181044127, -529.4333967682395], [-1079.6188621634928, 388.8813370443523, -1901.1819338536093, 279.05486057032124, -657.7443137354362, 178.98151332253195], [8344.616844251283, -1901.1819338536093, 15359.344862146936, -1413.466501844263, 5557.414823222952, -941.1790105451477], [-798.9513656784206, 279.05486057032124, -1413.466501844263, 200.80609142119573, -491.37696698711534, 129.18219749188432], [3003.577181044127, -657.7443137354362, 5557.414823222952, -491.37696698711534, 2021.1482788127837, -328.83029178923], [-529.4333967682395, 178.98151332253195, -941.1790105451477, 129.18219749188432, -328.83029178923, 83.37442071130671]], "3": [[4558.88030964553, -1079.6401945492723, 8346.727411886637, -798.9659351759326, 3004.2518860151813, -529.4422655909251], [-1079.6401945492723, 388.8816802034164, -1901.2168071548099, 279.05509484028977, -657.7554621417657, 178.98165586744224], [8346.727411886637, -1901.2168071548099, 15362.795090277743, -1413.4903194600363, 5558.5177900362505, -941.1935089346784], [-798.9659351759326, 279.05509484028977, -1413.4903194600363, 200.8062513529912, -491.38458107863755, 129.1822948040011], [3004.2518860151813, -657.7554621417657, 5558.5177900362505, -491.38458107863755, 2021.5008745655239, -328.83492668158465], [-529.4422655909251, 178.98165586744224, -941.1935089346784, 129.1822948040011, -328.83492668158465, 83.3744799214345]], "4": [[4557.612177383993, -1079.6189350306333, 8344.658784734143, -798.9514182918763, 3003.592058484868, -529.4334301721966], [-1079.6189350306333, 388.8813372756589, -1901.1820667769284, 279.0548607369332, -657.7443607998537, 178.9815134281], [8344.658784734143, -1901.1820667769284, 15359.420940684342, -1413.4665970036103, 5557.441633238171, -941.1790705284553], [-798.9514182918763, 279.0548607369332, -1413.4665970036103, 200.8060915400897, -491.377000437743, 129.18219756662418], [3003.592058484868, -657.7443607998537, 5557.441633238171, -491.377000437743, 2021.1576737704468, -328.8303127451435], [-529.4334301721966, 178.9815134281, -941.1790705284553, 129.18219756662418, -328.8303127451435, 83.37442075797232]], "5": [[4559.469018060642, -1079.6498899972048, 8347.801454976881, -798.9733158895972, 3004.6321919801803, -529.4472365873805], [-1079.6498899972048, 388.88183978244166, -1901.23445809464, 279.05521607217827, -657.7617010117995, 178.98173737806266], [8347.801454976881, -1901.23445809464, 15364.739854866153, -1413.503658719734, 5559.202040899808, -941.2024379101157], [-798.9733158895972, 279.05521607217827, -1413.503658719734, 200.80634280515685, -491.38926693807207, 129.18235592544528], [3004.6321919801803, -657.7617010117995, 5559.202040899808, -491.38926693807207, 2021.7403180874485, -328.838046764811], [-529.4472365873805, 178.98173737806266, -941.2024379101157, 129.18235592544528, -328.838046764811, 83.3745205624012]], "6": [[4557.642194727094, -1079.6190315321412, 8344.715764230717, -798.9514909650592, 3003.613031958616, -529.4334782989752], [-1079.6190315321412, 388.88133758565976, -1901.1822494933033, 279.05486096975113, -657.7444279136865, 178.98151358193124], [8344.715764230717, -1901.1822494933033, 15359.528192410095, -1413.4667333588195, 5557.480834089059, -941.1791601456375], [-798.9514909650592, 279.05486096975113, -1413.4667333588195, 200.80609171323417, -491.37705014157905, 129.18219768008868], [3003.613031958616, -657.7444279136865, 5557.480834089059, -491.37705014157905, 2021.1719164322492, -328.83034520142604], [-529.4334782989752, 178.98151358193124, -941.1791601456375, 129.18219768008868, -328.83034520142604, 83.3744208318067]], "7": [[4560.245200408454, -1079.6628273543258, 8349.271611515212, -798.9835416555009, 3005.172330588384, -529.4543838763404], [-1079.6628273543258, 388.88205526310264, -1901.2589028678044, 279.0553859911724, -657.7706638139621, 178.9818559104844], [8349.271611515212, -1901.2589028678044, 15367.501953105544, -1413.5228298950403, 5560.209958508209, -941.2157500171697], [-798.9835416555009, 279.0553859911724, -1413.5228298950403, 200.80647579401062, -491.39625012263946, 129.18244811015492], [3005.172330588384, -657.7706638139621, 5560.209958508209, -491.39625012263946, 2022.1059951371708, -328.8428687008848], [-529.4543838763404, 178.9818559104844, -941.2157500171697, 129.18244811015492, -328.8428687008848, 83.3745841175011]], "8": [[4557.680583083333, -1079.6191565139711, 8344.791349141206, -798.9515889882665, 3003.641872174098, -529.4335459010074], [-1079.6191565139711, 388.881337992184, -1901.182494860494, 279.0548612876026, -657.7445213108521, 178.98151380058025], [8344.791349141206, -1901.182494860494, 15359.675672169391, -1413.4669239520904, 5557.536684047078, -941.1792905417441], [-798.9515889882665, 279.0548612876026, -1413.4669239520904, 200.8060919592097, -491.3771221065677, 129.18219784784807], [3003.641872174098, -657.7445213108521, 5557.536684047078, -491.3771221065677, 2021.1929324984762, -328.83039410344134], [-529.4335459010074, 178.98151380058025, -941.1792905417441, 129.18219784784807, -328.83039410344134, 83.37442094539082]], "9": [[4561.245182419469, -1079.6797058717566, 8351.236034230735, -798.9973784347357, 3005.9204233050405, -529.4644092324999], [-1079.6797058717566, 388.8823398962018, -1901.2919673102217, 279.05561870725285, -657.7832262359291, 178.9820241493965], [8351.236034230735, -1901.2919673102217, 15371.327462967742, -1413.549710684898, 5561.656233820399, -941.2350910568861], [-798.9973784347357, 279.05561870725285, -1413.549710684898, 200.8066645510245, -491.4063920708386, 129.1825836581118], [3005.9204233050405, -657.7832262359291, 5561.656233820399, -491.4063920708386, 2022.6494202233037, -328.85012285991894], [-529.4644092324999, 178.9820241493965, -941.2350910568861, 129.1825836581118, -328.85012285991894, 83.3746809017804]], "10": [[4557.728651636407, -1079.619315099705, 8344.889432696982, -798.9517183524866, 3003.6806301873994, -529.4336386772193], [-1079.619315099705, 388.88133851478284, -1901.1828173735528, 279.0548617124141, -657.7446484034979, 178.98151410437004], [8344.889432696982, -1901.1828173735528, 15359.873868415218, -1413.4671843550832, 5557.614373527693, -941.1794757257974], [-798.9517183524866, 279.0548617124141, -1413.4671843550832, 200.80609230082234, -491.3772238528134, 129.18219808996358], [3003.6806301873994, -657.7446484034979, 5557.614373527693, -491.3772238528134, 2021.2231801750704, -328.8304659451144], [-529.4336386772193, 178.98151410437004, -941.1794757257974, 129.18219808996358, -328.8304659451144, 83.37442111569642]], "11": [[4562.5063397028725, -1079.701275165001, 8353.803224973288, -799.0156997057499, 3006.932800838178, -529.4781558295615], [-1079.701275165001, 388.8827083851428, -1901.3357327335812, 279.05593075674267, -657.8004396451704, 178.98225769433625], [8353.803224973288, -1901.3357327335812, 15376.504441898562, -1413.5865563043467, 5563.681988873017, -941.2625327349942], [-799.0156997057499, 279.05593075674267, -1413.5865563043467, 200.8069265779329, -491.4207767699887, 129.18277838183758], [3006.932800838178, -657.8004396451704, 5563.681988873017, -491.4207767699887, 2023.4369316063185, -328.86076934109826], [-529.4781558295615, 178.98225769433625, -941.2625327349942, 129.18277838183758, -328.86076934109826, 83.374824743419]], "12": [[4557.787675321559, -1079.6195125584036, 8345.01414458793, -798.9518856832009, 3003.731621849681, -529.4337633074783], [-1079.6195125584036, 388.881339174438, -1901.1832329907113, 279.05486226920675, -657.7448178089218, 178.98151451774214], [8345.01414458793, -1901.1832329907113, 15360.134623678881, -1413.4675327438265, 5557.720076098558, -941.1797329103048], [-798.9518856832009, 279.05486226920675, -1413.4675327438265, 200.80609276549487, -491.37736458356017, 129.1821984317367], [3003.731621849681, -657.7448178089218, 5557.720076098558, -491.37736458356017, 2021.2657219874864, -328.8305690583519], [-529.4337633074783, 178.98151451774214, -941.1797329103048, 129.1821984317367, -328.8305690583519, 83.37442136511102]], "13": [[4564.065788620392, -1079.7283176556768, 8357.089819752808, -799.0394784641721, 3008.273754305259, -529.496614179569], [-1079.7283176556768, 388.8831767007304, -1901.3925166934303, 279.05634113021796, -657.8235382791074, 178.98257534331066], [8357.089819752808, -1901.3925166934303, 15383.361654362652, -1413.6360151385134, 5566.4566683091425, -941.3006249104758], [-799.0394784641721, 279.05634113021796, -1413.6360151385134, 200.80728296493427, -491.44073795886294, 129.18305219002457], [3008.273754305259, -657.8235382791074, 5566.4566683091425, -491.44073795886294, 2024.5518950783423, -328.87604167212237], [-529.496614179569, 178.98257534331066, -941.3006249104758, 129.18305219002457, -328.87604167212237, 83.37503378414875]], "14": [[4557.85884164797, -1079.6197541524214, 8345.169735690579, -798.9520981373179, 3003.797396483693, -529.4339274512919], [-1079.6197541524214, 388.88133999319365, -1901.1837588737853, 279.05486298598356, -657.7450393315679, 178.98151506952732], [8345.169735690579, -1901.1837588737853, 15360.470974391606, -1413.4679898776346, 5557.860962846136, -941.1800827918595], [-798.9520981373179, 279.05486298598356, -1413.4679898776346, 200.80609338557062, -491.3775553240453, 129.18219890444857], [3003.797396483693, -657.7450393315679, 5557.860962846136, -491.3775553240453, 2021.3242858502194, -328.8307139026316], [-529.4339274512919, 178.98151506952732, -941.1800827918595, 129.18219890444857, -328.8307139026316, 83.37442172255687]], "15": [[4565.958925738198, -1079.7616275394398, 8361.2176202088, -799.0697737718806, 3010.0148443693865, -529.5209229981178], [-1079.7616275394398, 388.88376183128855, -1901.4648407914872, 279.0568712196556, -657.853940108816, 178.98299932032495], [8361.2176202088, -1901.4648407914872, 15392.265038984262, -1413.7011308255744, 5570.178968928936, -941.3524398488302], [-799.0697737718806, 279.0568712196556, -1413.7011308255744, 200.80775864596112, -491.46788213296435, 129.183429666104], [3010.0148443693865, -657.853940108816, 5570.178968928936, -491.46788213296435, 2026.0966631905853, -328.8974909508841], [-529.5209229981178, 178.98299932032495, -941.3524398488302, 129.183429666104, -328.8974909508841, 83.3753313520029]], "16": [[4557.943195898429, -1079.6200449706778, 8345.360441062561, -798.95236326544, 3003.880689082391, -529.4341397073921], [-1079.6200449706778, 388.8813409937227, -1901.1844130461884, 279.0548638935091, -657.745323894577, 178.98151579312295], [8345.360441062561, -1901.1844130461884, 15360.89690644332, -1413.4685789716086, 5558.045172282854, -941.1805497515163], [-798.95236326544, 279.0548638935091, -1413.4685789716086, 200.80609419851163, -491.3778090164811, 129.1821995460641], [3003.880689082391, -657.745323894577, 5558.045172282854, -491.3778090164811, 2021.403309377078, -328.8309133416033], [-529.4341397073921, 178.98151579312295, -941.1805497515163, 129.1821995460641, -328.8309133416033, 83.37442222468555]], "17": [[4568.217876846145, -1079.8019869628956, 8366.309934658459, -799.1077118458276, 3012.2337339580913, -529.5523641592202], [-1079.8019869628956, 388.88448147385947, -1901.555385500207, 279.05754467870634, -657.8932403466199, 178.9835554298817], [8366.309934658459, -1901.555385500207, 15403.61173943981, -1413.7853285460735, 5575.076558474071, -941.421604723964], [-799.1077118458276, 279.05754467870634, -1413.7853285460735, 200.80838257201623, -491.50410539349366, 129.18394061771426], [3012.2337339580913, -657.8932403466199, 5575.076558474071, -491.50410539349366, 2028.1941146895467, -328.927028299727], [-529.5523641592202, 178.9835554298817, -941.421604723964, 129.18394061771426, -328.927028299727, 83.37574688732673]], "18": [[4558.041587210752, -1079.620389753751, 8345.59032580349, -798.9526888411217, 3003.9843561997263, -529.4344095290986], [-1079.620389753751, 388.8813421988416, -1901.18521397604, 279.05486502497655, -657.7456834174474, 178.98151672655376], [8345.59032580349, -1901.18521397604, 15361.427027348422, -1413.4693254522022, 5558.281729494007, -941.1811619484207], [-798.9526888411217, 279.05486502497655, -1413.4693254522022, 200.8060952469671, -491.37814055844103, 129.18220040186372], [3003.9843561997263, -657.7456834174474, 5558.281729494007, -491.37814055844103, 2021.5079613350474, -328.83118288948384], [-529.4344095290986, 178.98151672655376, -941.1811619484207, 129.18220040186372, -328.83118288948384, 83.37442291711251]], "19": [[4570.869923977032, -1079.8501402536172, 8372.487335653816, -799.1544619518385, 3015.012533834087, -529.592351116923], [-1079.8501402536172, 388.8853536750273, -1901.6669326513277, 279.05838719354165, -657.9431968348647, 178.98427312323795], [8372.487335653816, -1901.6669326513277, 15417.821644229361, -1413.8923838675876, 5581.4043685737515, -941.5123186736209], [-799.1544619518385, 279.05838719354165, -1413.8923838675876, 200.8091877855078, -491.5516022146454, 129.18462057124108], [3015.012533834087, -657.9431968348647, 5581.4043685737515, -491.5516022146454, 2030.9885902727126, -328.9669631883193], [-529.592351116923, 178.98427312323795, -941.5123186736209, 129.18462057124108, -328.9669631883193, 83.37631689739727]], "20": [[4558.154618019117, -1079.620792717511, 8345.863119474323, -798.9530826631077, 3004.111296576332, -529.4347470961004], [-1079.620792717511, 388.88134363099016, -1901.1861800955262, 279.0548664155734, -657.7461306385851, 178.98151791241068], [8345.863119474323, -1901.1861800955262, 15362.07616035061, -1413.470256595396, 5558.580410176638, -941.1819512901944], [-798.9530826631077, 279.0548664155734, -1413.470256595396, 200.80609657870434, -491.37856677521296, 129.18220152497912], [3004.111296576332, -657.7461306385851, 5558.580410176638, -491.37856677521296, 2021.6441343961214, -328.83154091185577], [-529.4347470961004, 178.98151791241068, -941.1819512901944, 129.18220152497912, -328.83154091185577, 83.37442385566457]], "21": [[4573.935982637158, -1079.9067671676405, 8379.862980732658, -799.2112076417641, 3018.43567669655, -529.64241043668], [-1079.9067671676405, 388.88639643230186, -1901.8022968791508, 279.05942616554995, -658.0057068845888, 178.98518546384287], [8379.862980732658, -1901.8022968791508, 15435.32651550217, -1414.0263732047767, 5589.441298721308, -941.6293509983934], [-799.2112076417641, 279.05942616554995, -1414.0263732047767, 200.8102113814727, -491.61286435429975, 129.18551118501372], [3018.43567669655, -658.0057068845888, 5589.441298721308, -491.61286435429975, 2034.6460432292502, -329.02003496750893], [-529.64241043668, 178.98518546384287, -941.6293509983934, 129.18551118501372, -329.02003496750893, 83.37708591003668]], "22": [[4558.282599224354, -1079.621257382197, 8346.182045682233, -798.9535523341971, 3004.264358457498, -529.4351631394679], [-1079.621257382197, 388.8813453116932, -1901.187329271218, 279.05486810194714, -657.7466788840774, 178.9815193976465], [8346.182045682233, -1901.187329271218, 15362.858870476288, -1413.4714010446555, 5558.951547737562, -941.1829532554195], [-798.9535523341971, 279.05486810194714, -1413.4714010446555, 200.80609824638023, -491.37910631562386, 129.18220297678883], [3004.264358457498, -657.7466788840774, 5558.951547737562, -491.37910631562386, 2021.818404040728, -328.8320087604613], [-529.4351631394679, 178.9815193976465, -941.1829532554195, 129.18220297678883, -328.8320087604613, 83.37442510758534]], "23": [[4577.429201333562, -1079.97245619145, 8388.537676156664, -799.2791141185345, 3022.5873630781266, -529.7041563688], [-1079.97245619145, 388.8876272688878, -1901.964247916025, 279.0606903108779, -658.0827755120976, 178.98632898253712], [8388.537676156664, -1901.964247916025, 15456.556928180826, -1414.1916057486176, 5599.485236448526, -941.7780175698799], [-799.2791141185345, 279.0606903108779, -1414.1916057486176, 200.8114943451218, -491.69066839185615, 129.18666055508967], [3022.5873630781266, -658.0827755120976, 5599.485236448526, -491.69066839185615, 2039.3532383527638, -329.08943485436083], [-529.7041563688, 178.98632898253712, -941.7780175698799, 129.18666055508967, -329.08943485436083, 83.37810739219366]], "24": [[4558.425513172749, -1079.6217864134678, 8346.549653860247, -798.9541050263565, 3004.4462363391513, -529.4356687262148], [-1079.6217864134678, 388.88134726102226, -1901.1886782423471, 279.05487012159307, -657.7473417863495, 178.98152123323797], [8346.549653860247, -1901.1886782423471, 15363.788936526118, -1413.4727882210434, 5559.405784276835, -941.1842065636496], [-798.9541050263565, 279.05487012159307, -1413.4727882210434, 200.8061003071622, -491.3797794673209, 129.18220482716126], [3004.4462363391513, -657.7473417863495, 5559.405784276835, -491.3797794673209, 2022.0379494765739, -328.8326108282692], [-529.4356687262148, 178.98152123323797, -941.1842065636496, 129.18220482716126, -328.8326108282692, 83.37442675267104]], "25": [[4581.353751867895, -1080.0476789626496, 8398.594888295685, -799.3592928156316, 3027.5486494840375, -529.779258850159], [-1080.0476789626496, 388.8890627960408, -1902.1554261742003, 279.0622091869349, -658.1764754293504, 178.9877434194004], [8398.594888295685, -1902.1554261742003, 15481.92737962454, -1414.3925377627486, 5611.846380333602, -941.964133509437], [-799.3592928156316, 279.0622091869349, -1414.3925377627486, 200.81308126220654, -491.78805082561223, 129.18812339272708], [3027.5486494840375, -658.1764754293504, 5611.846380333602, -491.78805082561223, 2045.315860015944, -329.1788157842233], [-529.779258850159, 178.9877434194004, -941.964133509437, 129.18812339272708, -329.1788157842233, 83.3794446001517]], "26": [[4558.534252690975, -1079.6221959715267, 8346.836902362624, -798.9545448225438, 3004.5920118361255, -529.4360818901658], [-1079.6221959715267, 388.88134879517054, -1901.1897495382382, 279.0548717538253, -657.7478813400504, 178.98152275568395], [8346.836902362624, -1901.1897495382382, 15364.53438638014, -1413.4739194881668, 5559.778906316273, -941.1852555409515], [-798.9545448225438, 279.0548717538253, -1413.4739194881668, 200.8061020162077, -491.38034172424244, 129.1822064012164], [3004.5920118361255, -657.7478813400504, 5559.778906316273, -491.38034172424244, 2022.2226591083213, -328.8331266875218], [-529.4360818901658, 178.98152275568395, -941.1852555409515, 129.1822064012164, -328.8331266875218, 83.37442818758525]], "27": [[4584.354913818085, -1080.106191182676, 8406.491387316486, -799.4232710932188, 3031.5436362126993, -529.8406818527163], [-1080.106191182676, 388.8901976964998, -1902.3079499573894, 279.063439960307, -658.2530825005542, 178.98891741847123], [8406.491387316486, -1902.3079499573894, 15502.356479757007, -1414.5568432952093, 5622.046299755163, -942.1200248927465], [-799.4232710932188, 279.063439960307, -1414.5568432952093, 200.8143984209488, -491.8696049905269, 129.18936648021094], [3031.5436362126993, -658.2530825005542, 5622.046299755163, -491.8696049905269, 2050.3547835298955, -329.25545402453145], [-529.8406818527163, 178.98891741847123, -942.1200248927465, 129.18936648021094, -329.25545402453145, 83.38060757075634]]}]