[{"model_name": "quadTdep", "0": [[100491738168.35695, -4754412410.25124, 164348982995.68375, -3263579707.751191, 52561746346.90153, -1996742817.5823865], [-4754412410.25124, 224938266.3565942, -7775592885.633779, 154404771.44878578, -2486773775.546809, 94468848.93252854], [164348982995.68375, -7775592885.633779, 268784167773.71155, -5337413957.31128, 85961987662.28986, -3265568467.1691136], [-3263579707.751191, 154404771.44878578, -5337413957.31128, 105988339.96682869, -1707000514.7520459, 64846418.818455204], [52561746346.90153, -2486773775.546809, 85961987662.28986, -1707000514.7520459, 27492182236.986652, -1044387244.2720915], [-1996742817.5823865, 94468848.93252854, -3265568467.1691136, 64846418.818455204, -1044387244.2720915, 39674723.03929436]], "1": [[503208550566.5991, -64845369059.41496, 822924441985.4166, -44555027776.81091, 263170990625.9246, -27286367274.66974], [-64845369059.41496, 8356221061.261984, -106045175680.08801, 5741530457.673349, -33913215492.174603, 3516225140.102274], [822924441985.4166, -106045175680.08801, 1345773310995.0044, -72863271757.987, 430377902688.13306, -44622887544.40567], [-44555027776.81091, 5741530457.673349, -72863271757.987, 3944985628.6368074, -23301652533.897163, 2415986076.7116914], [263170990625.9246, -33913215492.174603, 430377902688.13306, -23301652533.897163, 137634724666.43655, -14270386101.690952], [-27286367274.66974, 3516225140.102274, -44622887544.40567, 2415986076.7116914, -14270386101.690952, 1479596954.8010051]], "2": [[1027889022820.9419, -235352343872.24976, 1680931742512.5095, -161736203489.20822, 537551444382.67773, -99066597775.53998], [-235352343872.24976, 53887846388.462456, -384877371687.332, 37032202635.76568, -123081373162.41699, 22682950657.39242], [1680931742512.5095, -384877371687.332, 2748868272988.9883, -264491119491.0502, 879070858852.5276, -162005999798.1249], [-161736203489.20822, 37032202635.76568, -264491119491.0502, 25448855798.95855, -84582603631.6566, 15587923463.600817], [537551444382.67773, -123081373162.41699, 879070858852.5276, -84582603631.6566, 281121355460.02435, -51808504169.22491], [-99066597775.53998, 22682950657.39242, -162005999798.1249, 15587923463.600817, -51808504169.22491, 9547908944.378574]], "3": [[1502414676392.3142, -536150152115.3963, 2456914858315.2925, -368468669298.6313, 785699543099.4979, -225707501377.99634], [-536150152115.3963, 191329990401.5988, -876772102748.2502, 131491349358.08688, -280383928730.8683, 80545746190.38101], [2456914858315.2925, -876772102748.2502, 4017819258465.6333, -602560772767.0239, 1284862902330.0508, -369101901414.0771], [-368468669298.6313, 131491349358.08688, -602560772767.0239, 90367301643.19276, -192693581647.90598, 55354985537.79619], [785699543099.4979, -280383928730.8683, 1284862902330.0508, -192693581647.90598, 410887740732.88055, -118035508766.89786], [-225707501377.99634, 80545746190.38101, -369101901414.0771, 55354985537.79619, -118035508766.89786, 33907999554.84169]], "4": [[1749613319274.895, -906638006213.5709, 2861154980634.405, -623102097676.0475, 914969872375.4191, -381694412924.62585], [-906638006213.5709, 469813795571.45996, -1482631515508.5059, 322887370186.82086, -474131313300.54706, 197791510675.20557], [2861154980634.405, -1482631515508.5059, 4678866886199.593, -1018963247804.0485, 1496256674910.4878, -624187561096.1969], [-623102097676.0475, 322887370186.82086, -1018963247804.0485, 221909732768.38022, -325854656287.0177, 135935516004.83319], [914969872375.4191, -474131313300.54706, 1496256674910.4878, -325854656287.0177, 478488508364.6054, -199609184745.34305], [-381694412924.62585, 197791510675.20557, -624187561096.1969, 135935516004.83319, -199609184745.34305, 83270185047.66208]], "5": [[1554509248742.5557, -1270500461717.2998, 2542113730898.424, -873184191278.6765, 812947961858.6141, -534894582704.3758], [-1270500461717.2998, 1038380070449.6143, -2077669638477.152, 713653469145.4458, -664422396797.5625, 437169360584.83276], [2542113730898.424, -2077669638477.152, 4157159068721.977, -1427932013944.9182, 1329426748678.6272, -874721629592.0336], [-873184191278.6765, 713653469145.4458, -1427932013944.9182, 490476742107.3523, -456641418635.086, 300455911726.3999], [812947961858.6141, -664422396797.5625, 1329426748678.6272, -456641418635.086, 425140210149.70795, -279729092104.4567], [-534894582704.3758, 437169360584.83276, -874721629592.0336, 300455911726.3999, -279729092104.4567, 184053079669.95038]], "6": [[84602720943.11777, -2720982002.1894894, 145695960542.51416, -1965208232.2529333, 49065563713.28001, -1265088363.9155648], [-2720982002.1894894, 87511878.73989293, -4685855041.168628, 63204778.41498836, -1578040449.5604706, 40687611.82879687], [145695960542.51416, -4685855041.168628, 250905794539.13696, -3384322606.5584254, 84496743781.7115, -2178632818.154412], [-1965208232.2529333, 63204778.41498836, -3384322606.5584254, 45649162.97090877, -1139727524.7719152, 29386313.342874896], [49065563713.28001, -1578040449.5604706, 84496743781.7115, -1139727524.7719152, 28455698772.62652, -733691222.110484], [-1265088363.9155648, 40687611.82879687, -2178632818.154412, 29386313.342874896, -733691222.110484, 18917223.35491567]], "7": [[463701435670.72705, -38927296375.57577, 798497192479.9617, -28158227715.413544, 268889875621.93658, -18154636781.848324], [-38927296375.57577, 3267909664.588463, -67033083091.001724, 2363856549.4267926, -22573050405.99341, 1524064564.4663737], [798497192479.9617, -67033083091.001724, 1375017882953.3257, -48488669748.124664, 463030291161.0258, -31262414531.520233], [-28158227715.413544, 2363856549.4267926, -48488669748.124664, 1709905829.6556776, -16328313362.195814, 1102438675.555257], [268889875621.93658, -22573050405.99341, 463030291161.0258, -16328313362.195814, 155923099757.92654, -10527459375.172256], [-18154636781.848324, 1524064564.4663737, -31262414531.520233, 1102438675.555257, -10527459375.172256, 710782437.4192395]], "8": [[1060076478754.0118, -150721853823.55988, 1825417783283.92, -109054140200.11385, 614686195876.1221, -70329795948.94745], [-150721853823.55988, 21429658779.63036, -259538210509.51642, 15505336178.588762, -87396187745.9026, 9999502334.885605], [1825417783283.92, -259538210509.51642, 3143311025489.131, -187787740650.5679, 1058469964742.7864, -121105658688.73375], [-109054140200.11385, 15505336178.588762, -187787740650.5679, 11218818390.126532, -63235130603.91593, 7235096317.462641], [614686195876.1221, -87396187745.9026, 1058469964742.7864, -63235130603.91593, 356426283360.9526, -40780788551.60978], [-70329795948.94745, 9999502334.885605, -121105658688.73375, 7235096317.462641, -40780788551.60978, 4665965425.470362]], "9": [[1769794403329.1287, -365694449335.1522, 3047493822125.1484, -264621830380.55362, 1026192780425.6853, -170672777873.30527], [-365694449335.1522, 75563822567.73926, -629706802687.3402, 54679082700.81707, -212043276350.94815, 35266292741.955284], [3047493822125.1484, -629706802687.3402, 5247625700714.685, -455665014968.5289, 1767050541449.3154, -293889637799.41846], [-264621830380.55362, 54679082700.81707, -455665014968.5289, 39566580718.20786, -153437603468.93454, 25519203130.042103], [1026192780425.6853, -212043276350.94815, 1767050541449.3154, -153437603468.93454, 595024834871.7144, -98962440009.59877], [-170672777873.30527, 35266292741.955284, -293889637799.41846, 25519203130.042103, -98962440009.59877, 16459085333.412848]], "10": [[2527936857869.198, -709019268415.2013, 4352945307468.1963, -513080725521.72394, 1465771602760.383, -330936489899.38], [-709019268415.2013, 198861107396.39316, -1220885754224.87, 143905540802.9406, -411110074295.50195, 92818911686.79417], [4352945307468.1963, -1220885754224.87, 7495492931647.352, -883492136901.9923, 2523964789782.7695, -569851432915.8296], [-513080725521.72394, 143905540802.9406, -883492136901.9923, 104137027822.67828, -297499185967.544, 67168265619.69939], [1465771602760.383, -411110074295.50195, 2523964789782.7695, -297499185967.544, 849897173962.5271, -191886639771.7631], [-330936489899.38, 92818911686.79417, -569851432915.8296, 67168265619.69939, -191886639771.7631, 43323455649.614655]], "11": [[3225284471549.4146, -1169491913714.1318, 5553710570343.665, -846322875032.6865, 1870098857337.378, -545891374086.10767], [-1169491913714.1318, 424059132863.3097, -2013781934715.8032, 306877662256.73175, -678100028321.3604, 197940849370.5074], [5553710570343.665, -2013781934715.8032, 9563094781630.15, -1457307824613.281, 3220177284576.953, -939986138049.0931], [-846322875032.6865, 306877662256.73175, -1457307824613.281, 222077281902.36276, -490718711945.67377, 143243289467.16296], [1870098857337.378, -678100028321.3604, 3220177284576.953, -490718711945.67377, 1084329077656.3632, -316521176322.2668], [-545891374086.10767, 197940849370.5074, -939986138049.0931, 143243289467.16296, -316521176322.2668, 92394142262.57753]], "12": [[3873053332834.5176, -1832854049984.762, 6669106654601.671, -1326399836953.1482, 2245680423184.3516, -855563668030.0544], [-1832854049984.762, 867365791239.1774, -3156036876135.9546, 627695284350.627, -1062728577401.9047, 404880387438.6783], [6669106654601.671, -3156036876135.9546, 11483700261339.168, -2283960797620.3325, 3866892853604.6465, -1473216313217.8696], [-1326399836953.1482, 627695284350.627, -2283960797620.3325, 454250529563.90796, -769075427365.8925, 293003842771.14435], [2245680423184.3516, -1062728577401.9047, 3866892853604.6465, -769075427365.8925, 1302094272836.3203, -496074392726.4118], [-855563668030.0544, 404880387438.6783, -1473216313217.8696, 293003842771.14435, -496074392726.4118, 188995380943.3681]], "13": [[60633701187.72091, -1113424021.266347, 113177654412.02773, -869828653.189858, 41311731611.43244, -605662490.7084775], [-1113424021.266347, 20445940.57180828, -2078295017.8613276, 15972769.233547522, -758612346.5211167, 11121853.89849483], [113177654412.02773, -2078295017.8613276, 211255147010.59354, -1623604773.9130538, 77111652297.2212, -1130517496.3921506], [-869828653.189858, 15972769.233547522, -1623604773.9130538, 12478240.17154512, -592642823.4565743, 8688610.100668868], [41311731611.43244, -758612346.5211167, 77111652297.2212, -592642823.4565743, 28147039275.257816, -412657742.69322324], [-605662490.7084775, 11121853.89849483, -1130517496.3921506, 8688610.100668868, -412657742.69322324, 6049887.199125553]], "14": [[377233965056.6644, -18085790475.051712, 704081149043.0182, -14172738543.607718, 256980842386.52948, -9899218385.082157], [-18085790475.051712, 867090048.6342424, -33755879158.741516, 679485951.692807, -12320475095.096296, 474599866.8292839], [704081149043.0182, -33755879158.741516, 1314118850255.8962, -26452437911.763012, 479636998652.4731, -18476207608.054256], [-14172738543.607718, 679485951.692807, -26452437911.763012, 532471984.05183786, -9654810084.010494, 371915169.2419045], [256980842386.52948, -12320475095.096296, 479636998652.4731, -9654810084.010494, 175061525395.1763, -6743585454.147829], [-9899218385.082157, 474599866.8292839, -18476207608.054256, 371915169.2419045, -6743585454.147829, 259771212.86209953]], "15": [[902535443978.9524, -69856501117.87782, 1684474885300.4329, -54769355591.510544, 614795837252.7908, -38273626752.133766], [-69856501117.87782, 5406913136.74975, -130378837189.214, 4239163764.290933, -47585373382.09818, 2962389641.129731], [1684474885300.4329, -130378837189.214, 3143871698488.196, -102220477426.63483, 1147443188351.647, -71433164717.72339], [-54769355591.510544, 4239163764.290933, -102220477426.63483, 3323617185.2540355, -37308198865.00079, 2322592300.7775526], [614795837252.7908, -47585373382.09818, 1147443188351.647, -37308198865.00079, 418791222023.3807, -26071515042.158978], [-38273626752.133766, 2962389641.129731, -71433164717.72339, 2322592300.7775526, -26071515042.158978, 1623061470.3657126]], "16": [[1664243136877.33, -182908767077.19705, 3106063559929.396, -143433010939.13333, 1133626545131.608, -100252442933.60132], [-182908767077.19705, 20102601796.798824, -341372149069.5692, 15764015850.63635, -124591310669.34273, 11018252277.65003], [3106063559929.396, -341372149069.5692, 5797008035991.3125, -267696491394.23474, 2115746205815.0479, -187106350562.5937], [-143433010939.13333, 15764015850.63635, -267696491394.23474, 12361792679.924965, -97701751051.73885, 8640269817.155916], [1133626545131.608, -124591310669.34273, 2115746205815.0479, -97701751051.73885, 772188339161.9779, -68288597985.18677], [-100252442933.60132, 11018252277.65003, -187106350562.5937, 8640269817.155916, -68288597985.18677, 6039112970.60425]], "17": [[2575280586291.0786, -367457257986.4718, 4806334440677.407, -288177988749.01843, 1754161298312.5537, -201440161192.39856], [-367457257986.4718, 52431116502.68734, -685798077280.9047, 41119050918.74977, -250294785032.43176, 28742751245.881237], [4806334440677.407, -685798077280.9047, 8970226731259.473, -537836459352.3173, 3273851364959.606, -375954678347.8922], [-288177988749.01843, 41119050918.74977, -537836459352.3173, 32247574746.421364, -196293435977.4426, 22541474049.360985], [1754161298312.5537, -250294785032.43176, 3273851364959.606, -196293435977.4426, 1194853048975.607, -137211664068.98413], [-201440161192.39856, 28742751245.881237, -375954678347.8922, 22541474049.360985, -137211664068.98413, 15756783457.782436]], "18": [[3566543328553.9707, -623251537942.2059, 6656320011238.072, -488808733613.8881, 2429332646108.1743, -341700679248.14264], [-623251537942.2059, 108912872707.14755, -1163188359671.9446, 85419064601.11794, -424524579790.82043, 59712010829.16512], [6656320011238.072, -1163188359671.9446, 12422839710732.521, -912274730878.2142, 4533918143313.279, -637723661149.3014], [-488808733613.8881, 85419064601.11794, -912274730878.2142, 66993151644.701065, -332949555039.4638, 46831416559.85702], [2429332646108.1743, -424524579790.82043, 4533918143313.279, -332949555039.4638, 1654727438244.7302, -232747660360.37784], [-341700679248.14264, 59712010829.16512, -637723661149.3014, 46831416559.85702, -232747660360.37784, 32737399617.119278]], "19": [[4807590597469.765, -1019710752615.7197, 8972467575191.307, -799775310085.5726, 3274631406777.352, -559101012821.7372], [-1019710752615.7197, 216285059619.5462, -1903099167540.1309, 169635801309.71396, -694563480114.4291, 118587742240.93037], [8972467575191.307, -1903099167540.1309, 16745430534419.723, -1492630849423.4265, 6111486309478.262, -1043457342528.2611], [-799775310085.5726, 169635801309.71396, -1492630849423.4265, 133048048425.57034, -544757149277.57697, 93010246366.23602], [3274631406777.352, -694563480114.4291, 6111486309478.262, -544757149277.57697, 2230475044172.074, -380824801743.864], [-559101012821.7372, 118587742240.93037, -1043457342528.2611, 93010246366.23602, -380824801743.864, 65020915612.65857]], "20": [[43213301937.08395, -493965360.1822938, 86879062123.80002, -414304344.1278612, 34156935106.748997, -309706423.2400723], [-493965360.1822938, 5646450.6557558505, -993102708.9011818, 4735856.446937782, -390443266.226072, 3540211.88034389], [86879062123.80002, -993102708.9011818, 174667778141.56647, -832946598.342575, 68671505163.34975, -622655580.0801609], [-414304344.1278612, 4735856.446937782, -832946598.342575, 3972112.3327517738, -327477095.3032732, 2969287.483272623], [34156935106.748997, -390443266.226072, 68671505163.34975, -327477095.3032732, 26998543587.002533, -244800136.2209337], [-309706423.2400723, 3540211.88034389, -622655580.0801609, 2969287.483272623, -244800136.2209337, 2219642.2003532597]], "21": [[279531779994.6761, -8278256887.617944, 561938352001.9731, -6981696690.922763, 220908415077.15988, -5248231283.7859955], [-8278256887.617944, 245158303.9992774, -16641649951.091822, 206761029.89073926, -6542142037.231303, 155424927.97649288], [561938352001.9731, -16641649951.091822, 1129655853286.906, -14035195328.235985, 444088721197.25116, -10550437015.040192], [-6981696690.922763, 206761029.89073926, -14035195328.235985, 174377627.77803022, -5517496259.532903, 131081907.70975621], [220908415077.15988, -6542142037.231303, 444088721197.25116, -5517496259.532903, 174579533864.923, -4147572969.63377], [-5248231283.7859955, 155424927.97649288, -10550437015.040192, 131081907.70975621, -4147572969.63377, 98535957.55242783]], "22": [[720545449753.0798, -34875826035.58233, 1448453969711.1523, -29440168962.21717, 569395618052.7513, -22150680030.359055], [-34875826035.58233, 1688059014.2939882, -70108039243.75052, 1424962452.4536078, -27559874991.141403, 1072136759.1362655], [1448453969711.1523, -70108039243.75052, 2911709321169.061, -59181179503.53242, 1144609744725.0137, -44527712211.31146], [-29440168962.21717, 1424962452.4536078, -59181179503.53242, 1202871448.0410757, -23264463341.71361, 905036265.1589181], [569395618052.7513, -27559874991.141403, 1144609744725.0137, -23264463341.71361, 449952698984.8831, -17504100748.25557], [-22150680030.359055, 1072136759.1362655, -44527712211.31146, 905036265.1589181, -17504100748.25557, 680946116.5502977]], "23": [[1362402815035.7043, -92243041368.70036, 2738678803535.6733, -77891919561.7837, 1076571238257.5474, -58624935048.77339], [-92243041368.70036, 6245420654.62833, -185425381819.62247, 5273761533.028542, -72890487432.19267, 3969268302.4878044], [2738678803535.6733, -185425381819.62247, 5505245222749.357, -156577002569.51706, 2164105063622.34, -117846840306.56795], [-77891919561.7837, 5273761533.028542, -156577002569.51706, 4453272604.886965, -61550225357.31413, 3351731716.008074], [1076571238257.5474, -72890487432.19267, 2164105063622.34, -61550225357.31413, 850707014292.9901, -46325446645.94827], [-58624935048.77339, 3969268302.4878044, -117846840306.56795, 3351731716.008074, -46325446645.94827, 2522662880.275118]], "24": [[2197783283663.55, -192113025627.58316, 4417895331531.192, -162250187956.83136, 1736649131479.1023, -122136324090.8439], [-192113025627.58316, 16793018169.772573, -386177857186.92426, 14182642460.121048, -151804284608.9093, 10676202214.537867], [4417895331531.192, -386177857186.92426, 8880675044461.3, -326148785115.7378, 3490942053977.217, -245513513558.01965], [-162250187956.83136, 14182642460.121048, -326148785115.7378, 11978034271.033756, -128207203181.49785, 9016649497.425854], [1736649131479.1023, -151804284608.9093, 3490942053977.217, -128207203181.49785, 1372269153326.0474, -96509943783.37666], [-122136324090.8439, 10676202214.537867, -245513513558.01965, 9016649497.425854, -96509943783.37666, 6787421568.498599]], "25": [[3215089558182.9126, -345214045934.14685, 6462790700718.176, -291579145762.2273, 2540464979655.9873, -219510716323.84888], [-345214045934.14685, 37066692965.64686, -693929697896.6371, 31307748912.440792, -272777531795.01285, 23569540175.07573], [6462790700718.176, -693929697896.6371, 12991135358884.172, -586115863229.7931, 5106698631219.536, -441247993405.0553], [-291579145762.2273, 31307748912.440792, -586115863229.7931, 26443555212.029755, -230396881704.78152, 19907609412.764328], [2540464979655.9873, -272777531795.01285, 5106698631219.536, -230396881704.78152, 2007397366717.8687, -173450623190.451], [-219510716323.84888, 23569540175.07573, -441247993405.0553, 19907609412.764328, -173450623190.451, 14987126706.43059]], "26": [[4360152105028.588, -552914215222.9663, 8764478651442.4375, -467035600724.48474, 3445217462314.148, -351619940997.8423], [-552914215222.9663, 70115473504.47864, -1111430225062.9773, 59225140874.775055, -436890655087.68463, 44589193003.00258], [8764478651442.4375, -1111430225062.9773, 17617753734553.855, -938802925543.0076, 6925339797940.618, -706802283971.4286], [-467035600724.48474, 59225140874.775055, -938802925543.0076, 50026294287.42147, -369032815456.7496, 37663601272.35938], [3445217462314.148, -436890655087.68463, 6925339797940.618, -369032815456.7496, 2722272773223.932, -277835986369.9512], [-351619940997.8423, 44589193003.00258, -706802283971.4286, 37663601272.35938, -277835986369.9512, 28356025186.537716]], "Total": [[45575355309926.85, -10796186966711.326, 83445290175042.88, -7989512603441.533, 30035490945132.06, -5294333373880.846], [-10796186966711.326, 3888813365343.9434, -19011816632190.887, 2790548602457.38, -6577442271879.425, 1789815131395.5442], [83445290175042.88, -19011816632190.887, 153592012364861.78, -14134663295880.395, 55573688924934.195, -9411789134390.35], [-7989512603441.533, 2790548602457.38, -14134663295880.395, 2008060912146.0166, -4913769119004.827, 1291821973754.2095], [30035490945132.06, -6577442271879.425, 55573688924934.195, -4913769119004.827, 20211335904074.926, -3288302607352.0684], [-5294333373880.846, 1789815131395.5442, -9411789134390.35, 1291821973754.2095, -3288302607352.0684, 833744206456.5271]]}]