[{"0": [[45.575721368295525, -10.79618808482483, 83.44586766488526, -7.989513286021003, 30.03566910241753, -5.294333742655514], [-10.79618808482483, 3.8888133689227624, -19.01181839608769, 2.7905486046556187, -6.577442816018446, 1.7898151325968106], [83.44586766488526, -19.01181839608769, 153.59292340504038, -14.134664372795998, 55.57396998271167, -9.411789716315374], [-7.989513286021003, 2.7905486046556187, -14.134664372795998, 2.0080609135031837, -4.913769451256006, 1.291821974502545], [30.03566910241753, -6.577442816018446, 55.57396998271167, -4.913769451256006, 20.211422610658452, -3.28830278692658], [-5.294333742655514, 1.7898151325968106, -9.411789716315374, 1.291821974502545, -3.28830278692658, 0.8337442068753178]], "1": [[46.1934022817521, -10.815109625532388, 85.85026190646366, -7.328322311118505, 31.58473691954041, -4.1749722718720745], [-10.815109625532388, 3.8893927179323398, -19.085449319354087, 2.7703050308318615, -6.624875321690596, 1.7555438074189231], [85.85026190646366, -19.085449319354087, 162.95034481096678, -11.561810366528906, 61.60218343062527, -5.056081672363646], [-7.328322311118505, 2.7703050308318615, -11.561810366528906, 2.715406182219241, -3.2563766470803195, 2.4893210750750163], [31.58473691954041, -6.624875321690596, 61.60218343062527, -3.2563766470803195, 24.094799781155025, -0.48242253745403607], [-4.1749722718720745, 1.7555438074189231, -5.056081672363646, 2.4893210750750163, -0.48242253745403607, 2.8610484924882407]], "2": [[45.61147342001826, -10.797387947172492, 83.50224424223417, -7.9903066425363845, 30.05305361594635, -5.294801299496747], [-10.797387947172492, 3.888853299871065, -19.013710439013995, 2.790575005528161, -6.578026256616981, 1.7898306906715535], [83.50224424223417, -19.013710439013995, 153.68182231611635, -14.135915403495105, 55.60138321692553, -9.412526998948938], [-7.9903066425363845, 2.790575005528161, -14.135915403495105, 2.0080783687790262, -4.914155225866823, 1.2918322609181652], [30.05305361594635, -6.578026256616981, 55.60138321692553, -4.914155225866823, 20.219875868402386, -3.288530139405217], [-5.294801299496747, 1.7898306906715535, -9.412526998948938, 1.2918322609181652, -3.288530139405217, 0.8337502686696451]], "3": [[45.71676106724296, -10.806619289634469, 83.66825694327244, -7.996420797325951, 30.104241987464164, -5.298410733974811], [-10.806619289634469, 3.889583018455595, -19.028266184103764, 2.7910582600676976, -6.5825144351386, 1.7901159419354755], [83.66825694327244, -19.028266184103764, 153.94358347789097, -14.145556046790112, 55.68209467749892, -9.418218263234538], [-7.996420797325951, 2.7910582600676976, -14.145556046790112, 2.0083984029979267, -4.917127861655227, 1.2920211678919122], [30.104241987464164, -6.5825144351386, 55.68209467749892, -4.917127861655227, 20.24476244749757, -3.290285007375905], [-5.298410733974811, 1.7901159419354755, -9.418218263234538, 1.2920211678919122, -3.290285007375905, 0.8338617749949115]], "4": [[45.8823412455533, -10.834331520427172, 83.92932858992627, -8.014781005689493, 30.184738520305917, -5.30925287369534], [-10.834331520427172, 3.893553019001064, -19.07196085135191, 2.793688329165211, -6.595987037421111, 1.7916689546406908], [83.92932858992627, -19.07196085135191, 154.35521731778505, -14.174505112826047, 55.80901423118634, -9.43531337534643], [-8.014781005689493, 2.793688329165211, -14.174505112826047, 2.0101407864451017, -4.926053876652991, 1.2930500167333658], [30.184738520305917, -6.595987037421111, 55.80901423118634, -4.926053876652991, 20.283895705088472, -3.2955560315845354], [-5.30925287369534, 1.7916689546406908, -9.43531337534643, 1.2930500167333658, -3.2955560315845354, 0.834469293337823]], "5": [[46.0905796094528, -10.893498410191562, 84.25765478916215, -8.053984982641946, 30.285970199259104, -5.332406168585698], [-10.893498410191562, 3.9071927722850814, -19.165249561314038, 2.8027256296084406, -6.624750789643063, 1.7970060162061465], [84.25765478916215, -19.165249561314038, 154.87288414436148, -14.236318205566285, 55.96862464932927, -9.471819283140196], [-8.053984982641946, 2.8027256296084406, -14.236318205566285, 2.0161286365737774, -4.945112736923336, 1.2965861971062203], [30.285970199259104, -6.624750789643063, 55.96862464932927, -4.945112736923336, 20.333107831981327, -3.306811915516712], [-5.332406168585698, 1.7970060162061465, -9.471819283140196, 1.2965861971062203, -3.306811915516712, 0.8365576173992579]], "6": [[46.30950948218599, -10.997733387710726, 84.60283505849428, -8.12305431213978, 30.392397489897807, -5.3731994179749085], [-10.997733387710726, 3.9441436506517085, -19.329595972887645, 2.8272096396134265, -6.675423376887081, 1.8114661271247923], [84.60283505849428, -19.329595972887645, 155.41711968775817, -14.345219236076199, 56.13642541738729, -9.536137656204035], [-8.12305431213978, 2.8272096396134265, -14.345219236076199, 2.0323519787510325, -4.978689965191158, 1.3061676066202004], [30.392397489897807, -6.675423376887081, 56.13642541738729, -4.978689965191158, 20.384844801539387, -3.3266430657526556], [-5.3731994179749085, 1.8114661271247923, -9.536137656204035, 1.3061676066202004, -3.3266430657526556, 0.8422163409162045]], "7": [[46.484618767398956, -11.153956384767772, 84.87892352660147, -8.226575057190942, 30.47752177212938, -5.434341625062949], [-11.153956384767772, 4.02958549833688, -19.57591075303715, 2.8838259636472965, -6.751368883593697, 1.8449044126664587], [84.87892352660147, -19.57591075303715, 155.85241837615206, -14.508439056808, 56.27063779010612, -9.632539783924898], [-8.226575057190942, 2.8838259636472965, -14.508439056808, 2.0698676485107077, -5.029015049175652, 1.3283248147556366], [30.47752177212938, -6.751368883593697, 56.27063779010612, -5.029015049175652, 20.42622549360424, -3.3563664483361064], [-5.434341625062949, 1.8449044126664587, -9.632539783924898, 1.3283248147556366, -3.3563664483361064, 0.8553026559048336]], "8": [[46.53034097253387, -11.34018390008458, 84.95101301241354, -8.349979953851163, 30.49974887139327, -5.507228987707216], [-11.34018390008458, 4.198695151738993, -19.86953485696958, 2.995884808506445, -6.84190162343075, 1.9110887433571506], [84.95101301241354, -19.86953485696958, 155.9660807410571, -14.703011014356443, 56.30568290991366, -9.747460967887378], [-8.349979953851163, 2.995884808506445, -14.703011014356443, 2.144122337397749, -5.089007168954993, 1.37218120901794], [30.49974887139327, -6.84190162343075, 56.30568290991366, -5.089007168954993, 20.437030832937715, -3.3917999482128565], [-5.507228987707216, 1.9110887433571506, -9.747460967887378, 1.37218120901794, -3.3917999482128565, 0.8812051725672456]], "9": [[46.33933463966418, -11.450578322819405, 84.64986376702844, -8.423134344550954, 30.40689887359944, -5.550437067062666], [-11.450578322819405, 4.44933644426103, -20.043601809017314, 3.1619700630180367, -6.895574097715063, 2.009182378624264], [84.64986376702844, -20.043601809017314, 155.49127518611704, -14.818358886780889, 56.159291393595524, -9.815590303208847], [-8.423134344550954, 3.1619700630180367, -14.818358886780889, 2.254177274802949, -5.124573976036939, 1.437182096172973], [30.40689887359944, -6.895574097715063, 56.159291393595524, -5.124573976036939, 20.391895564829703, -3.41280720972306], [-5.550437067062666, 2.009182378624264, -9.815590303208847, 1.437182096172973, -3.41280720972306, 0.9195961382936453]], "10": [[45.88939945807063, -11.235496070059126, 83.9404665150577, -8.280608519128492, 30.188175520383066, -5.466256111238439], [-11.235496070059126, 4.503352717580536, -19.704507377061375, 3.1977559513098255, -6.791029199022338, 2.0303138749811356], [83.9404665150577, -19.704507377061375, 154.37279305640655, -14.593655484239491, 55.814437842535014, -9.682872269621992], [-8.280608519128492, 3.1977559513098255, -14.593655484239491, 2.2778854959738823, -5.055296534878218, 1.4511817534444227], [30.188175520383066, -6.791029199022338, 55.814437842535014, -5.055296534878218, 20.285569349781234, -3.3718894234383914], [-5.466256111238439, 2.0303138749811356, -9.682872269621992, 1.4511817534444227, -3.3718894234383914, 0.9278629076659648]], "11": [[45.575892366992306, -10.796188621760683, 83.44616843809828, -7.989513657138469, 30.03577180805175, -5.294333968146435], [-10.796188621760683, 3.888813370607881, -19.011819338700345, 2.7905486058178584, -6.577443137373654, 1.7898151333017236], [83.44616843809828, -19.011819338700345, 153.59344860925003, -14.134665019082744, 55.574148226087885, -9.411790106331274], [-7.989513657138469, 2.7905486058178584, -14.134665019082744, 2.0080609142976615, -4.913769670086319, 1.2918219749807587], [30.03577180805175, -6.577443137373654, 55.574148226087885, -4.913769670086319, 20.21148278517983, -3.2883029182116466], [-5.294333968146435, 1.7898151333017236, -9.411790106331274, 1.2918219749807587, -3.2883029182116466, 0.8337442071612823]], "12": [[45.58880309506986, -10.796401945618479, 83.46727411445184, -7.989659352113589, 30.042518857762293, -5.294422656373291], [-10.796401945618479, 3.888816802198522, -19.01216807171235, 2.7905509485175437, -6.577554621436949, 1.7898165587508263], [83.46727411445184, -19.01216807171235, 153.6279508905581, -14.134903195240478, 55.58517789422086, -9.411935090226583], [-7.989659352113589, 2.7905509485175437, -14.134903195240478, 2.0080625136156165, -4.913845811001542, 1.2918229481019263], [30.042518857762293, -6.577554621436949, 55.58517789422086, -4.913845811001542, 20.21500874270723, -3.2883492671351933], [-5.294422656373291, 1.7898165587508263, -9.411935090226583, 1.2918229481019263, -3.2883492671351933, 0.8337447992625602]], "13": [[45.629302586595145, -10.797996803865994, 83.53347390709894, -7.990753239223683, 30.063679546005783, -5.2950913899331455], [-10.797996803865994, 3.8888740823820607, -19.014775042813834, 2.7905902237254514, -6.5783879503429254, 1.7898405615720316], [83.53347390709894, -19.014775042813834, 153.73615996598764, -14.136691274049237, 55.619766801705644, -9.413028208848784], [-7.990753239223683, 2.7905902237254514, -14.136691274049237, 2.0080894433517416, -4.914417377688868, 1.2918394060393548], [30.063679546005783, -6.5783879503429254, 55.619766801705644, -4.914417377688868, 20.226065047482386, -3.2886986869817285], [-5.2950913899331455, 1.7898405615720316, -9.413028208848784, 1.2918394060393548, -3.2886986869817285, 0.8337548574152753]], "14": [[45.791299726120336, -10.812261634847182, 83.7982583119997, -8.000547663816048, 30.148313291814425, -5.30108546819009], [-10.812261634847182, 3.890009946343926, -19.038091197608086, 2.7913700404600057, -6.585840645080962, 1.7903177500075493], [83.7982583119997, -19.038091197608086, 154.16895020646595, -14.152700459365189, 55.758100700785015, -9.422825651247857], [-8.000547663816048, 2.7913700404600057, -14.152700459365189, 2.0086248191435825, -4.919534498142925, 1.2921670152007532], [30.148313291814425, -6.585840645080962, 55.758100700785015, -4.919534498142925, 20.270281080598604, -3.291830307518026], [-5.30108546819009, 1.7903177500075493, -9.422825651247857, 1.2921670152007532, -3.291830307518026, 0.8339553292177331]], "15": [[46.05639119751879, -10.85650279995621, 84.23153865596, -8.03093294615563, 30.286800073667358, -5.319686253303935], [-10.85650279995621, 3.896376210211196, -19.11040227537701, 2.79574219106461, -6.6089532671269495, 1.7929940627147591], [84.23153865596, -19.11040227537701, 154.877127860345, -14.202364443542141, 55.98445125080838, -9.45322816952334], [-8.03093294615563, 2.79574219106461, -14.202364443542141, 2.0116274751442167, -4.93540848226874, 1.294005022836695], [30.286800073667358, -6.6089532671269495, 55.98445125080838, -4.93540848226874, 20.3426281409231, -3.3015477939945925], [-5.319686253303935, 1.7929940627147591, -9.45322816952334, 1.294005022836695, -3.3015477939945925, 0.8350804237938072]], "16": [[46.407414476246224, -10.954807266476768, 84.80526264527543, -8.098455958336695, 30.470173417776593, -5.361025414361609], [-10.954807266476768, 3.9190520798141457, -19.27107612951962, 2.811317110644232, -6.660308331325975, 1.8025290246440113], [84.80526264527543, -19.27107612951962, 155.8148412133586, -14.312727512650758, 56.28416267378819, -9.520795011560164], [-8.098455958336695, 2.811317110644232, -14.312727512650758, 2.022325107566968, -4.970683060954424, 1.3005541107152825], [30.470173417776593, -6.660308331325975, 56.28416267378819, -4.970683060954424, 20.438421740013755, -3.3231437129013544], [-5.361025414361609, 1.8025290246440113, -9.520795011560164, 1.3005541107152825, -3.3231437129013544, 0.839089773712254]], "17": [[46.803826711732164, -11.136721403595978, 85.45316658603255, -8.223413882316828, 30.67725443835347, -5.437530877683282], [-11.136721403595978, 3.9832101111854916, -19.568403511321314, 2.8553864489650835, -6.7553402432659455, 1.8295097316213416], [85.45316658603255, -19.568403511321314, 156.8737881343701, -14.516963494518972, 56.62261995923652, -9.645838449687346], [-8.223413882316828, 2.8553864489650835, -14.516963494518972, 2.05259577722872, -5.035961057706832, 1.319086816143651], [30.67725443835347, -6.7553402432659455, 56.62261995923652, -5.035961057706832, 20.546598393382755, -3.3631101531026837], [-5.437530877683282, 1.8295097316213416, -9.645838449687346, 1.319086816143651, -3.3631101531026837, 0.850436109066813]], "18": [[47.16152092496507, -11.426815176079385, 86.03778699483333, -8.422685536707183, 30.86410832455271, -5.559537652242224], [-11.426815176079385, 4.139538721154854, -20.04254230991772, 2.962769629270402, -6.906884223122065, 1.895255129112855], [86.03778699483333, -20.04254230991772, 157.8292998804524, -14.842659637682141, 56.92801655556699, -9.845250333202703], [-8.422685536707183, 2.962769629270402, -14.842659637682141, 2.1263580105070736, -5.140059878409037, 1.3642477745571955], [30.86410832455271, -6.906884223122065, 56.92801655556699, -5.140059878409037, 20.644207953281246, -3.4268460687833944], [-5.559537652242224, 1.895255129112855, -9.845250333202703, 1.3642477745571955, -3.4268460687833944, 0.8780859248516768]], "19": [[47.321937836198835, -11.802778339921426, 86.299976905591, -8.680945976188674, 30.947909074403228, -5.717663102544498], [-11.802778339921426, 4.468932642051622, -20.657031212696644, 3.1890358522107687, -7.103287575760321, 2.0337887460181783], [86.299976905591, -20.657031212696644, 158.25783044352977, -15.264770603232096, 57.064982857639315, -10.103696755133736], [-8.680945976188674, 3.1890358522107687, -15.264770603232096, 2.28178408356094, -5.274975266548579, 1.459408845302699], [30.947909074403228, -7.103287575760321, 57.064982857639315, -5.274975266548579, 20.68798491930974, -3.509450886418011], [-5.717663102544498, 2.0337887460181783, -10.103696755133736, 1.459408845302699, -3.509450886418011, 0.9363491827596685]], "20": [[47.039393366824534, -12.06801090665049, 85.83819110353852, -8.863143622674782, 30.800317879917927, -5.829218343111029], [-12.06801090665049, 4.99365905222453, -21.090552683551742, 3.549480269742532, -7.2418547870040575, 2.254474847436502], [85.83819110353852, -21.090552683551742, 157.50309570346548, -15.562571859598673, 56.82376235856914, -10.286033307761883], [-8.863143622674782, 3.549480269742532, -15.562571859598673, 2.5293801175825585, -5.3701619927592255, 1.6110022694391886], [30.800317879917927, -7.2418547870040575, 56.82376235856914, -5.3701619927592255, 20.610888522398984, -3.567731431319831], [-5.829218343111029, 2.254474847436502, -10.286033307761883, 1.6110022694391886, -3.567731431319831, 1.0291639418000609]], "21": [[46.18649263542985, -11.667111088968623, 84.44420093116933, -8.587752319808784, 30.354777529413283, -5.660603469155843], [-11.667111088968623, 5.1299563838418365, -20.435351800205762, 3.6430925015768265, -7.0324535729108675, 2.3117820393196578], [84.44420093116933, -20.435351800205762, 155.22474310500039, -15.112492768581951, 56.095566397207534, -10.010461680496343], [-8.587752319808784, 3.6430925015768265, -15.112492768581951, 2.5936752121100812, -5.226317393613863, 1.6503622034227499], [30.354777529413283, -7.0324535729108675, 56.095566397207534, -5.226317393613863, 20.378146076095113, -3.4796591542714705], [-5.660603469155843, 2.3117820393196578, -10.010461680496343, 1.6503622034227499, -3.4796591542714705, 1.0532591607554724]], "22": [[45.5761217724545, -10.796189350432087, 83.4465878429269, -7.989514183273025, 30.035920582459163, -5.294334302186005], [-10.796189350432087, 3.888813372920947, -19.011820667933534, 2.790548607483978, -6.577443608017829, 1.7898151343574038], [83.4465878429269, -19.011820667933534, 153.59420939462407, -14.134665970676219, 55.57441632624006, -9.411790706164352], [-7.989514183273025, 2.790548607483978, -14.134665970676219, 2.0080609154866016, -4.913770004592596, 1.2918219757281573], [30.035920582459163, -6.577443608017829, 55.57441632624006, -4.913770004592596, 20.211576734756463, -3.2883031277707815], [-5.294334302186005, 1.7898151343574038, -9.411790706164352, 1.2918219757281573, -3.2883031277707815, 0.8337442076279383]], "23": [[45.59469017922099, -10.796498900097802, 83.47801454535428, -7.9897331592502345, 30.046321917412286, -5.294472366337844], [-10.796498900097802, 3.888818397988775, -19.012344581110654, 2.7905521608364285, -6.577617010137287, 1.7898173738570307], [83.47801454535428, -19.012344581110654, 153.6473985364422, -14.135036587837455, 55.592020402856434, -9.412024379980954], [-7.9897331592502345, 2.7905521608364285, -14.135036587837455, 2.0080634281372727, -4.913892669595886, 1.2918235593163683], [30.046321917412286, -6.577617010137287, 55.592020402856434, -4.913892669595886, 20.217403177926478, -3.2883804679674564], [-5.294472366337844, 1.7898173738570307, -9.412024379980954, 1.2918235593163683, -3.2883804679674564, 0.8337452056722273]], "24": [[45.65366255559224, -10.79883824546917, 83.57781519389417, -7.9913945586095325, 30.07935006374296, -5.295524047467098], [-10.79883824546917, 3.888903130870381, -19.016303583124504, 2.7906123206411975, -6.578927227055615, 1.7898554445505663], [83.57781519389417, -19.016303583124504, 153.81629404371256, -14.137848264896604, 55.64791488445862, -9.413804197594082], [-7.9913945586095325, 2.7906123206411975, -14.137848264896604, 2.0081061411735415, -4.914823183652107, 1.2918505892137837], [30.07935006374296, -6.578927227055615, 55.64791488445862, -4.914823183652107, 20.235900964609243, -3.2889694920085075], [-5.295524047467098, 1.7898554445505663, -9.413804197594082, 1.2918505892137837, -3.2889694920085075, 0.8337623108633727]], "25": [[45.89557879615988, -10.820245420414315, 83.98719727133145, -8.006612935684414, 30.214824929638567, -5.305166966584374], [-10.820245420414315, 3.8906208818551895, -19.05253021936401, 2.791833353868557, -6.590915669589329, 1.7906290613866676], [83.98719727133145, -19.05253021936401, 154.50906971147782, -14.163601808631974, 55.8771718444802, -9.430122582964326], [-8.006612935684414, 2.791833353868557, -14.163601808631974, 2.0089740911895664, -4.923345776815094, 1.292400501094742], [30.214824929638567, -6.590915669589329, 55.8771718444802, -4.923345776815094, 20.311767880977012, -3.2943697181858944], [-5.305166966584374, 1.7906290613866676, -9.430122582964326, 1.292400501094742, -3.2943697181858944, 0.8341107215336192]], "26": [[46.306859768377876, -10.8887729118775, 84.68316839943314, -8.055342114471708, 30.44513341222272, -5.336051755151703], [-10.8887729118775, 3.9005318958655106, -19.168493907685043, 2.7988805920432047, -6.629290397573839, 1.7950953941697572], [84.68316839943314, -19.168493907685043, 155.68679453577704, -14.2460623686421, 56.26690067949285, -9.482386483854041], [-8.055342114471708, 2.7988805920432047, -14.2460623686421, 2.0139850380761475, -4.950633642676189, 1.2955762921360954], [30.44513341222272, -6.629290397573839, 56.26690067949285, -4.950633642676189, 20.44073566834001, -3.311664899324756], [-5.336051755151703, 1.7950953941697572, -9.482386483854041, 1.2955762921360954, -3.311664899324756, 0.8361234446265876]], "27": [[46.879231923175716, -11.047156976664539, 85.65172570188429, -8.167977406771865, 30.765640949049466, -5.407446918395791], [-11.047156976664539, 3.937120042018839, -19.43651107103733, 2.8248994858182304, -6.717981454979135, 1.8115872124675385], [85.65172570188429, -19.43651107103733, 157.32576882848363, -14.436663560920861, 56.809257452640516, -9.603201221244403], [-8.167977406771865, 2.8248994858182304, -14.436663560920861, 2.0324878292757242, -5.013706548541163, 1.3073041031268275], [30.765640949049466, -6.717981454979135, 56.809257452640516, -5.013706548541163, 20.620208202176297, -3.3516443794120874], [-5.407446918395791, 1.8115872124675385, -9.603201221244403, 1.3073041031268275, -3.3516443794120874, 0.8435570014457304]], "28": [[47.571570547012115, -11.355133422873505, 86.82327915012556, -8.387004525065683, 31.1533194856476, -5.546285309783907], [-11.355133422873505, 4.045320106211786, -19.95766402006797, 2.9018475729511533, -6.890437729739128, 1.8603624545717596], [86.82327915012556, -19.95766402006797, 159.30823439408243, -14.80729784194033, 57.46527476892038, -9.838141386707738], [-8.387004525065683, 2.9018475729511533, -14.80729784194033, 2.087210607329666, -5.136354242610821, 1.3419913428076407], [31.1533194856476, -6.890437729739128, 57.46527476892038, -5.136354242610821, 20.83729077175025, -3.4293891295284844], [-5.546285309783907, 1.8603624545717596, -9.838141386707738, 1.3419913428076407, -3.4293891295284844, 0.8655442732250531]], "29": [[48.269222293873476, -11.878857721917043, 88.00381956923275, -8.759475223343076, 31.54397066567104, -5.782394450768577], [-11.878857721917043, 4.323940998122622, -20.843899097047753, 3.099998183871915, -7.1837034160229125, 1.9859678951436273], [88.00381956923275, -20.843899097047753, 161.30590111964074, -15.437584805319537, 58.12632021113551, -10.23768023431328], [-8.759475223343076, 3.099998183871915, -15.437584805319537, 2.228132073401928, -5.344923665945624, 1.431319872913741], [31.54397066567104, -7.1837034160229125, 58.12632021113551, -5.344923665945624, 21.056036506938735, -3.5616012676811795], [-5.782394450768577, 1.9859678951436273, -10.23768023431328, 1.431319872913741, -3.5616012676811795, 0.9221686222672344]], "30": [[48.70333016699964, -12.621027562261702, 88.73840507012866, -9.287309584371322, 31.78705285864576, -6.116992430759836], [-12.621027562261702, 4.953413737760353, -22.099786127613815, 3.547675089177177, -7.599292329579612, 2.269749181542819], [88.73840507012866, -22.099786127613815, 162.54894666544627, -16.330777026730207, 58.537657267001855, -10.80388117748852], [-9.287309584371322, 3.547675089177177, -16.330777026730207, 2.546516967348844, -5.6404922767298755, 1.6331432720265187], [31.78705285864576, -7.599292329579612, 58.537657267001855, -5.6404922767298755, 21.192152334784176, -3.7489643259371244], [-6.116992430759836, 2.269749181542819, -10.80388117748852, 1.6331432720265187, -3.7489643259371244, 1.0501039771951994]], "31": [[48.35217379820898, -13.244658767740555, 88.14420995718031, -9.730841425041232, 31.590434662158362, -6.3981521279283395], [-13.244658767740555, 6.047764043100919, -23.155109625717916, 4.3259728770734425, -7.948520670846354, 2.76311212640123], [88.14420995718031, -23.155109625717916, 161.54350332787462, -17.08133211318593, 58.20495770259139, -11.279666276422919], [-9.730841425041232, 4.3259728770734425, -17.08133211318593, 3.100039403077566, -5.888866456013334, 1.9840211277032755], [31.590434662158362, -7.948520670846354, 58.20495770259139, -5.888866456013334, 21.08206259051891, -3.906411441448113], [-6.3981521279283395, 2.76311212640123, -11.279666276422919, 1.9840211277032755, -3.906411441448113, 1.272525439522388]], "32": [[46.76430857692389, -12.52545930378789, 85.45729477935082, -9.21934050971038, 30.701314657473567, -6.073906017501479], [-12.52545930378789, 6.403952433515263, -21.938175476058696, 4.57927103049516, -7.545849157004151, 2.923664074322628], [85.45729477935082, -21.938175476058696, 156.99682451235654, -16.215837956986356, 56.70042822660242, -10.731019917989569], [-9.21934050971038, 4.57927103049516, -16.215837956986356, 3.280168671541663, -5.602482970782843, 2.0981952912013457], [30.701314657473567, -7.545849157004151, 56.70042822660242, -5.602482970782843, 20.5842027167431, -3.7248697688646963], [-6.073906017501479, 2.923664074322628, -10.731019917989569, 2.0981952912013457, -3.7248697688646963, 1.3448942425233654]], "33": [[45.5764219458855, -10.796190315447166, 83.44715763789264, -7.989514910004854, 30.03613031719664, -5.294334783453792], [-10.796190315447166, 3.888813376020956, -19.011822495097285, 2.7905486098121575, -6.577444279156157, 1.7898151358957166], [83.44715763789264, -19.011822495097285, 153.5952819118816, -14.13466733422831, 55.57480833474895, -9.411791602336173], [-7.989514910004854, 2.7905486098121575, -14.13466733422831, 2.008060917218046, -4.913770501630957, 1.2918219768628019], [30.03613031719664, -6.577444279156157, 55.57480833474895, -4.913770501630957, 20.211719161374486, -3.288303452333607], [-5.294334783453792, 1.7898151358957166, -9.411791602336173, 1.2918219768628019, -3.288303452333607, 0.8337442083662823]], "34": [[45.60245200269911, -10.796628273669013, 83.4927161107376, -7.98983541690927, 30.051723303494317, -5.294543839227444], [-10.796628273669013, 3.8888205527953845, -19.012589028842296, 2.79055386002637, -6.577706638158913, 1.789818559181248], [83.4927161107376, -19.012589028842296, 153.6750195188361, -14.13522829959052, 55.60209957894045, -9.412157501051494], [-7.98983541690927, 2.79055386002637, -14.13522829959052, 2.0080647580258106, -4.91396250144156, 1.2918244811634647], [30.051723303494317, -6.577706638158913, 55.60209957894045, -4.91396250144156, 20.2210599484237, -3.2884286873281945], [-5.294543839227444, 1.789818559181248, -9.412157501051494, 1.2918244811634647, -3.2884286873281945, 0.8337458412232263]], "35": [[45.68610792769182, -10.799972443351836, 83.63912019583974, -7.992291748005769, 30.10182769433256, -5.296151950080642], [-10.799972443351836, 3.88894275145469, -19.01844165859759, 2.7906435925164503, -6.579709633313151, 1.7898772896023007], [83.63912019583974, -19.01844165859759, 153.93123754624648, -14.139527123637356, 55.68978598567703, -9.414971855312476], [-7.992291748005769, 2.7906435925164503, -14.139527123637356, 2.008130650018503, -4.915433724540429, 1.2918676078089386], [30.10182769433256, -6.579709633313151, 55.68978598567703, -4.915433724540429, 20.251069179177343, -3.289391867751726], [-5.296151950080642, 1.7898772896023007, -9.414971855312476, 1.2918676078089386, -3.289391867751726, 0.8337740678094416]], "36": [[46.03774227093071, -10.831259545052916, 84.25447814959935, -8.015293639783778, 30.312414159958806, -5.311224717304536], [-10.831259545052916, 3.89147366054852, -19.073194463029957, 2.792504123541954, -6.598447213615523, 1.7910963590914764], [84.25447814959935, -19.073194463029957, 155.00811020697577, -14.17978071137818, 56.058311013912785, -9.441349379791312], [-8.015293639783778, 2.792504123541954, -14.17978071137818, 2.0094983701850753, -4.929209363019406, 1.2927637744207048], [30.312414159958806, -6.598447213615523, 56.058311013912785, -4.929209363019406, 20.377185015550786, -3.2984188207482696], [-5.311224717304536, 1.7910963590914764, -9.441349379791312, 1.2927637744207048, -3.2984188207482696, 0.8343612599473962]], "37": [[46.658159064138, -10.93457239867025, 85.34017717968975, -8.091266687535441, 30.68395063765092, -5.361020896935303], [-10.93457239867025, 3.9064994214022444, -19.25398863782583, 2.803553066904846, -6.660317284515255, 1.7983379885121646], [85.34017717968975, -19.25398863782583, 156.9080303831963, -14.312731104653455, 56.70848166903086, -9.528491094946533], [-8.091266687535441, 2.803553066904846, -14.312731104653455, 2.0176230267923514, -4.974706682242333, 1.2980887859905212], [30.68395063765092, -6.660317284515255, 56.70848166903086, -4.974706682242333, 20.599679563353128, -3.3282398265161643], [-5.361020896935303, 1.7983379885121646, -9.528491094946533, 1.2980887859905212, -3.3282398265161643, 0.8378513456296868]], "38": [[47.564832222158955, -11.182955567626372, 86.92679082418894, -8.273935035257415, 31.22689798492528, -5.480759926126586], [-11.182955567626372, 3.964003959343593, -19.688645364172977, 2.8458423660213694, -6.809060357799315, 1.826057792087432], [86.92679082418894, -19.688645364172977, 159.68449159569286, -14.632390550475106, 57.65860097161635, -9.73802773468614], [-8.273935035257415, 2.8458423660213694, -14.632390550475106, 2.048722916884715, -5.084096749301382, 1.318474151976032], [31.22689798492528, -6.809060357799315, 57.65860097161635, -5.084096749301382, 20.924815273743302, -3.399944972115188], [-5.480759926126586, 1.826057792087432, -9.73802773468614, 1.318474151976032, -3.399944972115188, 0.8512135518242712]], "39": [[48.73883310583837, -11.691248587519802, 88.9811943688541, -8.647762658967784, 31.9299204326702, -5.725812874761259], [-11.691248587519802, 4.142058482481688, -20.578122989188756, 2.9767912124301237, -7.113444494191104, 1.9118961972104345], [88.9811943688541, -20.578122989188756, 163.27952630267535, -15.286563033898972, 58.88883156828237, -10.166853444507383], [-8.647762658967784, 2.9767912124301237, -15.286563033898972, 2.1450282509954564, -5.307958171954878, 1.381603354674035], [31.9299204326702, -7.113444494191104, 58.88883156828237, -5.307958171954878, 21.345803509963655, -3.546691489232863], [-5.725812874761259, 1.9118961972104345, -10.166853444507383, 1.381603354674035, -3.546691489232863, 0.8925954364513036]], "40": [[50.0565804600221, -12.617527447039867, 91.28713518029218, -9.329013927349033, 32.71901719821443, -6.172397939419782], [-12.617527447039867, 4.6290754663155385, -22.19904094552264, 3.3349729288227623, -7.668129491031859, 2.146693994403917], [91.28713518029218, -22.19904094552264, 167.31471788000715, -16.478701235804436, 60.26968081016646, -10.948343536139758], [-9.329013927349033, 3.3349729288227623, -16.478701235804436, 2.4084567270253654, -5.715912919070519, 1.5542878413689736], [32.71901719821443, -7.668129491031859, 60.26968081016646, -5.715912919070519, 21.818332407746883, -3.814120712035], [-6.172397939419782, 2.146693994403917, -10.948343536139758, 1.5542878413689736, -3.814120712035, 1.00579478516969]], "41": [[51.11756753817529, -14.070800080814454, 93.14377509583994, -10.397865071869472, 33.354364772058815, -6.873076222713548], [-14.070800080814454, 5.823616762046757, -24.742161232296194, 4.2135223625564615, -8.53839708828137, 2.722614494012335], [93.14377509583994, -24.742161232296194, 170.5636846645796, -18.34911217332791, 61.38148668413176, -12.174479028995236], [-10.397865071869472, 4.2135223625564615, -18.34911217332791, 3.0546035869173753, -6.355976246424688, 1.9778601617787526], [33.354364772058815, -8.53839708828137, 61.38148668413176, -6.355976246424688, 22.198795608285796, -4.233709983927219], [-6.873076222713548, 2.722614494012335, -12.174479028995236, 1.9778601617787526, -4.233709983927219, 1.2834615536587062]], "42": [[50.89543240003925, -15.561121057950523, 92.75509499207116, -11.493970054965938, 33.22137033843559, -7.591624230334663], [-15.561121057950523, 8.156532893283558, -27.350155647441802, 5.929320558832492, -9.430879370953939, 3.8473867283953638], [92.75509499207116, -27.350155647441802, 169.88359315546083, -20.26724639904458, 61.14878019067635, -13.43190559589998], [-11.493970054965938, 5.929320558832492, -20.26724639904458, 4.316527841534103, -7.012381337567112, 2.8051004318754194], [33.22137033843559, -9.430879370953939, 61.14878019067635, -7.012381337567112, 22.119170571440673, -4.664014176909466], [-7.591624230334663, 3.8473867283953638, -13.43190559589998, 2.8051004318754194, -4.664014176909466, 1.8257496203827566]], "43": [[47.970484066068565, -14.357759159036062, 87.63672992846354, -10.6089154639697, 31.469869204334195, -7.011427654263534], [-14.357759159036062, 9.184894605558831, -25.24451507909566, 6.685617858303308, -8.710372167013821, 4.343145602547], [87.63672992846354, -25.24451507909566, 160.92696968566688, -18.718579403500677, 58.0838295759558, -12.416678626152066], [-10.6089154639697, 6.685617858303308, -18.718579403500677, 4.872738363214005, -6.482459115186468, 3.169700836850978], [31.469869204334195, -8.710372167013821, 58.0838295759558, -6.482459115186468, 21.07034650373473, -4.316624237762638], [-7.011427654263534, 4.343145602547, -12.416678626152066, 3.169700836850978, -4.316624237762638, 2.064748075028886]], "44": [[45.57680582944789, -10.796191565265467, 83.44791348699752, -7.989515890236927, 30.03641871935146, -5.294335459474113], [-10.796191565265467, 3.8888133800861984, -19.011824948769192, 2.7905486129906723, -6.577445213127812, 1.7898151380822063], [83.44791348699752, -19.011824948769192, 153.59675670947456, -14.134669240161019, 55.57536683432914, -9.411792906297238], [-7.989515890236927, 2.7905486129906723, -14.134669240161019, 2.0080609196778014, -4.913771221280843, 1.2918219785403962], [30.03641871935146, -6.577445213127812, 55.57536683432914, -4.913771221280843, 20.211929322036756, -3.28830394135376], [-5.294335459474113, 1.7898151380822063, -9.411792906297238, 1.2918219785403962, -3.28830394135376, 0.8337442095021235]], "45": [[45.61245182280925, -10.796797058843321, 83.51236033789282, -7.989973784701618, 30.059204230660885, -5.294644092789038], [-10.796797058843321, 3.8888233991263768, -19.012919673266467, 2.7905561871871742, -6.577832262378582, 1.789820241570369], [83.51236033789282, -19.012919673266467, 153.7132746174581, -14.135497107489094, 55.61656233206236, -9.412350911448657], [-7.989973784701618, 2.7905561871871742, -14.135497107489094, 2.0080666455959495, -4.914063920923551, 1.2918258366430333], [30.059204230660885, -6.577832262378582, 55.61656233206236, -4.914063920923551, 20.22649419928503, -3.288501228918536], [-5.294644092789038, 1.789820241570369, -9.412350911448657, 1.2918258366430333, -3.288501228918536, 0.8337468090660192]], "46": [[45.72832526821926, -10.801466807847904, 83.72183866208245, -7.993517298127653, 30.1332602499223, -5.297040746079793], [-10.801466807847904, 3.8889956020804903, -19.02136185332359, 2.7906868267659375, -6.580816832490447, 1.7899085778737622], [83.72183866208245, -19.02136185332359, 154.091973706405, -14.14190322897877, 55.75044227917794, -9.416683688231204], [-7.993517298127653, 2.7906868267659375, -14.14190322897877, 2.008165753579169, -4.916328681836843, 1.2918928517601593], [30.1332602499223, -6.580816832490447, 55.75044227917794, -4.916328681836843, 20.2738242318197, -3.2900329987845285], [-5.297040746079793, 1.7899085778737622, -9.416683688231204, 1.2918928517601593, -3.2900329987845285, 0.8337921235057433]], "47": [[46.22703869060995, -10.846108059452199, 84.62338317227957, -8.02742117763589, 30.451965628838707, -5.3199913255598315], [-10.846108059452199, 3.892637485558711, -19.10206243493794, 2.7934525241352417, -6.609345604020621, 1.7917806150091375], [84.62338317227957, -19.10206243493794, 155.72173233435228, -14.203193240312908, 56.326578936483976, -9.458172783518304], [-8.02742117763589, 2.7934525241352417, -14.203193240312908, 2.0102660627850906, -4.937995548533403, 1.2933145028033302], [30.451965628838707, -6.609345604020621, 56.326578936483976, -4.937995548533403, 20.477494543393263, -3.3046999679112856], [-5.3199913255598315, 1.7917806150091375, -9.458172783518304, 1.2933145028033302, -3.3046999679112856, 0.8347544063635434]], "48": [[47.13958739504379, -10.998114769979594, 86.27299610226976, -8.142892779840148, 31.035107405617094, -5.398175509813836], [-10.998114769979594, 3.914880365433571, -19.376847149013408, 2.8103485557001457, -6.706483453239452, 1.8032201846413654], [86.27299610226976, -19.376847149013408, 158.7037351620875, -14.411932914845886, 57.380723454030296, -9.599507457220971], [-8.142892779840148, 2.8103485557001457, -14.411932914845886, 2.0231005464435468, -5.011786127294133, 1.3020041744988013], [31.035107405617094, -6.706483453239452, 57.380723454030296, -5.011786127294133, 20.850136934216657, -3.354662522578233], [-5.398175509813836, 1.8032201846413654, -9.599507457220971, 1.3020041744988013, -3.354662522578233, 0.8406378057294348]], "49": [[48.53985564192129, -11.378475729367736, 88.80422852481081, -8.431855458307354, 31.929892855836, -5.593843088273689], [-11.378475729367736, 4.003186839901847, -20.064422208950667, 2.877433825848136, -6.94954172261905, 1.8486449918453072], [88.80422852481081, -20.064422208950667, 163.27938528377842, -14.934288131117142, 58.99820635129313, -9.953213966750376], [-8.431855458307354, 2.877433825848136, -14.934288131117142, 2.0740643458404975, -5.196439065448176, 1.3365128042813579], [31.929892855836, -6.94954172261905, 58.99820635129313, -5.196439065448176, 21.42191380794083, -3.4796980238459536], [-5.593843088273689, 1.8486449918453072, -9.953213966750376, 1.3365128042813579, -3.4796980238459536, 0.8640043038734746]], "50": [[50.48327010150547, -12.199861787199794, 92.31726983556446, -9.055889239111393, 33.1717372717501, -6.016414557583885], [-12.199861787199794, 4.290267564375997, -21.54922304378956, 3.0955347515087355, -7.474415872335699, 1.9963319961541426], [92.31726983556446, -21.54922304378956, 169.6297853164031, -16.062339758476615, 61.24304440456318, -10.71708677069638], [-9.055889239111393, 3.0955347515087355, -16.062339758476615, 2.2397599486488238, -5.59520307822892, 1.4487135530487125], [33.1717372717501, -7.474415872335699, 61.24304440456318, -5.59520307822892, 22.215454035026518, -3.749725545051112], [-6.016414557583885, 1.9963319961541426, -10.71708677069638, 1.4487135530487125, -3.749725545051112, 0.939981021360475]], "51": [[52.92112842996613, -13.816656970322882, 96.72408612868185, -10.284243127837781, 34.729522330276474, -6.848222959538444], [-13.816656970322882, 5.130784617703474, -24.47185524377499, 3.7341068365905254, -8.507556470513824, 2.42875085725922], [96.72408612868185, -24.47185524377499, 177.59580598756204, -18.282798272075105, 64.05898842170896, -12.220721891844], [-10.284243127837781, 3.7341068365905254, -18.282798272075105, 2.7249069257046648, -6.3801276532685005, 1.7772382537900722], [34.729522330276474, -8.507556470513824, 64.05898842170896, -6.3801276532685005, 23.2108745886055, -4.281255475271819], [-6.848222959538444, 2.42875085725922, -12.220721891844, 1.7772382537900722, -4.281255475271819, 1.1624465504323889]], "52": [[55.41498103975195, -16.686796556446005, 101.23212978474669, -12.464841771381455, 36.323093809688466, -8.324880393463188], [-16.686796556446005, 7.41529722628455, -29.660120832323045, 5.469757917171979, -10.34159090472762, 3.6040883386280482], [101.23212978474669, -29.660120832323045, 185.7448271141697, -22.22460129809923, 66.93962770616947, -14.890031422588333], [-12.464841771381455, 5.469757917171979, -22.22460129809923, 4.043562231627833, -7.773541764370844, 2.6701971111325875], [36.323093809688466, -10.34159090472762, 66.93962770616947, -7.773541764370844, 24.229166547573968, -5.2248474160153], [-8.324880393463188, 3.6040883386280482, -14.890031422588333, 2.6701971111325875, -5.2248474160153, 1.7671349152544877]], "53": [[56.23542906892405, -20.499851026917057, 102.71528859733581, -15.361836581577121, 36.84740646291322, -10.286675851722267], [-20.499851026917057, 12.72187571643035, -36.55293270473841, 9.501436053307145, -12.778200474814627, 6.33425031665576], [102.71528859733581, -36.55293270473841, 188.4259964049235, -27.4614633399683, 67.88744999654344, -18.436345048023412], [-15.361836581577121, 9.501436053307145, -27.4614633399683, 7.106633591471665, -9.624772931464957, 4.744440311978958], [36.84740646291322, -12.778200474814627, 67.88744999654344, -9.624772931464957, 24.56423195953812, -6.478469577250964], [-10.286675851722267, 6.33425031665576, -18.436345048023412, 4.744440311978958, -6.478469577250964, 3.1717658723634536]], "54": [[51.0067471335422, -19.06490771435147, 93.26372119849009, -14.271617059920414, 33.506367407073895, -9.548390139125928], [-19.06490771435147, 16.477067905653744, -33.959341495948955, 12.35438953470783, -11.861485323363148, 8.266167522425421], [93.26372119849009, -33.95934149594895