[{"model_name": "SRK_3Params_Opt2", "0": [[7567947572.311864, -930781306.8734331, -33410268180.220592], [-930781306.8734331, 114476723.43749619, 4109126388.976537], [-33410268180.220592, 4109126388.976537, 147496531815.06763]], "1": [[793327133712.3254, -241551676621.8978, -9343871626096.86], [-241551676621.8978, 73547481233.64658, 2845015330386.9136], [-9343871626096.86, 2845015330386.9136, 110052881408991.84]], "2": [[106949760051.77766, -61904320102.23095, -559328693303.3125], [-61904320102.23095, 35831261757.52256, 323748856059.5915], [-559328693303.3125, 323748856059.5915, 2925192043450.414]], "3": [[27227422259.477795, -27662936047.766018, 85179903897.80109], [-27662936047.766018, 28105416057.754612, -86542391403.19264], [85179903897.80109, -86542391403.19264, 266481929831.34744]], "4": [[4499661.5240295995, -147592005.41024077, 5970377157.2879095], [-147592005.41024077, 4841119703.045746, -195832493842.8899], [5970377157.2879095, -195832493842.8899, 7921796608457.693]], "5": [[19893120395.995422, -52570202665.04346, 182160287729.05368], [-52570202665.04346, 138923715999.83246, -481382661584.1885], [182160287729.05368, -481382661584.1885, 1668032453682.3994]], "6": [[3209830973.8703356, -232363167.07408914, -60364447431.68905], [-232363167.07408914, 16821023.241481796, 4369848225.05836], [-60364447431.68905, 4369848225.05836, 1135220684016.101]], "7": [[7360456750.922776, -1734030196.060115, 25824085649.9851], [-1734030196.060115, 408515506.93118507, -6083826835.488553], [25824085649.9851, -6083826835.488553, 90603534838.2639]], "8": [[18189657605.44145, -7262253104.079304, 54428263719.02213], [-7262253104.079304, 2899467449.6749287, -21730580955.238518], [54428263719.02213, -21730580955.238518, 162863752343.59583]], "9": [[30394760283.963898, -17745929476.566914, 91063283093.1933], [-17745929476.566914, 10360930964.585875, -53167144092.56421], [91063283093.1933, -53167144092.56421, 272827337680.5064]], "10": [[50591550660.47254, -39795887514.5521, 102899454033.6648], [-39795887514.5521, 31303896449.022015, -80941877538.29762], [102899454033.6648, -80941877538.29762, 209289841924.11774]], "11": [[568571791764.8517, -503987701304.8629, -3547556771839.784], [-503987701304.8629, 446739720023.9751, 3144589669385.987], [-3547556771839.784, 3144589669385.987, 22134687706475.68]], "12": [[29401387425.71605, -45085476107.01298, 295270813439.00275], [-45085476107.01298, 69136198450.89787, -452782210976.84235], [295270813439.00275, -452782210976.84235, 2965331261635.4204]], "13": [[4679912902.854204, -194515451.25738975, -77394396456.32935], [-194515451.25738975, 8084821.568963438, 3216813274.946802], [-77394396456.32935, 3216813274.946802, 1279915401670.4763]], "14": [[31529473767.520103, -3943404931.728833, -106830702340.86513], [-3943404931.728833, 493203361.72570306, 13361362183.754498], [-106830702340.86513, 13361362183.754498, 361972389605.7965]], "15": [[49008100485.0721, -10044221423.880579, -96605681730.88155], [-10044221423.880579, 2058565482.3057604, 19799356606.475124], [-96605681730.88155, 19799356606.475124, 190430921629.6011]], "16": [[26974812506.783134, -8484699693.267556, 109720723813.32695], [-8484699693.267556, 2668790704.9152536, -34511727985.13175], [109720723813.32695, -34511727985.13175, 446291785386.57556]], "17": [[725964688452.7241, -256581382033.9519, -4517386091666.14], [-256581382033.9519, 90684859268.79897, 1596602679189.5837], [-4517386091666.14, 1596602679189.5837, 28109875625868.824]], "18": [[62896127275.41166, -31298482162.640736, 189645526810.00595], [-31298482162.640736, 15574806082.982775, -94371742668.61453], [189645526810.00595, -94371742668.61453, 571822581087.6731]], "19": [[54908902343.9166, -34684875457.22783, 310136807765.5004], [-34684875457.22783, 21909754777.98258, -195907331832.51065], [310136807765.5004, -195907331832.51065, 1751716669339.5276]], "20": [[963812276.7306045, -31105095.25163429, 3483309796.8300467], [-31105095.25163429, 1003854.1466759879, -112416790.73531252], [3483309796.8300467, -112416790.73531252, 12589014929.183771]], "21": [[4449529618.579361, -382510247.2969163, 25353818920.550827], [-382510247.2969163, 32883046.485678412, -2179577702.9387493], [25353818920.550827, -2179577702.9387493, 144468334623.9458]], "22": [[291726072597.9862, -35155465959.468094, -1862982968007.8394], [-35155465959.468094, 4236531811.5753884, 224505248130.91574], [-1862982968007.8394, 224505248130.91574, 11897138669090.139]], "23": [[24573725982.572628, -4785771116.133496, 102452780504.94133], [-4785771116.133496, 932036321.7308028, -19952837353.840385], [102452780504.94133, -19952837353.840385, 427146141396.6169]], "24": [[52801347770.16062, -12959505829.21829, 113538596804.51741], [-12959505829.21829, 3180767128.6840706, -27866790702.659603], [113538596804.51741, -27866790702.659603, 244141740859.57343]], "25": [[48070472097.16375, -15112233582.062809, 230648123752.21667], [-15112233582.062809, 4750933241.870569, -72510382555.89932], [230648123752.21667, -72510382555.89932, 1106678479938.554]], "26": [[53671760973.6628, -20331562642.91458, 312878397928.3903], [-20331562642.91458, 7701860941.46613, -118522415357.6286], [312878397928.3903, -118522415357.6286, 1823918017861.815]], "Total": [[3094908058169.7886, -1434600885245.7307, -17965077092238.64], [-1434600885245.7307, 996463102189.8075, 6234919879653.542], [-17965077092238.64, 6234919879653.542, 198320810868430.66]]}]