[{"model_name": "SRK_3Params_Opt1", "0": [[4542199969.359176, -133478225.52896935, 7206854537.358235], [-133478225.52896935, 3922424.5543015995, -211782431.8130348], [7206854537.358235, -211782431.8130348, 11434712842.4574]], "1": [[22954696745.15704, -1837387530.6680532, 36348510450.41249], [-1837387530.6680532, 147071990.33534214, -2909482996.0685863], [36348510450.41249, -2909482996.0685863, 57557467503.57285]], "2": [[47585858132.2533, -6769870516.553616, 75351684223.9219], [-6769870516.553616, 963125361.3946692, -10720015681.600817], [75351684223.9219, -10720015681.600817, 119318565183.82768]], "3": [[70709903035.70154, -15685625943.081055, 111968355509.75638], [-15685625943.081055, 3479553084.6935544, -24838016551.95598], [111968355509.75638, -24838016551.95598, 177300662245.70108]], "4": [[83738029887.42728, -26991018664.85032, 132598251235.35263], [-26991018664.85032, 8699931077.261707, -42739981807.92252], [132598251235.35263, -42739981807.92252, 209967875460.05502]], "5": [[75898861011.8577, -38637508760.49657, 120185012870.57787], [-38637508760.49657, 19669031436.245396, -61182070794.73653], [120185012870.57787, -61182070794.73653, 190311647976.4342]], "6": [[4041624525.4266715, -80759501.3379087, 6738904020.997876], [-80759501.3379087, 1613731.561483719, -134656380.0956652], [6738904020.997876, -134656380.0956652, 11236280638.767933]], "7": [[21761873686.45034, -1135423990.1132588, 36285205892.963806], [-1135423990.1132588, 59240654.36182567, -1893177667.0830512], [36285205892.963806, -1893177667.0830512, 60501048102.054924]], "8": [[48799070724.6392, -4313523940.039781, 81366354462.58151], [-4313523940.039781, 381287768.4964129, -7192262325.41548], [81366354462.58151, -7192262325.41548, 135668231796.62933]], "9": [[79839225256.28479, -10259190280.036644, 133121934574.5947], [-10259190280.036644, 1318286655.0137672, -17105918210.796377], [133121934574.5947, -17105918210.796377, 221964196270.65045]], "10": [[111607171132.9087, -19471029289.807156, 186091015797.3064], [-19471029289.807156, 3396923134.563168, -32465509002.502808], [186091015797.3064, -32465509002.502808, 310283522187.24335]], "11": [[139304273179.7252, -31425251185.00686, 232272473415.50208], [-31425251185.00686, 7089132224.728523, -52397680658.56673], [232272473415.50208, -52397680658.56673, 387285333573.0067]], "12": [[162964887861.90982, -47985817522.37497, 271723592498.23032], [-47985817522.37497, 14129661385.965767, -80010356201.34872], [271723592498.23032, -80010356201.34872, 453065146049.7931]], "13": [[3080175206.8710637, -35159761.389187925, 5566446946.103084], [-35159761.389187925, 401343.6697324788, -63540199.26333069], [5566446946.103084, -63540199.26333069, 10059600354.765594]], "14": [[18582127884.944553, -554065666.0721875, 33581345882.777493], [-554065666.0721875, 16520646.301694142, -1001299253.2042917], [33581345882.777493, -1001299253.2042917, 60687710163.29177]], "15": [[43104753315.92973, -2075820079.4396641, 77898270805.72313], [-2075820079.4396641, 99966446.17410336, -3751391256.2489944], [77898270805.72313, -3751391256.2489944, 140776599509.71677]], "16": [[76818383067.25023, -5255077930.257927, 138825042391.5921], [-5255077930.257927, 359495252.96448636, -9496898884.22291], [138825042391.5921, -9496898884.22291, 250882557345.10104]], "17": [[114861851653.31436, -10204791280.665655, 207576634479.69125], [-10204791280.665655, 906634914.7519152, -18441947427.43512], [207576634479.69125, -18441947427.43512, 375129414698.68805]], "18": [[153846844540.5152, -16744571804.201267, 278029735305.4055], [-16744571804.201267, 1822466269.902692, -30260541777.302578], [278029735305.4055, -30260541777.302578, 502451213379.5305]], "19": [[199504171889.37253, -26362640968.3177, 360540979972.8051], [-26362640968.3177, 3483580479.759604, -47642173691.781334], [360540979972.8051, -47642173691.781334, 651564310704.3976]], "20": [[2225445335.1807942, -15817749.629190749, 4331686944.694588], [-15817749.629190749, 112427.4765937748, -30788237.51815359], [4331686944.694588, -30788237.51815359, 8431351464.902727]], "21": [[13986456170.834406, -257691588.6333522, 27223741978.53225], [-257691588.6333522, 4747804.164349604, -501580188.2410598], [27223741978.53225, -501580188.2410598, 52989271782.738106]], "22": [[34972749770.0258, -1053648341.64431, 68072219604.97004], [-1053648341.64431, 31743995.972581636, -2050859076.5801554], [68072219604.97004, -2050859076.5801554, 132498219682.99431]], "23": [[64062267554.246735, -2701090384.7797117, 124693104596.42763], [-2701090384.7797117, 113887465.20050023, -5257499597.380617], [124693104596.42763, -5257499597.380617, 242707149270.5058]], "24": [[100006986508.82877, -5446342931.06851, 194657200011.17633], [-5446342931.06851, 296605790.83823574, -10600958015.756887], [194657200011.17633, -10600958015.756887, 378887784133.42145]], "25": [[141451080397.73145, -9466415054.525944, 275325476835.7447], [-9466415054.525944, 633526543.1171116, -18425771167.557854], [275325476835.7447, -18425771167.557854, 535903423160.0392]], "26": [[185554391584.2383, -14671481915.379234, 361169749965.6781], [-14671481915.379234, 1160050051.9308877, -28557100749.608955], [361169749965.6781, -28557100749.608955, 702993807780.8922]], "Total": [[2025805360028.3853, -299570500805.899, 3588749785210.878], [-299570500805.899, 68268520361.400406, -509883260232.0084], [3588749785210.878, -509883260232.0084, 6391857103261.18]]}]