[{"model_name": "SRK_polyTdep", "0": [[8184012424314.337, -239472033402.88785, 20732042725464.723, -487326801991.3214, 17393962154753.256, -327099156368.5387, 4953758588603.312, -83438764697.31831], [-239472033402.88785, 7007180806.781143, -606639405056.6873, 14259648465.08228, -508963973925.12714, 9571234260.009787, -144951715698.213, 2441498083.1808743], [20732042725464.723, -606639405056.6873, 52519176815216.664, -1234514264681.682, 44063027749823.25, -828619671342.2223, 12549044330069.684, -211370162333.26767], [-487326801991.3214, 14259648465.08228, -1234514264681.682, 29018456916.50272, -1035744267158.0681, 19477510241.010433, -294977476286.4377, 4968460976.579858], [17393962154753.256, -508963973925.12714, 44063027749823.25, -1035744267158.0681, 36968409107264.56, -695203043658.9609, 10528514003468.037, -177337305973.86163], [-327099156368.5387, 9571234260.009787, -828619671342.2223, 19477510241.010433, -695203043658.9609, 13073520975.98676, -197992154847.11365, 3334886132.3622], [4953758588603.312, -144951715698.213, 12549044330069.684, -294977476286.4377, 10528514003468.037, -197992154847.11365, 2998495466753.526, -50505238239.105064], [-83438764697.31831, 2441498083.1808743, -211370162333.26767, 4968460976.579858, -177337305973.86163, 3334886132.3622, -50505238239.105064, 850686325.1490895]], "1": [[40769084378483.1, -3250345136274.9526, 103277751243519.58, -6614468827907.811, 86648928945518.53, -4439704863560.813, 24677406633517.51, -1132510822679.537], [-3250345136274.9526, 259136148529.30197, -8233894421650.446, 527343375785.48206, -6908149374827.316, 353958724601.3118, -1967424332675.6138, 90290255481.38004], [103277751243519.58, -8233894421650.446, 261627016267937.4, -16756016884627.777, 219502269074153.53, -11246824437771.15, 62513718482642.766, -2868918270016.9043], [-6614468827907.811, 527343375785.48206, -16756016884627.777, 1073146442760.3114, -14058118994308.791, 720307798735.6638, -4003718489619.909, 183741127574.4904], [86648928945518.53, -6908149374827.316, 219502269074153.53, -14058118994308.791, 184160056618001.28, -9435965441126.922, 52448341348471.695, -2406991751234.4463], [-4439704863560.813, 353958724601.3118, -11246824437771.15, 720307798735.6638, -9435965441126.922, 483478586188.9138, -2687340270725.3047, 123329083400.73631], [24677406633517.51, -1967424332675.6138, 62513718482642.766, -4003718489619.909, 52448341348471.695, -2687340270725.3047, 14937161514409.076, -685505463617.2386], [-1132510822679.537, 90290255481.38004, -2868918270016.9043, 183741127574.4904, -2406991751234.4463, 123329083400.73631, -685505463617.2386, 31459641123.63523]], "2": [[82815744894711.39, -11735691572259.664, 209791905681904.66, -23882191835104.28, 176013165664241.47, -16029992128098.447, 50128126620684.99, -4089041605367.988], [-11735691572259.664, 1663046765494.9722, -29729287620000.016, 3384308597388.71, -24942554432357.637, 2271585478827.556, -7103579565256.151, 579451783809.2974], [209791905681904.66, -29729287620000.016, 531452608988798.94, -60499250997708.625, 445883056377170.94, -40607768497345.99, 126986422997070.72, -10358511318027.486], [-23882191835104.28, 3384308597388.71, -60499250997708.625, 6887085149977.861, -50758224697992.73, 4622687963565.081, -14455820421728.14, 1179187317161.4417], [176013165664241.47, -24942554432357.637, 445883056377170.94, -50758224697992.73, 374091116689649.3, -34069483570142.457, 106540251090443.92, -8690680237298.368], [-16029992128098.447, 2271585478827.556, -40607768497345.99, 4622687963565.081, -34069483570142.457, 3102799448988.6875, -9702907051642.273, 791483610137.7836], [50128126620684.99, -7103579565256.151, 126986422997070.72, -14455820421728.14, 106540251090443.92, -9702907051642.273, 30342407493818.207, -2475084847835.8047], [-4089041605367.988, 579451783809.2974, -10358511318027.486, 1179187317161.4417, -8690680237298.368, 791483610137.7836, -2475084847835.8047, 201897130451.31552]], "3": [[120350767167216.3, -26591550398177.223, 304877011578633.4, -54113939852239.61, 255788553032068.66, -36321876817399.04, 72847965776258.84, -9265236037274.473], [-26591550398177.223, 5875413752837.438, -67362698298173.28, 11956496769359.512, -56516583644029.34, 8025333287691.344, -16095787330151.36, 2047157627951.5845], [304877011578633.4, -67362698298173.28, 772325714051932.1, -137083432496729.69, 647973016541624.8, -92011920818335.7, 184541159381145.16, -23471038374771.312], [-54113939852239.61, 11956496769359.512, -137083432496729.69, 24331531532849.957, -115011534196844.48, 16331593920679.203, -32755008806028.71, 4165976149875.76], [255788553032068.66, -56516583644029.34, 647973016541624.8, -115011534196844.48, 543642432883984.2, -77197017794019.86, 154828059644598.12, -19691950248910.34], [-36321876817399.04, 8025333287691.344, -92011920818335.7, 16331593920679.203, -77197017794019.86, 10961947036908.318, -21985525324047.47, 2796249412871.887], [72847965776258.84, -16095787330151.36, 184541159381145.16, -32755008806028.71, 154828059644598.12, -21985525324047.47, 44094659657346.71, -5608220152137.004], [-9265236037274.473, 2047157627951.5845, -23471038374771.312, 4165976149875.76, -19691950248910.34, 2796249412871.887, -5608220152137.004, 713286677326.5884]], "4": [[139391047581418.5, -44742046943126.02, 353110554083844.25, -91050292347735.31, 296255979854369.1, -61113966433248.71, 84372992781276.22, -15589373982789.58], [-44742046943126.02, 14361401247749.492, -113342207129223.62, 29225524343865.934, -95092900066510.08, 19616496198867.406, -27082229951295.105, 5003911762299.568], [353110554083844.25, -113342207129223.62, 894512707730169.2, -230651966092912.0, 750486598760404.6, -154816158741478.8, 213736784016251.2, -39491578407628.73], [-91050292347735.31, 29225524343865.934, -230651966092912.0, 59474090197692.04, -193514533705971.53, 39919669209938.164, -55112475243443.34, 10182985803461.205], [296255979854369.1, -95092900066510.08, 750486598760404.6, -193514533705971.53, 629650233084066.5, -129889102080919.11, 179322876779890.75, -33133012088813.637], [-61113966433248.71, 19616496198867.406, -154816158741478.8, 39919669209938.164, -129889102080919.11, 26794524885270.555, -36992104860219.3, 6834933052232.592], [84372992781276.22, -27082229951295.105, 213736784016251.2, -55112475243443.34, 179322876779890.75, -36992104860219.3, 51070725375754.04, -9436202405654.775], [-15589373982789.58, 5003911762299.568, -39491578407628.73, 10182985803461.205, -33133012088813.637, 6834933052232.592, -9436202405654.775, 1743502078448.2112]], "5": [[123132733860906.66, -62378909613856.734, 311924393656939.94, -126941397378241.14, 261701232283894.38, -85204474402567.55, 74531885999752.98, -21734548341263.734], [-62378909613856.734, 31601088050308.453, -158020559993924.38, 64308374426729.14, -132577560837012.11, 43164494450824.3, -37757772725006.83, 11010698649874.9], [311924393656939.94, -158020559993924.38, 790178405915669.9, -321572640886063.25, 662951236765683.0, -215843124582139.84, 188806929072515.44, -55058761388457.83], [-126941397378241.14, 64308374426729.14, -321572640886063.25, 130867868056461.56, -269796008584135.38, 87839965088068.77, -76837258959359.77, 22406827586087.65], [261701232283894.38, -132577560837012.11, 662951236765683.0, -269796008584135.38, 556209001712524.44, -181090074491823.47, 158406995434791.94, -46193712311040.13], [-85204474402567.55, 43164494450824.3, -215843124582139.84, 87839965088068.77, -181090074491823.47, 58959159198224.37, -51574020763760.83, 15039711291446.648], [74531885999752.98, -37757772725006.83, 188806929072515.44, -76837258959359.77, 158406995434791.94, -51574020763760.83, 45113934016564.78, -13155858953453.283], [-21734548341263.734, 11010698649874.9, -55058761388457.83, 22406827586087.65, -46193712311040.13, 15039711291446.648, -13155858953453.283, 3836433877382.7]], "6": [[6597041427701.598, -131170033504.03853, 17597188000364.527, -281072510263.4867, 15545974353282.316, -198653282909.93655, 4662002592549.023, -53358362515.1913], [-131170033504.03853, 2608074828.3924294, -349887713284.9631, 5588609832.509516, -309103103128.9747, 3949855107.10397, -92695345779.20956, 1060932885.6794411], [17597188000364.527, -349887713284.9631, 46939378646294.016, -749743026331.756, 41467896835515.88, -529894984678.5587, 12435595104009.223, -142330034889.3756], [-281072510263.4867, 5588609832.509516, -749743026331.756, 11975331198.328093, -662349340057.3036, 8463790550.88512, -198628549767.82605, 2273378007.4076457], [15545974353282.316, -309103103128.9747, 41467896835515.88, -662349340057.3036, 36634197502244.83, -468127853244.2316, 10986041778420.834, -125739355176.87115], [-198653282909.93655, 3949855107.10397, -529894984678.5587, 8463790550.88512, -468127853244.2316, 5981943154.879383, -140384463261.91388, 1606752663.372953], [4662002592549.023, -92695345779.20956, 12435595104009.223, -198628549767.82605, 10986041778420.834, -140384463261.91388, 3294547777382.3853, -37707330946.17825], [-53358362515.1913, 1060932885.6794411, -142330034889.3756, 2273378007.4076457, -125739355176.87115, 1606752663.372953, -37707330946.17825, 431574499.19099617]], "7": [[36205359431144.18, -1879325063359.3772, 96575491237655.3, -4027037266017.4697, 85318183230110.31, -2846184326222.4575, 25585632835427.805, -764486026003.4359], [-1879325063359.3772, 97550825327.0533, -5012979957686.717, 209032921755.7414, -4428642682296.024, 147737948835.5337, -1328082963545.1172, 39682460603.34338], [96575491237655.3, -5012979957686.717, 257608974315869.25, -10741865522357.855, 227580821911807.1, -7592015485458.811, 68248046657484.48, -2039217802712.7935], [-4027037266017.4697, 209032921755.7414, -10741865522357.855, 447917915929.96643, -9489741539232.193, 316574411295.3954, -2845829968871.32, 85031988756.26091], [85318183230110.31, -4428642682296.024, 227580821911807.1, -9489741539232.193, 201052896699736.94, -6707053311074.99, 60292723083245.766, -1801516677868.2292], [-2846184326222.4575, 147737948835.5337, -7592015485458.811, 316574411295.3954, -6707053311074.99, 223744919153.21335, -2011343853419.5469, 60097957291.797295], [25585632835427.805, -1328082963545.1172, 68248046657484.48, -2845829968871.32, 60292723083245.766, -2011343853419.5469, 18080875811612.78, -540247606334.0406], [-764486026003.4359, 39682460603.34338, -2039217802712.7935, 85031988756.26091, -1801516677868.2292, 60097957291.797295, -540247606334.0406, 16142330669.74572]], "8": [[82894320868784.9, -7288667982289.185, 221115323419880.62, -15618233457937.22, 195341048134253.72, -11038480235941.52, 58579826172622.25, -2964938976569.1533], [-7288667982289.185, 640872383044.6675, -19442057807013.02, 1373267998961.9338, -17175797186597.01, 970582985970.7042, -5150761824906.142, 260698870097.12616], [221115323419880.62, -19442057807013.02, 589811047833669.1, -41660643408436.8, 521059809438030.0, -29444443260446.33, 156257956809166.2, -7908785956061.456], [-15618233457937.22, 1373267998961.9338, -41660643408436.8, 2942652931951.154, -36804476611953.055, 2079775303529.6409, -11037105938024.754, 558628246655.0989], [195341048134253.72, -17175797186597.01, 521059809438030.0, -36804476611953.055, 460322549075347.3, -26012256044792.996, 138043770962257.4, -6986899479566.357], [-11038480235941.52, 970582985970.7042, -29444443260446.33, 2079775303529.6409, -26012256044792.996, 1469920311092.81, -7800682201799.417, 394821019710.59937], [58579826172622.25, -5150761824906.142, 156257956809166.2, -11037105938024.754, 138043770962257.4, -7800682201799.417, 41397239261379.33, -2095265490319.7043], [-2964938976569.1533, 260698870097.12616, -7908785956061.456, 558628246655.0989, -6986899479566.357, 394821019710.59937, -2095265490319.7043, 106049039821.36693]], "9": [[138639645099969.61, -17719189728983.46, 369812426849366.3, -37968863795473.06, 326705295569391.44, -26835208586189.3, 97973977533729.55, -7207944387219.388], [-17719189728983.46, 2264645761501.461, -47264810514731.875, 4852706459979.721, -41755394811371.57, 3429741557782.1504, -12521811457116.154, 921229523207.4982], [369812426849366.3, -47264810514731.875, 986451104614432.6, -101279526897173.33, 871465576328734.2, -71581210447499.88, 261339347584941.0, -19226732761114.484], [-37968863795473.06, 4852706459979.721, -101279526897173.33, 10398429806132.715, -89473893703271.7, 7349285833770.172, -26831867650819.1, 1974020190879.279], [326705295569391.44, -41755394811371.57, 871465576328734.2, -89473893703271.7, 769883319277963.4, -63237357153471.02, 230876364875179.9, -16985571477597.229], [-26835208586189.3, 3429741557782.1504, -71581210447499.88, 7349285833770.172, -63237357153471.02, 5194245984581.259, -18963927102095.8, 1395175896253.9866], [97973977533729.55, -12521811457116.154, 261339347584941.0, -26831867650819.1, 230876364875179.9, -18963927102095.8, 69236330393504.78, -5093716021478.471], [-7207944387219.388, 921229523207.4982, -19226732761114.484, 1974020190879.279, -16985571477597.229, 1395175896253.9866, -5093716021478.471, 374744628434.2722]], "10": [[198454552466282.56, -34435001813618.902, 529364884315182.2, -73787679554376.75, 467659544392878.8, -52150830287428.48, 140244025523312.55, -14007726922388.975], [-34435001813618.902, 5975017126933.378, -91853175071690.6, 12803328760671.234, -81146323222093.97, 9048993400312.346, -24334555258262.375, 2430562040440.443], [529364884315182.2, -91853175071690.6, 1412047127483441.2, -196823937600649.3, 1247452061642617.0, -139109019667037.73, 374092009603343.44, -37364719779098.766], [-73787679554376.75, 12803328760671.234, -196823937600649.3, 27435105853489.707, -173881184247816.12, 19390277047926.37, -52144337764628.48, 5208233585924.224], [467659544392878.8, -81146323222093.97, 1247452061642617.0, -173881184247816.12, 1102042995455662.6, -122893797238905.92, 330486029496344.0, -33009306710750.715], [-52150830287428.48, 9048993400312.346, -139109019667037.73, 19390277047926.37, -122893797238905.92, 13704442986412.45, -36853991420200.266, 3681017040746.7207], [140244025523312.55, -24334555258262.375, 374092009603343.44, -52144337764628.48, 330486029496344.0, -36853991420200.266, 99107762712196.8, -9898991923407.15], [-14007726922388.975, 2430562040440.443, -37364719779098.766, 5208233585924.224, -33009306710750.715, 3681017040746.7207, -9898991923407.15, 988722158770.1199]], "11": [[253812754438835.22, -56948876246059.984, 677029364017127.0, -122030643540496.86, 598111535961153.4, -86247452419815.42, 179364605692925.53, -23166088359570.688], [-56948876246059.984, 12777823214044.225, -151907501857442.9, 27380452304612.35, -134200426287091.58, 19351649625541.79, -40244678621898.484, 5197858169150.47], [677029364017127.0, -151907501857442.9, 1805932726883096.8, -325508972823243.25, 1595424444679238.8, -230059588569480.7, 478443666820250.5, -61794065879476.25], [-122030643540496.86, 27380452304612.35, -325508972823243.25, 58671117595457.22, -287566067370044.2, 41466915820634.12, -86236715367153.92, 11138024474320.414], [598111535961153.4, -134200426287091.58, 1595424444679238.8, -287566067370044.2, 1409454029371952.0, -203242726527297.5, 422673951296309.2, -54591049695627.76], [-86247452419815.42, 19351649625541.79, -230059588569480.7, 41466915820634.12, -203242726527297.5, 29307522647373.16, -60949420487170.62, 7872008276190.873], [179364605692925.53, -40244678621898.484, 478443666820250.5, -86236715367153.92, 422673951296309.2, -60949420487170.62, 126753526813529.39, -16371030341830.982], [-23166088359570.688, 5197858169150.47, -61794065879476.25, 11138024474320.414, -54591049695627.76, 7872008276190.873, -16371030341830.982, 2114423489355.2786]], "12": [[305772767357993.7, -89566143188553.05, 815629391014216.4, -191923261954844.84, 720555671647146.1, -135645375007764.81, 216083751585958.97, -36434383009657.57], [-89566143188553.05, 26235475693230.242, -238911985052098.03, 56217649825356.25, -211063244839305.78, 39732881334675.3, -63294675986003.15, 10672262261370.621], [815629391014216.4, -238911985052098.03, 2175639476446103.2, -511943083166787.2, 1922036382557654.5, -361825402462826.3, 576389651167918.0, -97186397215529.66], [-191923261954844.84, 56217649825356.25, -511943083166787.2, 120463763982823.0, -452268513371810.94, 85140030832434.52, -135628489149471.86, 22868634427273.348], [720555671647146.1, -211063244839305.78, 1922036382557654.5, -452268513371810.94, 1697994495811324.2, -319649277923159.7, 509202876702765.1, -85857879193789.03], [-135645375007764.81, 39732881334675.3, -361825402462826.3, 85140030832434.52, -319649277923159.7, 60174318072790.05, -95857985556462.4, 16162837486228.268], [216083751585958.97, -63294675986003.15, 576389651167918.0, -135628489149471.86, 509202876702765.1, -95857985556462.4, 152702243901256.22, -25747479853982.863], [-36434383009657.57, 10672262261370.621, -97186397215529.66, 22868634427273.348, -85857879193789.03, 16162837486228.268, -25747479853982.863, 4341342352899.1094]], "13": [[4757595559845.44, -54003912986.70784, 13754693863306.162, -125423327359.51712, 13170278174535.531, -96078239904.15045, 4280740053913.8984, -27970561094.433624], [-54003912986.70784, 613003476.4810183, -156130818857.7765, 1423691941.0288796, -149497061614.76666, 1090593103.6870952, -48591081457.49812, 317496459.82565635], [13754693863306.162, -156130818857.7765, 39766222431782.0, -362611627963.48224, 38076617086636.945, -277771988010.2225, 12376055973932.182, -80865744092.65987], [-125423327359.51712, 1423691941.0288796, -362611627963.48224, 3306504482.7903876, -347204820191.63837, 2532887124.1875725, -112852102363.33795, 737381056.5542252], [13170278174535.531, -149497061614.76666, 38076617086636.945, -347204820191.63837, 36458800461862.3, -265969885447.4569, 11850216478837.018, -77429883578.31311], [-96078239904.15045, 1090593103.6870952, -277771988010.2225, 2532887124.1875725, -265969885447.4569, 1940271733.2659054, -86448283527.61597, 564857236.2405674], [4280740053913.8984, -48591081457.49812, 12376055973932.182, -112852102363.33795, 11850216478837.018, -86448283527.61597, 3851679946030.99, -25167061743.953197], [-27970561094.433624, 317496459.82565635, -80865744092.65987, 737381056.5542252, -77429883578.31311, 564857236.2405674, -25167061743.953197, 164442790.08089122]], "14": [[29590542395375.6, -877020985904.5433, 85549275215926.83, -2036868888391.989, 81914418705424.61, -1560306059726.1357, 26624671750596.59, -454240319988.8458], [-877020985904.5433, 25993636731.619427, -2535557094249.7046, 60369855232.35991, -2427825191337.3604, 46245220534.64303, -789116858896.8567, 13463027745.52964], [85549275215926.83, -2535557094249.7046, 247331677540123.5, -5888795642321.087, 236822936746107.0, -4511003912704.562, 76974640771757.58, -1313255080953.4824], [-2036868888391.989, 60369855232.35991, -5888795642321.087, 140208138568.88257, -5638589815030.536, 107403873405.25183, -1832712791399.0, 31267692334.801407], [81914418705424.61, -2427825191337.3604, 236822936746107.0, -5638589815030.536, 226760696109992.47, -4319338326998.435, 73704107228994.1, -1257456901846.6978], [-1560306059726.1357, 46245220534.64303, -4511003912704.562, 107403873405.25183, -4319338326998.435, 82274767643.27817, -1403916025451.679, 23952042324.215687], [26624671750596.59, -789116858896.8567, 76974640771757.58, -1832712791399.0, 73704107228994.1, -1403916025451.679, 23956071381030.13, -408711650296.7186], [-454240319988.8458, 13463027745.52964, -1313255080953.4824, 31267692334.801407, -1257456901846.6978, 23952042324.215687, -408711650296.7186, 6972980270.068145]], "15": [[70764171903883.42, -3386233904938.338, 204586436336284.94, -7864480554670.869, 195893874800911.8, -6024441109536.133, 63671453680085.11, -1753850575322.8904], [-3386233904938.338, 162039344917.77298, -9789947491414.342, 376334096513.22864, -9373987750772.936, 288283833394.17084, -3046830471231.4873, 83925920738.82605], [204586436336284.94, -9789947491414.342, 591480247795901.9, -22737015173462.734, 566349166073199.5, -17417273520728.83, 184080664752957.9, -5070560841989.618], [-7864480554670.869, 376334096513.22864, -22737015173462.734, 874030639103.7128, -21770954533933.504, 669535143053.1843, -7076220859827.18, 194916768957.0355], [195893874800911.8, -9373987750772.936, 566349166073199.5, -21770954533933.504, 542285865178186.1, -16677240483501.973, 176259361764878.62, -4855120547280.154], [-6024441109536.133, 288283833394.17084, -17417273520728.83, 669535143053.1843, -16677240483501.973, 512885118355.73676, -5420609225460.037, 149312416462.8142], [63671453680085.11, -3046830471231.4873, 184080664752957.9, -7076220859827.18, 176259361764878.62, -5420609225460.037, 57289641137067.33, -1578061505759.4385], [-1753850575322.8904, 83925920738.82605, -5070560841989.618, 194916768957.0355, -4855120547280.154, 149312416462.8142, -1578061505759.4385, 43468209374.914314]], "16": [[130423291882194.6, -8862673169986.592, 377067035268013.8, -20583433620844.676, 361046039639921.1, -15767561864799.197, 117350918817073.8, -4590292298131.617], [-8862673169986.592, 602246535756.4207, -25622891805052.19, 1398709097623.7246, -24534214728584.734, 1071455454609.1571, -7974364276994.156, 311924808873.8138], [377067035268013.8, -25622891805052.19, 1090139246095964.8, -59508805360152.38, 1043820914175748.5, -45585629069499.81, 339273471829706.9, -13271003076915.76], [-20583433620844.676, 1398709097623.7246, -59508805360152.38, 3248482180670.671, -56980368182316.44, 2488440203608.7837, -18520348727266.965, 724440975651.8779], [361046039639921.1, -24534214728584.734, 1043820914175748.5, -56980368182316.44, 999470576600800.0, -43648766136076.83, 324858266307834.4, -12707138664518.773], [-15767561864799.197, 1071455454609.1571, -45585629069499.81, 2488440203608.7837, -43648766136076.83, 1906223984783.588, -14187173515069.416, 554944724548.7183], [117350918817073.8, -7974364276994.156, 339273471829706.9, -18520348727266.965, 324858266307834.4, -14187173515069.416, 105588794366963.03, -4130205663810.748], [-4590292298131.617, 311924808873.8138, -13271003076915.76, 724440975651.8779, -12707138664518.773, 554944724548.7183, -4130205663810.748, 161556905045.14117]], "17": [[201725489754377.75, -17797715367994.168, 583208959586825.9, -41334943289748.914, 558429312195021.56, -31663875303978.617, 181506472065148.16, -9218066749055.059], [-17797715367994.168, 1570246143438.9036, -51455009852393.14, 3646874553725.8833, -49268766003211.85, 2793621375236.4497, -16013844017420.146, 813286057417.0096], [583208959586825.9, -51455009852393.14, 1686116568394483.2, -119503535720486.48, 1614476081156608.0, -91543492074330.7, 524753717838442.3, -26650370881063.367], [-41334943289748.914, 3646874553725.8833, -119503535720486.48, 8469814790620.33, -114426015170518.52, 6488146300287.932, -37191927201021.836, 1888845414514.8115], [558429312195021.56, -49268766003211.85, 1614476081156608.0, -114426015170518.52, 1545879487507043.5, -87653950568961.16, 502457743330802.56, -25518037808263.164], [-31663875303978.617, 2793621375236.4497, -91543492074330.7, 6488146300287.932, -87653950568961.16, 4970125493246.69, -28490193804133.3, 1446915392007.3538], [181506472065148.16, -16013844017420.146, 524753717838442.3, -37191927201021.836, 502457743330802.56, -28490193804133.3, 163314013720576.22, -8294136635480.512], [-9218066749055.059, 813286057417.0096, -26650370881063.367, 1888845414514.8115, -25518037808263.164, 1446915392007.3538, -8294136635480.512, 421229635845.7123]], "18": [[279251501256689.4, -30175888433456.887, 807344563743283.0, -70083075907168.09, 773041740968891.9, -53685855110299.914, 251262023963374.72, -15629160371564.867], [-30175888433456.887, 3260803392821.9546, -87241570316505.62, 7573169956584.198, -83534810824311.58, 5801287967916.821, -27151348403007.875, 1688885458300.2869], [807344563743283.0, -87241570316505.62, 2334115453892186.0, -202617318400914.5, 2234942495597156.8, -155211281150353.03, 726424130968233.1, -45185496246468.55], [-70083075907168.09, 7573169956584.198, -202617318400914.5, 17588580568077.53, -194008421684123.06, 13473409603545.498, -63058624282300.266, 3922412691628.9785], [773041740968891.9, -83534810824311.58, 2234942495597156.8, -194008421684123.06, 2139983243029745.5, -148616593691009.78, 695559492321124.0, -43265634344471.03], [-53685855110299.914, 5801287967916.821, -155211281150353.03, 13473409603545.498, -148616593691009.78, 10321058350460.965, -48304902757958.97, 3004692312941.9453], [251262023963374.72, -27151348403007.875, 726424130968233.1, -63058624282300.266, 695559492321124.0, -48304902757958.97, 226077941934284.1, -14062644068644.867], [-15629160371564.867, 1688885458300.2869, -45185496246468.55, 3922412691628.9785, -43265634344471.03, 3004692312941.9453, -14062644068644.867, 874733538838.0199]], "19": [[376240400010543.44, -49350826124697.3, 1087749359507207.4, -114616598646277.4, 1041532570411428.1, -87799943546023.14, 338529691130722.56, -25560538662604.273], [-49350826124697.3, 6473265601253.493, -142678270347327.72, 15034068193203.445, -136616091159118.03, 11516572243641.572, -44404375299865.72, 3352733250220.968], [1087749359507207.4, -142678270347327.72, 3144794309901815.5, -331368273483892.6, 3011176860164879.0, -253838589248468.03, 978723854990844.0, -73898123535186.2], [-114616598646277.4, 15034068193203.445, -331368273483892.6, 34916411647642.58, -317288947695481.44, 26747076843152.26, -103128536268542.56, 7786675755693.095], [1041532570411428.1, -136616091159118.03, 3011176860164879.0, -317288947695481.44, 2883236609352524.0, -243053379915886.62, 937139391075726.2, -70758306480688.62], [-87799943546023.14, 11516572243641.572, -253838589248468.03, 26747076843152.26, -243053379915886.62, 20489107725988.027, -78999724030426.2, 5964840170060.704], [338529691130722.56, -44404375299865.72, 978723854990844.0, -103128536268542.56, 937139391075726.2, -78999724030426.2, 304598739991375.0, -22998596797004.88], [-25560538662604.273, 3352733250220.968, -73898123535186.2, 7786675755693.095, -70758306480688.62, 5964840170060.704, -22998596797004.88, 1736499155072.606]], "20": [[3380870795215.6294, -23887115659.27328, 10527602049720.307, -59752252152.66741, 10857027968631.805, -49299041689.15121, 3800776578442.753, -15457955651.93723], [-23887115659.27328, 168771399.1693985, -74381442831.9295, 422171991.92961013, -76708960061.31818, 348316153.45566106, -26853906943.973736, 109216233.59173399], [10527602049720.307, -74381442831.9295, 32781615042525.31, -186060920496.58047, 33807405493929.56, -153510951400.57062, 11835135301345.006, -48134109660.77478], [-59752252152.66741, 422171991.92961013, -186060920496.58047, 1056039066.1389456, -191883071582.70874, 871292914.8501072, -67173510686.195656, 273198155.0984986], [10857027968631.805, -76708960061.31818, 33807405493929.56, -191883071582.70874, 34865294609442.56, -158314560616.5416, 12205476078254.51, -49640304825.74199], [-49299041689.15121, 348316153.45566106, -153510951400.57062, 871292914.8501072, -158314560616.5416, 718866723.5991371, -55422006441.93744, 225404177.2883841], [3800776578442.753, -26853906943.973736, 11835135301345.006, -67173510686.195656, 12205476078254.51, -55422006441.93744, 4272834862450.7705, -17377841198.673378], [-15457955651.93723, 109216233.59173399, -48134109660.77478, 273198155.0984986, -49640304825.74199, 225404177.2883841, -17377841198.673378, 70676582.28034064]], "21": [[21812199402537.414, -399300191955.427, 67920417268746.73, -998826568033.7245, 70045758422419.03, -824089316194.0912, 24521285090497.88, -258397096980.0162], [-399300191955.427, 7309700427.417379, -1243370058773.0884, 18284797098.437054, -1282277145352.0508, 15086008342.030731, -448893468417.97736, 4730289161.616726], [67920417268746.73, -1243370058773.0884, 211495548744342.44, -3110219012213.3623, 218113591030306.03, -2566109413803.8896, 76356165858210.83, -804615725540.904], [-998826568033.7245, 18284797098.437054, -3110219012213.3623, 45738373036.05299, -3207542861644.9053, 37736786110.23743, -1122881309615.6328, 11832547502.587152], [70045758422419.03, -1282277145352.0508, 218113591030306.03, -3207542861644.9053, 224938722704007.72, -2646407182299.6797, 78745475408429.92, -829793470071.2056], [-824089316194.0912, 15086008342.030731, -2566109413803.8896, 37736786110.23743, -2646407182299.6797, 31135017085.266624, -926441606804.5845, 9762531646.947453], [24521285090497.88, -448893468417.97736, 76356165858210.83, -1122881309615.6328, 78745475408429.92, -926441606804.5845, 27566840527761.043, -290490141075.2238], [-258397096980.0162, 4730289161.616726, -804615725540.904, 11832547502.587152, -829793470071.2056, 9762531646.947453, -290490141075.2238, 3061087902.9435544]], "22": [[56058822265663.53, -1677353790962.129, 174560049157692.28, -4195804470292.1216, 180022319141127.3, -3461779799873.1714, 63021355041846.64, -1085457262755.342], [-1677353790962.129, 50188634479.72087, -5223066564217.357, 125543995573.57584, -5386504875863.538, 103581010733.25598, -1885681941194.8188, 32478310835.389046], [174560049157692.28, -5223066564217.357, 543557811784422.8, -13065201960885.123, 560566626423845.3, -10779542409493.293, 196240491495793.22, -3379975987494.1763], [-4195804470292.1216, 125543995573.57584, -13065201960885.123, 314041116837.84717, -13474033539719.004, 259101967762.37778, -4716925410158.138, 81242634991.45074], [180022319141127.3, -5386504875863.538, 560566626423845.3, -13474033539719.004, 578107674745069.8, -11116851955535.807, 202381178046950.56, -3485740974788.275], [-3461779799873.1714, 103581010733.25598, -10779542409493.293, 259101967762.37778, -11116851955535.807, 213774012697.1982, -3891734521474.7466, 67029842475.546196], [63021355041846.64, -1885681941194.8188, 196240491495793.22, -4716925410158.138, 202381178046950.56, -3891734521474.7466, 70848637748552.58, -1220271578569.271], [-1085457262755.342, 32478310835.389046, -3379975987494.1763, 81242634991.45074, -3485740974788.275, 67029842475.546196, -1220271578569.271, 21017520911.957993]], "23": [[105665317655903.69, -4422826324656.068, 329028372326589.4, -11063446819749.902, 339324209270863.25, -9127979387180.934, 118789001112789.7, -2862120501473.7827], [-4422826324656.068, 185125953643.2935, -13772119168029.316, 463081973549.4207, -14203071344975.305, 382069239180.35645, -4972143489050.414, 119799591569.66405], [329028372326589.4, -13772119168029.316, 1024552541908116.8, -34450167568494.594, 1056612469864289.8, -28423367922625.074, 369893854989597.7, -8912279552967.066], [-11063446819749.902, 463081973549.4207, -34450167568494.594, 1158373042818.327, -35528169764718.78, 955724326223.2059, -12437532255023.07, 299671819119.37354], [339324209270863.25, -14203071344975.305, 1056612469864289.8, -35528169764718.78, 1089675605502365.2, -29312781681898.027, 381468439852089.8, -9191159384606.8], [-9127979387180.934, 382069239180.35645, -28423367922625.074, 955724326223.2059, -29312781681898.027, 788527489825.2749, -10261678833090.375, 247246471412.2873], [118789001112789.7, -4972143489050.414, 369893854989597.7, -12437532255023.07, 381468439852089.8, -10261678833090.375, 133542652389745.2, -3217597249285.4346], [-2862120501473.7827, 119799591569.66405, -8912279552967.066, 299671819119.37354, -9191159384606.8, 247246471412.2873, -3217597249285.4346, 77525284044.78659]], "24": [[169903753662300.38, -9181927249803.889, 529058699305763.2, -22968065298924.918, 545613812980065.56, -18949973731260.727, 191005881905262.5, -5941852431371.1455], [-9181927249803.889, 496209096052.46765, -28591354712248.902, 1241238643041.6343, -29486025054093.19, 1024093208275.8256, -10322327047727.264, 321109190220.47424], [529058699305763.2, -28591354712248.902, 1647421562371362.2, -71519636798438.28, 1698972082701796.2, -59007810233940.42, 594768045215771.6, -18502173442596.105], [-22968065298924.918, 1241238643041.6343, -71519636798438.28, 3104887397745.186, -73757603433703.23, 2561710525463.71, -25820710099192.125, 803236254047.4581], [545613812980065.56, -29486025054093.19, 1698972082701796.2, -73757603433703.23, 1752135703289649.2, -60854261312764.8, 613379312002066.5, -19081136769285.137], [-18949973731260.727, 1024093208275.8256, -59007810233940.42, 2561710525463.71, -60854261312764.8, 2113558392177.8413, -21303569618686.71, 662716067552.6326], [191005881905262.5, -10322327047727.264, 594768045215771.6, -25820710099192.125, 613379312002066.5, -21303569618686.71, 214728904665172.72, -6679833372373.58], [-5941852431371.1455, 321109190220.47424, -18502173442596.105, 803236254047.4581, -19081136769285.137, 662716067552.6326, -6679833372373.58, 207797706378.89734]], "25": [[247719123947800.25, -16444914707036.125, 771365874423792.5, -41136012576530.555, 795503176696246.1, -33939574256119.27, 278485958793064.75, -10641911191748.178], [-16444914707036.125, 1091701017716.6603, -51207374750326.58, 2730827589843.886, -52809737421414.07, 2253089688596.716, -18487381056717.137, 706466739746.0575], [771365874423792.5, -51207374750326.58, 2401935315865894.0, -128092316030029.27, 2477095808026951.0, -105683521548216.58, 867169888605074.9, -33137559188579.04], [-41136012576530.555, 2730827589843.886, -128092316030029.27, 6831008860878.488, -132100534507551.4, 5635974854069.044, -46245125207663.28, 1767186100312.227], [795503176696246.1, -52809737421414.07, 2477095808026951.0, -132100534507551.4, 2554608195155611.0, -108990532124400.28, 894305055478338.6, -34174487719159.344], [-33939574256119.27, 2253089688596.716, -105683521548216.58, 5635974854069.044, -108990532124400.28, 4650003125836.029, -38154885771901.36, 1458030084086.1719], [278485958793064.75, -18487381056717.137, 867169888605074.9, -46245125207663.28, 894305055478338.6, -38154885771901.36, 313074049386816.6, -11963641701918.568], [-10641911191748.178, 706466739746.0575, -33137559188579.04, 1767186100312.227, -34174487719159.344, 1458030084086.1719, -11963641701918.568, 457172106893.6099]], "26": [[334833410813624.8, -26252897323980.76, 1042628694174187.2, -65670119530825.82, 1075254254627325.2, -54181622345476.07, 376419882217352.06, -16988899173201.43], [-26252897323980.76, 2058380662278.3748, -81748186325488.61, 5148921372891.145, -84306221040818.48, 4248156015333.356, -29513519856170.098, 1332029036641.6748], [1042628694174187.2, -81748186325488.61, 3246613267397198.5, -204488407552612.12, 3348205116936044.5, -168714687154523.28, 1172123681755086.0, -52901273255169.336], [-65670119530825.82, 5148921372891.145, -204488407552612.12, 12879732009758.766, -210887184931224.22, 10626519041679.494, -73826380106232.27, 3331994369051.441], [1075254254627325.2, -84306221040818.48, 3348205116936044.5, -210887184931224.22, 3452975941931057.5, -173994046197535.16, 1208801352580119.5, -54556640787521.32], [-54181622345476.07, 4248156015333.356, -168714687154523.28, 10626519041679.494, -173994046197535.16, 8767488862160.874, -60911006019591.8, 2749086827479.508], [376419882217352.06, -29513519856170.098, 1172123681755086.0, -73826380106232.27, 1208801352580119.5, -60911006019591.8, 423171413462660.3, -19098928658999.68], [-16988899173201.43, 1332029036641.6748, -52901273255169.336, 3331994369051.441, -54556640787521.32, 2749086827479.508, -19098928658999.68, 861988934783.6246]], "Total": [[3569146322703718.0, -525813858357483.6, 1.0115187760051438e+16, -1151463260873600.2, 9544687869225874.0, -835531677059575.6, 3073276070536791.0, -231521290748940.9], [-525813858357483.6, 117745377719029.61, -1433376915589692.5, 250077604031577.44, -1300081383022075.8, 175671956258348.3, -402204278252689.4, 47038564229419.83], [1.0115187760051438e+16, -1433376915589692.5, 2.881914685515875e+16, -3153403959320065.0, 2.733638437013995e+16, -2299209582223940.0, 8847334132373562.0, -640278114018795.4], [-1151463260873600.2, 250077604031577.44, -3153403959320065.0, 532609374562947.6, -2873927844642335.5, 375259208179769.06, -893540183916495.5, 100803266339969.94], [9544687869225874.0, -1300081383022075.8, 2.733638437013995e+16, -2873927844642335.5, 2.6063488149467076e+16, -2105895876496569.8, 8477751664450634.0, -589459370574551.6], [-835531677059575.6, 175671956258348.3, -2299209582223940.0, 375259208179769.06, -2105895876496569.8, 265243981019832.38, -658115331529671.0, 71495924909720.0], [3073276070536791.0, -402204278252689.4, 8847334132373562.0, -893540183916495.5, 8477751664450634.0, -658115331529671.0, 2771012125715994.0, -185181479555398.2], [-231521290748940.9, 47038564229419.83, -640278114018795.4, 100803266339969.94, -589459370574551.6, 71495924909720.0, -185181479555398.2, 19342543850241.33]]}]