[{"model_name": "SRK_quadTdep", "0": [[118365123930.81187, -4085740721.2379913, 191719454824.4775, -1166853189.9321063, 60161174847.65439, -3431997575.5435705], [-4085740721.2379913, 141032059.8400259, -6617793802.909276, 40277570.24610378, -2076650230.656286, 118466080.07426979], [191719454824.4775, -6617793802.909276, 310533611063.3408, -1889986256.1268513, 97444815333.73286, -5558906900.032076], [-1166853189.9321063, 40277570.24610378, -1889986256.1268513, 11502935.338035878, -593073841.768479, 33832916.199226946], [60161174847.65439, -2076650230.656286, 97444815333.73286, -593073841.768479, 30577984788.54022, -1744373674.966054], [-3431997575.5435705, 118466080.07426979, -5558906900.032076, 33832916.199226946, -1744373674.966054, 99510793.10677622]], "1": [[591114875657.5713, -55591900816.96032, 957392750371.6218, -15891194402.479422, 300411170352.0292, -46782943654.921], [-55591900816.96032, 5228187554.922971, -90038814811.29892, 1494500882.0881562, -28252423808.382412, 4399741692.672964], [957392750371.6218, -90038814811.29892, 1550630708531.042, -25737999401.14064, 486557670039.5852, -75771483582.51054], [-15891194402.479422, 1494500882.0881562, -25737999401.14064, 427209786.0106674, -8076082171.726533, 1257685913.4420743], [300411170352.0292, -28252423808.382412, 486557670039.5852, -8076082171.726533, 152672306160.25854, -23775613564.543938], [-46782943654.921, 4399741692.672964, -75771483582.51054, 1257685913.4420743, -23775613564.543938, 3702569343.3696957]], "2": [[1204486230962.6826, -201339364906.98212, 1950797365451.2192, -57562696639.09642, 612110991720.0995, -169488247744.04614], [-201339364906.98212, 33655461406.767075, -326091151999.50446, 9622058339.667328, -102319175726.07445, 28331296184.855053], [1950797365451.2192, -326091151999.50446, 3159529983177.8013, -93229091429.35326, 991380789016.5071, -274504779444.23474], [-57562696639.09642, 9622058339.667328, -93229091429.35326, 2750935593.2747893, -29252936580.004948, 8099885526.283624], [612110991720.0995, -102319175726.07445, 991380789016.5071, -29252936580.004948, 311070277561.4975, -86132673620.18042], [-169488247744.04614, 28331296184.855053, -274504779444.23474, 8099885526.283624, -86132673620.18042, 23849393529.71081]], "3": [[1756723335531.1428, -457852720935.6709, 2845183005566.6343, -130906847774.77719, 892739475237.9253, -385465008173.5573], [-457852720935.6709, 119329612027.27818, -741536674734.6996, 34118096589.564472, -232673631389.30704, 100463288241.34021], [2845183005566.6343, -741536674734.6996, 4608048502251.867, -212016275453.2338, 1445877749769.5461, -624297786859.2026], [-130906847774.77719, 34118096589.564472, -212016275453.2338, 9754867171.014984, -66524823928.618996, 28723936277.77626], [892739475237.9253, -232673631389.30704, 1445877749769.5461, -66524823928.618996, 453676315745.59766, -195887321674.01874], [-385465008173.5573, 100463288241.34021, -624297786859.2026, 28723936277.77626, -195887321674.01874, 84579779593.64708]], "4": [[2042467879844.9253, -773339328044.8236, 3307966530493.1655, -221114511724.95233, 1037945798490.5631, -651104094669.0244], [-773339328044.8236, 292809361754.18665, -1252494905369.3718, 83720556688.17511, -392997272697.6661, 246527452415.4606], [3307966530493.1655, -1252494905369.3718, 5357559193388.057, -358115499102.985, 1681049673169.6338, -1054523586043.2312], [-221114511724.95233, 83720556688.17511, -358115499102.985, 23937525665.801994, -112366456625.81084, 70487553510.89746], [1037945798490.5631, -392997272697.6661, 1681049673169.6338, -112366456625.81084, 527465568117.531, -330879504206.9532], [-651104094669.0244, 246527452415.4606, -1054523586043.2312, 70487553510.89746, -330879504206.9532, 207560934631.17633]], "5": [[1813402040181.2803, -1083740376373.0187, 2936988636130.502, -309868786450.2888, 921548356803.1375, -912465473532.3356], [-1083740376373.0187, 647673917507.9574, -1755227522301.2107, 185186355707.5936, -550743376768.1931, 545315188690.5692], [2936988636130.502, -1755227522301.2107, 4756751154805.915, -501863946510.76355, 1492541086644.5168, -1477830435416.2993], [-309868786450.2888, 185186355707.5936, -501863946510.76355, 52949463322.85806, -157471462284.94342, 155919406009.37442], [921548356803.1375, -550743376768.1931, 1492541086644.5168, -157471462284.94342, 468319410207.38324, -463703601926.71906], [-912465473532.3356, 545315188690.5692, -1477830435416.2993, 155919406009.37442, -463703601926.71906, 459133287566.6984]], "6": [[98817612044.16412, -2318358816.3355994, 168539894408.07446, -696688500.4823673, 55690199635.91301, -2156159930.3101125], [-2318358816.3355994, 54390988.51001249, -3954112450.426353, 16345000.591706894, -1306547108.7452106, 50585642.38154157], [168539894408.07446, -3954112450.426353, 287455802862.2434, -1188247761.483449, 94983274459.27872, -3677471651.70289], [-696688500.4823673, 16345000.591706894, -1188247761.483449, 4911825.500169373, -392629622.1220947, 15201458.500905273], [55690199635.91301, -1306547108.7452106, 94983274459.27872, -392629622.1220947, 31385076721.96887, -1215137408.018532], [-2156159930.3101125, 50585642.38154157, -3677471651.70289, 15201458.500905273, -1215137408.018532, 47046528.94260531]], "7": [[540619746273.9683, -33112179566.338085, 922003948973.2301, -9964903434.884018, 304636091395.0409, -30884767867.53914], [-33112179566.338085, 2028073231.1205473, -56471411800.41735, 610335960.1110204, -18658521132.7966, 1891647477.8122015], [922003948973.2301, -56471411800.41735, 1572438461194.1873, -16994718342.093178, 519543877562.4354, -52672656027.18472], [-9964903434.884018, 610335960.1110204, -16994718342.093178, 183676791.5914075, -5615165288.457124, 569279482.5383085], [304636091395.0409, -18658521132.7966, 519543877562.4354, -5615165288.457124, 171660670591.59564, -17403387559.658794], [-30884767867.53914, 1891647477.8122015, -52672656027.18472, 569279482.5383085, -17403387559.658794, 1764398901.087103]], "8": [[1233773372123.1755, -128007194356.54547, 2104101339963.8545, -38532526274.910385, 695193351602.7655, -119455621775.90303], [-128007194356.54547, 13281079148.94965, -218305983299.93045, 3997849760.2302856, -72128117273.9632, 12393831265.247461], [2104101339963.8545, -218305983299.93045, 3588375749444.9214, -65714127082.92508, 1185596395328.3516, -203721963469.15436], [-38532526274.910385, 3997849760.2302856, -65714127082.92508, 1203426508.201886, -21711893522.777534, 3730771784.1605363], [695193351602.7655, -72128117273.9632, 1185596395328.3516, -21711893522.777534, 391720073582.87836, -67309569120.68243], [-119455621775.90303, 12393831265.247461, -203721963469.15436, 3730771784.1605363, -67309569120.68243, 11565856336.574404]], "9": [[2056461912381.282, -310141391406.3421, 3507090708417.805, -93366619047.08324, 1158726726999.1714, -289473996192.3921], [-310141391406.3421, 46773383977.76659, -528915213818.5996, 14080909044.718296, -174751167141.77695, 43656470083.17518], [3507090708417.805, -528915213818.5996, 5980993454349.013, -159227457685.9267, 1976092877474.4646, -493669032362.16235], [-93366619047.08324, 14080909044.718296, -159227457685.9267, 4238991979.281995, -52608023639.07178, 13142576657.418232], [1158726726999.1714, -174751167141.77695, 1976092877474.4646, -52608023639.07178, 652892047150.7745, -163105990020.9772], [-289473996192.3921, 43656470083.17518, -493669032362.16235, 13142576657.418232, -163105990020.9772, 40747263038.079956]], "10": [[2932912320065.502, -600516277833.4679, 5001755479050.226, -180790568056.2311, 1652545898706.979, -560547967927.3948], [-600516277833.4679, 122956215729.93665, -1024113664211.1805, 37017021700.15826, -338360170282.32025, 114772670476.33917], [5001755479050.226, -1024113664211.1805, 8529937189411.181, -308318188767.28687, 2818233073893.942, -955952160816.2838], [-180790568056.2311, 37017021700.15826, -308318188767.28687, 11144291383.850426, -101866226863.39197, 34553295320.50123], [1652545898706.979, -338360170282.32025, 2818233073893.942, -101866226863.39197, 931124987491.0227, -315840074416.6328], [-560547967927.3948, 114772670476.33917, -955952160816.2838, 34553295320.50123, -315840074416.6328, 107133794010.08281]], "11": [[3736804275385.7373, -989369346177.2239, 6372678354793.153, -297865304917.6462, 2105481086301.4026, -923564900780.5328], [-989369346177.2239, 261948882258.251, -1687252570012.8123, 78863858060.86414, -557454523230.9495, 244526267553.34827], [6372678354793.153, -1687252570012.8123, 10867850286179.904, -507974098027.01056, 3590649323937.1704, -1575030860251.1006], [-297865304917.6462, 78863858060.86414, -507974098027.01056, 23743213006.39266, -167830509588.24054, 73618504076.94464], [2105481086301.4026, -557454523230.9495, 3590649323937.1704, -167830509588.24054, 1186321326480.3188, -520377383256.0483], [-923564900780.5328, 244526267553.34827, -1575030860251.1006, 73618504076.94464, -520377383256.0483, 228262457194.3111]], "12": [[4480931490636.13, -1548789890651.446, 7641681638065.375, -466295474080.2365, 2524743567683.398, -1445825654325.2883], [-1548789890651.446, 535323990200.8818, -2641272086695.582, 161170443650.2037, -872652778174.9663, 499735414777.7033], [7641681638065.375, -2641272086695.582, 13031955159228.623, -795210007034.9603, 4305641941258.722, -2465679151218.828], [-466295474080.2365, 161170443650.2037, -795210007034.9603, 48523720927.687096, -262730305358.1895, 150455761336.63876], [2524743567683.398, -872652778174.9663, 4305641941258.722, -262730305358.1895, 1422545757702.2156, -814638435864.8599], [-1445825654325.2883, 499735414777.7033, -2465679151218.828, 150455761336.63876, -814638435864.8599, 466512783574.91364]], "13": [[69932234482.45303, -936553454.7144145, 129279028130.36261, -304486188.96859765, 46300581508.01679, -1019488526.3798559], [-936553454.7144145, 12542604.709100058, -1731343511.5246162, 4077770.348706914, -620071271.6751505, 13653296.058519846], [129279028130.36261, -1731343511.5246162, 238989462270.4302, -562883180.8435227, 85592777401.22752, -1884660012.0222583], [-304486188.96859765, 4077770.348706914, -562883180.8435227, 1325738.265890578, -201593552.88358927, 4438871.121335365], [46300581508.01679, -620071271.6751505, 85592777401.22752, -201593552.88358927, 30654588171.616364, -674980743.3077562], [-1019488526.3798559, 13653296.058519846, -1884660012.0222583, 4438871.121335365, -674980743.3077562, 14862342.996933114]], "14": [[434521539260.9532, -15194204180.278461, 803208849422.4866, -4953921888.38517, 287642699799.89856, -16634356414.27316], [-15194204180.278461, 531305861.3035647, -28086339007.01198, 173227087.4150401, -10058193937.082329, 581664624.0273117], [803208849422.4866, -28086339007.01198, 1484723765104.6597, -9157276545.752783, 531704739755.8447, -30748446438.619465], [-4953921888.38517, 173227087.4150401, -9157276545.752783, 56479000.13877865, -3279375906.1899076, 189646070.20408097], [287642699799.89856, -10058193937.082329, 531704739755.8447, -3279375906.1899076, 190412477339.78452, -11011539719.235401], [-16634356414.27316, 581664624.0273117, -30748446438.619465, 189646070.20408097, -11011539719.235401, 636796541.2892836]], "15": [[1038319110268.323, -58619630192.56654, 1919273045470.4688, -19121045039.879395, 687306383896.3904, -64234169039.38827], [-58619630192.56654, 3309446017.058531, -108355008639.84454, 1079502994.8389215, -38802758857.616425, 3626421971.4136777], [1919273045470.4688, -108355008639.84454, 3547665632502.4854, -35344149966.366005, 1270446246772.0837, -118733160178.11978], [-19121045039.879395, 1079502994.8389215, -35344149966.366005, 352121385.2286839, -12657010925.36316, 1182896883.198048], [687306383896.3904, -38802758857.616425, 1270446246772.0837, -12657010925.36316, 454956535686.4684, -42519254445.43011], [-64234169039.38827, 3626421971.4136777, -118733160178.11978, 1182896883.198048, -42519254445.43011, 3973757615.916802]], "16": [[1912143410070.9429, -153298975435.19833, 3534434149389.7397, -50013223708.50183, 1265689057684.4546, -168041458276.21628], [-153298975435.19833, 12290174338.236294, -283360092653.5743, 4009623918.553393, -101471905684.81985, 13472097986.32459], [3534434149389.7397, -283360092653.5743, 6533100336814.642, -92445182126.71042, 2339518366890.1094, -310610315898.1545], [-50013223708.50183, 4009623918.553393, -92445182126.71042, 1308124972.500806, -33104833902.09051, 4395222137.004604], [1265689057684.4546, -101471905684.81985, 2339518366890.1094, -33104833902.09051, 837786947519.1339, -111230273763.64767], [-168041458276.21628, 13472097986.32459, -310610315898.1545, 4395222137.004604, -111230273763.64767, 14767685075.749456]], "17": [[2955163467240.3853, -307606201571.61163, 5462317635049.627, -100363749396.10655, 1956050621636.474, -337244350276.1963], [-307606201571.61163, 32019066388.11939, -568578624540.2872, 10446972585.259754, -203607451321.5554, 35104133744.18868], [5462317635049.627, -568578624540.2872, 10096535869143.203, -185512133025.2489, 3615559654841.1074, -623361713237.0543], [-100363749396.10655, 10446972585.259754, -185512133025.2489, 3408570221.0750527, -66431714039.61199, 11453548283.060064], [1956050621636.474, -203607451321.5554, 3615559654841.1074, -66431714039.61199, 1294728388740.332, -223225221993.27206], [-337244350276.1963, 35104133744.18868, -623361713237.0543, 11453548283.060064, -223225221993.27206, 38486450260.3714]], "18": [[4087750016470.515, -521146508671.41565, 7555741958769.189, -170044066884.55057, 2705687304093.58, -571411736817.7502], [-521146508671.41565, 66440873929.69005, -963280172801.4105, 21678887265.63752, -344947583977.36646, 72849178755.20198], [7555741958769.189, -963280172801.4105, 13965931458009.707, -314307158173.2132, 5001155894679.797, -1056189742085.7596], [-170044066884.55057, 21678887265.63752, -314307158173.2132, 7073569706.105355, -112552399499.03297, 23769842872.62019], [2705687304093.58, -344947583977.36646, 5001155894679.797, -112552399499.03297, 1790898112173.2424, -378218206956.9813], [-571411736817.7502, 72849178755.20198, -1056189742085.7596, 23769842872.62019, -378218206956.9813, 79875572541.73717]], "19": [[5502635617332.047, -851552687846.7817, 10170946046997.51, -277860817140.00165, 3642165227674.4473, -933746785762.6155], [-851552687846.7817, 131780846599.2272, -1573990546818.1194, 42999962588.3993, -563638191749.2878, 144500679398.06073], [10170946046997.51, -1573990546818.1194, 18799744465197.043, -513591590692.2865, 6732095054276.575, -1725916240871.0552], [-277860817140.00165, 42999962588.3993, -513591590692.2865, 14030846138.262573, -183914595967.95865, 47150431708.877266], [3642165227674.4473, -563638191749.2878, 6732095054276.575, -183914595967.95865, 2410729778998.627, -618042027686.7772], [-933746785762.6155, 144500679398.06073, -1725916240871.0552, 47150431708.877266, -618042027686.7772, 158448263805.763]], "20": [[49260083323.46352, -410592431.74736315, 98083422640.18199, -143371219.64099926, 37835874355.020775, -515560747.22121286], [-410592431.74736315, 3422368.24694757, -817544516.753877, 1195027.1648635976, -315369414.962317, 4297299.692431004], [98083422640.18199, -817544516.753877, 195297229475.65958, -285471298.0923508, 75336292692.72209, -1026550489.8628495], [-143371219.64099926, 1195027.1648635976, -285471298.0923508, 417281.1987826412, -110121118.08343422, 1500536.9082053974], [37835874355.020775, -315369414.962317, 75336292692.72209, -110121118.08343422, 29061123969.456272, -395993882.63622826], [-515560747.22121286, 4297299.692431004, -1026550489.8628495, 1500536.9082053974, -395993882.63622826, 5395908.129710539]], "21": [[318322509523.3335, -6874145511.866482, 633766533835.0038, -2412323848.194187, 244455014755.38672, -8718412211.23422], [-6874145511.866482, 148446544.320958, -13686130398.559586, 52093913.11680715, -5278983710.7351, 188273315.205391], [633766533835.0038, -13686130398.559586, 1261802126436.782, -4802833849.377783, 486699503632.6507, -17357986703.27352], [-2412323848.194187, 52093913.11680715, -4802833849.377783, 18281165.090336934, -1852538366.790725, 66070205.738956936], [244455014755.38672, -5278983710.7351, 486699503632.6507, -1852538366.790725, 187728647680.43042, -6695283939.964605], [-8718412211.23422, 188273315.205391, -17357986703.27352, 66070205.738956936, -6695283939.964605, 238785223.19649613]], "22": [[819667511745.2314, -28930160997.44113, 1631872023726.4055, -10160688162.367977, 629422363075.077, -36752015373.00966], [-28930160997.44113, 1021089897.2387303, -57596915453.07809, 358621441.2185527, -22215459363.981266, 1297162210.8795707], [1631872023726.4055, -57596915453.07809, 3248885997873.523, -20228864163.070602, 1253113891537.568, -73169406916.07953], [-10160688162.367977, 358621441.2185527, -20228864163.070602, 125953002.22777845, -7802388483.117552, 455582003.9135248], [629422363075.077, -22215459363.981266, 1253113891537.568, -7802388483.117552, 483333187496.33716, -28221858293.001785], [-36752015373.00966, 1297162210.8795707, -73169406916.07953, 455582003.9135248, -28221858293.001785, 1647876260.341236]], "23": [[1548132641630.8743, -76434989646.06566, 3082116947730.447, -26853043075.462788, 1188769780950.1326, -97158485733.79918], [-76434989646.06566, 3773777184.9055576, -152171442325.23108, 1325798587.436373, -58692390726.13263, 4796945462.804236], [3082116947730.447, -152171442325.23108, 6136066525591.82, -53460677034.644745, 2366675432252.668, -193429043121.59637], [-26853043075.462788, 1325798587.436373, -53460677034.644745, 465777868.7832814, -20619735852.242077, 1685256761.8547235], [1188769780950.1326, -58692390726.13263, 2366675432252.668, -20619735852.242077, 912824621158.7683, -74605410865.53345], [-97158485733.79918, 4796945462.804236, -193429043121.59637, 1685256761.8547235, -74605410865.53345, 6097521036.789566]], "24": [[2494598762196.1455, -159013555805.2972, 4966344522201.774, -55872515118.06059, 1915493499954.5652, -202184695599.1451], [-159013555805.2972, 10136023200.614511, -316570389513.9551, 3561489500.9754963, -122099568542.06122, 12887887168.006136], [4966344522201.774, -316570389513.9551, 9887192396219.205, -111233182507.44733, 3813439177063.326, -402517178585.4096], [-55872515118.06059, 3561489500.9754963, -111233182507.44733, 1251398819.2913458, -42902065517.15718, 4528410593.597291], [1915493499954.5652, -122099568542.06122, 3813439177063.326, -42902065517.15718, 1470823847093.569, -155248802364.31528], [-202184695599.1451, 12887887168.006136, -402517178585.4096, 4528410593.597291, -155248802364.31528, 16386864193.956001]], "25": [[3645104907111.0137, -285411836815.91205, 7256760320912.214, -100293261713.84003, 2798873202775.0806, -362958972301.34326], [-285411836815.91205, 22347756421.418106, -568204577180.7203, 7852965765.172772, -219151865906.65155, 28419699737.927773], [7256760320912.214, -568204577180.7203, 14446928606206.54, -199666177135.26694, 5572062401150.562, -722587232860.4686], [-100293261713.84003, 7852965765.172772, -199666177135.26694, 2759519575.301613, -77009614204.01328, 9986636908.416523], [2798873202775.0806, -219151865906.65155, 5572062401150.562, -77009614204.01328, 2149098971042.0037, -278695995634.9134], [-362958972301.34326, 28419699737.927773, -722587232860.4686, 9986636908.416523, -278695995634.9134, 36141405784.24649]], "26": [[4937701887978.512, -456616875029.5653, 9830036952284.723, -160462503730.3881, 3791343487743.511, -580739260604.7468], [-456616875029.5653, 42225913044.565125, -909038426460.1711, 14838864045.473263, -350606710330.5588, 53704203372.40778], [9830036952284.723, -909038426460.1711, 19569757080422.52, -319450703365.8944, 7547852711411.999, -1156142780771.299], [-160462503730.3881, 14838864045.473263, -319450703365.8944, 5214615156.518916, -123208829197.72441, 18872519622.549065], [3791343487743.511, -350606710330.5588, 7547852711411.999, -123208829197.72441, 2911128652187.616, -445912301658.2509], [-580739260604.7468, 53704203372.40778, -1156142780771.299, 18872519622.549065, -445912301658.2509, 68302642901.315605]], "Total": [[52420133913652.58, -9110250988196.854, 94982080543069.47, -2802881991607.349, 33518968989678.12, -8922006581832.107], [-9110250988196.854, 2407244272246.0225, -15877759459128.188, 718321891445.223, -5385880859760.284, 2213628618923.1787], [94982080543069.47, -15877759459128.188, 173014680207156.3, -4907527925919.506, 61376844692246.125, -15696564732210.701], [-2802881991607.349, 718321891445.223, -4907527925919.506, 214940736926.79337, -1672686405847.3833, 664349693729.7397], [33518968989678.12, -5385880859760.284, 61376844692246.125, -1672686405847.3833, 21885597681558.97, -5376710218261.526], [-8922006581832.107, 2213628618923.1787, -15696564732210.701, 664349693729.7397, -5376710218261.526, 2059982954533.4998]]}]