{
 "cells": [
  {
   "cell_type": "markdown",
   "id": "established-plant",
   "metadata": {},
   "source": [
    "### Import libraries"
   ]
  },
  {
   "cell_type": "code",
   "execution_count": 1,
   "id": "allied-compound",
   "metadata": {},
   "outputs": [],
   "source": [
    "from pyomo.environ import (Constraint,\n",
    "                           Var,\n",
    "                           ConcreteModel,\n",
    "                           Expression,\n",
    "                           Param,\n",
    "                           Objective,\n",
    "                           SolverFactory,\n",
    "                           TransformationFactory,\n",
    "                           value)\n",
    "\n",
    "from pyomo.network import Arc, SequentialDecomposition\n",
    "\n",
    "from idaes.core.util.initialization import propagate_state\n",
    "\n",
    "# Import plotting functions\n",
    "import matplotlib.pyplot as plt\n",
    "\n",
    "# Import numpy library \n",
    "import numpy as np\n",
    "\n",
    "# Import the main FlowsheetBlock from IDAES. The flowsheet block will contain the unit model\n",
    "from idaes.core import FlowsheetBlock\n",
    "\n",
    "import idaes.logger as idaeslog\n",
    "from pyomo.opt import TerminationCondition, SolverStatus\n",
    "\n",
    "# Import the degrees_of_freedom function from the idaes.core.util.model_statistics package\n",
    "# DOF = Number of Model Variables - Number of Model Constraints\n",
    "from idaes.core.util.model_statistics import degrees_of_freedom\n",
    "\n",
    "# Import the Generic Parameter Block\n",
    "from idaes.generic_models.properties.core.generic.generic_property import (\n",
    "        GenericParameterBlock)\n",
    "\n",
    "# Import unit models from the model library\n",
    "from idaes.generic_models.unit_models import Flash\n",
    "\n",
    "# Import R32, R125, IL info file\n",
    "from HFCS_hmimCl_PR import configuration"
   ]
  },
  {
   "cell_type": "markdown",
   "id": "dramatic-protest",
   "metadata": {},
   "source": [
    "### Create model"
   ]
  },
  {
   "cell_type": "code",
   "execution_count": 2,
   "id": "senior-andrew",
   "metadata": {},
   "outputs": [
    {
     "name": "stdout",
     "output_type": "stream",
     "text": [
      "2021-04-27 22:04:50 [INFO] idaes.generic_models.properties.core.generic.generic_property: DEPRECATED - definiton of generic property packages is moving to using static classes instead of modules. Please refer to the IDAES documentation.\n"
     ]
    }
   ],
   "source": [
    "# Create the ConcreteModel and the FlowsheetBlock, and attach the flowsheet block to it.\n",
    "m = ConcreteModel()\n",
    "\n",
    "m.fs = FlowsheetBlock(default={\"dynamic\": False}) \n",
    "\n",
    "# Add properties parameter blocks to the flowsheet with specifications\n",
    "m.fs.props = GenericParameterBlock(default=configuration)"
   ]
  },
  {
   "cell_type": "code",
   "execution_count": 3,
   "id": "elementary-transsexual",
   "metadata": {},
   "outputs": [
    {
     "name": "stdout",
     "output_type": "stream",
     "text": [
      "The initial DOF is 8\n"
     ]
    }
   ],
   "source": [
    "m.fs.F101 = Flash(default={\"property_package\": m.fs.props,\n",
    "                               \"has_heat_transfer\": True,\n",
    "                               \"has_pressure_change\": True})\n",
    "\n",
    "# Call the degrees_of_freedom function, get intitial DOF\n",
    "DOF_initial = degrees_of_freedom(m)\n",
    "print(\"The initial DOF is {0}\".format(DOF_initial))"
   ]
  },
  {
   "cell_type": "code",
   "execution_count": 4,
   "id": "exciting-precipitation",
   "metadata": {},
   "outputs": [
    {
     "name": "stdout",
     "output_type": "stream",
     "text": [
      "The final DOF is 0\n"
     ]
    }
   ],
   "source": [
    "## Update conditions to reduce DOF\n",
    "\n",
    "# Fix Heater H101 inlet conditions\n",
    "m.fs.F101.inlet.mole_frac_comp[0, \"R32\"].fix(0.5)\n",
    "m.fs.F101.inlet.mole_frac_comp[0, \"R125\"].fix(0.5)\n",
    "m.fs.F101.inlet.mole_frac_comp[0, \"hmimCl\"].fix(0.001)\n",
    "\n",
    "m.fs.F101.inlet.flow_mol[0].fix(1)\n",
    "m.fs.F101.inlet.temperature.fix(300)\n",
    "m.fs.F101.inlet.pressure.fix(200000)\n",
    "\n",
    "# Fix F101 Flash outlet conditions\n",
    "m.fs.F101.vap_outlet.temperature.fix(300)\n",
    "m.fs.F101.deltaP.fix(0)\n",
    "\n",
    "DOF_final = degrees_of_freedom(m)\n",
    "print(\"The final DOF is {0}\".format(DOF_final))"
   ]
  },
  {
   "cell_type": "code",
   "execution_count": 5,
   "id": "removable-chicken",
   "metadata": {},
   "outputs": [],
   "source": [
    "solver = SolverFactory('ipopt')\n",
    "solver.options = {'tol': 1e-6}"
   ]
  },
  {
   "cell_type": "markdown",
   "id": "potential-making",
   "metadata": {},
   "source": [
    "### Get flash data"
   ]
  },
  {
   "cell_type": "code",
   "execution_count": 6,
   "id": "suspended-rover",
   "metadata": {},
   "outputs": [
    {
     "name": "stdout",
     "output_type": "stream",
     "text": [
      "Running pressure: 200000 and HFC feed fraction 0.03\n",
      "Running pressure: 200000 and HFC feed fraction 0.15\n",
      "Running pressure: 200000 and HFC feed fraction 0.2\n",
      "Running pressure: 200000 and HFC feed fraction 0.3\n",
      "Running pressure: 200000 and HFC feed fraction 0.4\n",
      "Running pressure: 200000 and HFC feed fraction 0.5\n",
      "Running pressure: 200000 and HFC feed fraction 0.72\n",
      "Running pressure: 200000 and HFC feed fraction 0.91\n",
      "Running pressure: 200000 and HFC feed fraction 0.99\n",
      "Running pressure: 300000 and HFC feed fraction 0.03\n",
      "Running pressure: 300000 and HFC feed fraction 0.15\n",
      "Running pressure: 300000 and HFC feed fraction 0.2\n",
      "Running pressure: 300000 and HFC feed fraction 0.3\n",
      "Running pressure: 300000 and HFC feed fraction 0.4\n",
      "Running pressure: 300000 and HFC feed fraction 0.5\n",
      "Running pressure: 300000 and HFC feed fraction 0.72\n",
      "Running pressure: 300000 and HFC feed fraction 0.91\n",
      "Running pressure: 300000 and HFC feed fraction 0.99\n",
      "Running pressure: 400000 and HFC feed fraction 0.03\n",
      "Running pressure: 400000 and HFC feed fraction 0.15\n",
      "Running pressure: 400000 and HFC feed fraction 0.2\n",
      "Running pressure: 400000 and HFC feed fraction 0.3\n",
      "Running pressure: 400000 and HFC feed fraction 0.4\n",
      "Running pressure: 400000 and HFC feed fraction 0.5\n",
      "Running pressure: 400000 and HFC feed fraction 0.72\n",
      "Running pressure: 400000 and HFC feed fraction 0.91\n",
      "Running pressure: 400000 and HFC feed fraction 0.99\n",
      "Running pressure: 500000 and HFC feed fraction 0.03\n",
      "Running pressure: 500000 and HFC feed fraction 0.15\n",
      "Running pressure: 500000 and HFC feed fraction 0.2\n",
      "Running pressure: 500000 and HFC feed fraction 0.3\n",
      "Running pressure: 500000 and HFC feed fraction 0.4\n",
      "Running pressure: 500000 and HFC feed fraction 0.5\n",
      "Running pressure: 500000 and HFC feed fraction 0.72\n",
      "Running pressure: 500000 and HFC feed fraction 0.91\n",
      "Running pressure: 500000 and HFC feed fraction 0.99\n",
      "Running pressure: 600000 and HFC feed fraction 0.03\n",
      "Running pressure: 600000 and HFC feed fraction 0.15\n",
      "Running pressure: 600000 and HFC feed fraction 0.2\n",
      "Running pressure: 600000 and HFC feed fraction 0.3\n",
      "Running pressure: 600000 and HFC feed fraction 0.4\n",
      "Running pressure: 600000 and HFC feed fraction 0.5\n",
      "Running pressure: 600000 and HFC feed fraction 0.72\n",
      "Running pressure: 600000 and HFC feed fraction 0.91\n",
      "Running pressure: 600000 and HFC feed fraction 0.99\n",
      "Running pressure: 700000 and HFC feed fraction 0.03\n",
      "Running pressure: 700000 and HFC feed fraction 0.15\n",
      "Running pressure: 700000 and HFC feed fraction 0.2\n",
      "Running pressure: 700000 and HFC feed fraction 0.3\n",
      "Running pressure: 700000 and HFC feed fraction 0.4\n",
      "Running pressure: 700000 and HFC feed fraction 0.5\n",
      "Running pressure: 700000 and HFC feed fraction 0.72\n",
      "Running pressure: 700000 and HFC feed fraction 0.91\n",
      "Running pressure: 700000 and HFC feed fraction 0.99\n",
      "Running pressure: 800000 and HFC feed fraction 0.03\n",
      "Running pressure: 800000 and HFC feed fraction 0.15\n",
      "Running pressure: 800000 and HFC feed fraction 0.2\n",
      "Running pressure: 800000 and HFC feed fraction 0.3\n",
      "Running pressure: 800000 and HFC feed fraction 0.4\n",
      "Running pressure: 800000 and HFC feed fraction 0.5\n",
      "Running pressure: 800000 and HFC feed fraction 0.72\n",
      "Running pressure: 800000 and HFC feed fraction 0.91\n",
      "Running pressure: 800000 and HFC feed fraction 0.99\n",
      "Running pressure: 900000 and HFC feed fraction 0.03\n",
      "Running pressure: 900000 and HFC feed fraction 0.15\n",
      "Running pressure: 900000 and HFC feed fraction 0.2\n",
      "Running pressure: 900000 and HFC feed fraction 0.3\n",
      "Running pressure: 900000 and HFC feed fraction 0.4\n",
      "Running pressure: 900000 and HFC feed fraction 0.5\n",
      "Running pressure: 900000 and HFC feed fraction 0.72\n",
      "Running pressure: 900000 and HFC feed fraction 0.91\n",
      "Running pressure: 900000 and HFC feed fraction 0.99\n",
      "Running pressure: 1000000 and HFC feed fraction 0.03\n",
      "Running pressure: 1000000 and HFC feed fraction 0.15\n",
      "Running pressure: 1000000 and HFC feed fraction 0.2\n",
      "Running pressure: 1000000 and HFC feed fraction 0.3\n",
      "Running pressure: 1000000 and HFC feed fraction 0.4\n",
      "Running pressure: 1000000 and HFC feed fraction 0.5\n",
      "Running pressure: 1000000 and HFC feed fraction 0.72\n",
      "Running pressure: 1000000 and HFC feed fraction 0.91\n",
      "Running pressure: 1000000 and HFC feed fraction 0.99\n",
      "Running pressure: 1100000 and HFC feed fraction 0.03\n",
      "Running pressure: 1100000 and HFC feed fraction 0.15\n",
      "Running pressure: 1100000 and HFC feed fraction 0.2\n",
      "Running pressure: 1100000 and HFC feed fraction 0.3\n",
      "Running pressure: 1100000 and HFC feed fraction 0.4\n",
      "Running pressure: 1100000 and HFC feed fraction 0.5\n",
      "Running pressure: 1100000 and HFC feed fraction 0.72\n",
      "Running pressure: 1100000 and HFC feed fraction 0.91\n",
      "Running pressure: 1100000 and HFC feed fraction 0.99\n",
      "Running pressure: 1200000 and HFC feed fraction 0.03\n",
      "Running pressure: 1200000 and HFC feed fraction 0.15\n",
      "Running pressure: 1200000 and HFC feed fraction 0.2\n",
      "Running pressure: 1200000 and HFC feed fraction 0.3\n",
      "Running pressure: 1200000 and HFC feed fraction 0.4\n",
      "Running pressure: 1200000 and HFC feed fraction 0.5\n",
      "Running pressure: 1200000 and HFC feed fraction 0.72\n",
      "Running pressure: 1200000 and HFC feed fraction 0.91\n",
      "Running pressure: 1200000 and HFC feed fraction 0.99\n",
      "Running pressure: 1300000 and HFC feed fraction 0.03\n",
      "Running pressure: 1300000 and HFC feed fraction 0.15\n",
      "Running pressure: 1300000 and HFC feed fraction 0.2\n",
      "Running pressure: 1300000 and HFC feed fraction 0.3\n",
      "Running pressure: 1300000 and HFC feed fraction 0.4\n",
      "Running pressure: 1300000 and HFC feed fraction 0.5\n",
      "Running pressure: 1300000 and HFC feed fraction 0.72\n",
      "Running pressure: 1300000 and HFC feed fraction 0.91\n",
      "Running pressure: 1300000 and HFC feed fraction 0.99\n",
      "Running pressure: 1400000 and HFC feed fraction 0.03\n",
      "Running pressure: 1400000 and HFC feed fraction 0.15\n",
      "Running pressure: 1400000 and HFC feed fraction 0.2\n",
      "Running pressure: 1400000 and HFC feed fraction 0.3\n",
      "Running pressure: 1400000 and HFC feed fraction 0.4\n",
      "Running pressure: 1400000 and HFC feed fraction 0.5\n",
      "Running pressure: 1400000 and HFC feed fraction 0.72\n",
      "Running pressure: 1400000 and HFC feed fraction 0.91\n",
      "Running pressure: 1400000 and HFC feed fraction 0.99\n",
      "Running pressure: 1500000 and HFC feed fraction 0.03\n",
      "Running pressure: 1500000 and HFC feed fraction 0.15\n",
      "Running pressure: 1500000 and HFC feed fraction 0.2\n",
      "Running pressure: 1500000 and HFC feed fraction 0.3\n",
      "Running pressure: 1500000 and HFC feed fraction 0.4\n",
      "Running pressure: 1500000 and HFC feed fraction 0.5\n",
      "Running pressure: 1500000 and HFC feed fraction 0.72\n",
      "Running pressure: 1500000 and HFC feed fraction 0.91\n",
      "Running pressure: 1500000 and HFC feed fraction 0.99\n",
      "Running pressure: 1600000 and HFC feed fraction 0.03\n",
      "Running pressure: 1600000 and HFC feed fraction 0.15\n",
      "Running pressure: 1600000 and HFC feed fraction 0.2\n",
      "Running pressure: 1600000 and HFC feed fraction 0.3\n",
      "Running pressure: 1600000 and HFC feed fraction 0.4\n",
      "Running pressure: 1600000 and HFC feed fraction 0.5\n",
      "Running pressure: 1600000 and HFC feed fraction 0.72\n",
      "Running pressure: 1600000 and HFC feed fraction 0.91\n",
      "Running pressure: 1600000 and HFC feed fraction 0.99\n"
     ]
    }
   ],
   "source": [
    "# Set pressures to loop over\n",
    "P = [200000,300000,400000,500000,600000,700000,800000,900000,1000000,1100000,1200000,1300000,1400000,1500000,1600000]\n",
    "\n",
    "# Set fraction of feed compositions of HFCs to loop over\n",
    "HFC_feed_frac = [0.03,0.15,0.2,0.3,0.4,0.5,0.72,0.91,0.99]\n",
    "\n",
    "# Make outlet arrays\n",
    "IL_x = np.zeros((len(P),len(HFC_feed_frac)))\n",
    "IL_y = np.zeros((len(P),len(HFC_feed_frac)))\n",
    "R32_x = np.zeros((len(P),len(HFC_feed_frac)))\n",
    "R32_y = np.zeros((len(P),len(HFC_feed_frac)))\n",
    "R125_x = np.zeros((len(P),len(HFC_feed_frac)))\n",
    "R125_y = np.zeros((len(P),len(HFC_feed_frac))) \n",
    "\n",
    "for i in range(len(P)):\n",
    "    \n",
    "    # Fix pressure\n",
    "    m.fs.F101.inlet.pressure.fix(P[i])\n",
    "    \n",
    "    for j in range(len(HFC_feed_frac)):\n",
    "        \n",
    "        # Fix inlet mole fractions\n",
    "        fract = 1 - HFC_feed_frac[j] \n",
    "        m.fs.F101.inlet.mole_frac_comp[0, \"R32\"].fix(0.85*HFC_feed_frac[j])\n",
    "        m.fs.F101.inlet.mole_frac_comp[0, \"R125\"].fix(0.85*fract)\n",
    "        m.fs.F101.inlet.mole_frac_comp[0, \"hmimCl\"].fix(0.15)   \n",
    "\n",
    "        m.fs.F101.initialize(outlvl=idaeslog.CRITICAL) \n",
    "        # solve the model\n",
    "        status = solver.solve(m, tee = False)\n",
    "        # model.display()\n",
    "        \n",
    "        # If solution is optimal store the concentration, and calculated temperatures in the created arrays\n",
    "        if (status.solver.status == SolverStatus.ok) and (status.solver.termination_condition == TerminationCondition.optimal):\n",
    "\n",
    "            IL_x[i,j] = value(m.fs.F101.liq_outlet.mole_frac_comp[0, \"hmimCl\"])\n",
    "            IL_y[i,j] = value(m.fs.F101.vap_outlet.mole_frac_comp[0, \"hmimCl\"])\n",
    "            R32_x[i,j] = value(m.fs.F101.liq_outlet.mole_frac_comp[0, \"R32\"]) \n",
    "            R32_y[i,j] = value(m.fs.F101.vap_outlet.mole_frac_comp[0, \"R32\"])\n",
    "            R125_x[i,j] = value(m.fs.F101.liq_outlet.mole_frac_comp[0, \"R125\"])\n",
    "            R125_y[i,j] = value(m.fs.F101.vap_outlet.mole_frac_comp[0, \"R125\"])\n",
    "\n",
    "            #Change this to feasible\n",
    "            print(\"Running pressure:\",P[i],\"and HFC feed fraction\",HFC_feed_frac[j])\n",
    "#             print(value(m.fs.F101.liq_outlet.flow_mol[0]))\n",
    "#             print(value(m.fs.F101.vap_outlet.flow_mol[0]))\n",
    "        else:\n",
    "            print('Infeasible.')"
   ]
  },
  {
   "cell_type": "code",
   "execution_count": 7,
   "id": "minor-trading",
   "metadata": {},
   "outputs": [
    {
     "name": "stdout",
     "output_type": "stream",
     "text": [
      "IL_x = [[85.78268568 86.41431202 86.67500332 87.19211973 87.70369174 88.20988504\n",
      "  89.30534647 90.23229366 90.61752358]\n",
      " [79.10525467 80.05548215 80.4455324  81.21567425 81.97301537 82.71809399\n",
      "  84.31652826 85.65486133 86.2074014 ]\n",
      " [72.69707105 73.97047742 74.49004002 75.51074996 76.50807191 77.48328997\n",
      "  79.5565712  81.27382816 81.97810626]\n",
      " [66.54195852 68.14585913 68.79588583 70.0659081  71.29829034 72.49561276\n",
      "  75.01721162 77.08283001 77.92429478]\n",
      " [60.62102549 62.56638062 63.34886283 64.86848924 66.33211729 67.74440179\n",
      "  70.68968427 73.07516178 74.04031447]\n",
      " [54.91169018 57.21452334 58.13285633 59.90443445 61.59693386 63.21817028\n",
      "  66.56474702 69.24380103 70.32022222]\n",
      " [49.38608149 52.06978122 53.12932826 55.15802251 57.07893362 58.90456309\n",
      "  62.63270519 65.58143349 66.75780484]\n",
      " [44.00823645 47.10749287 48.31649306 50.61146034 52.76293019 54.79028116\n",
      "  58.8834299  62.08047833 63.34660158]\n",
      " [38.72878601 42.29682012 43.66792734 46.24421351 48.6320414  50.86094611\n",
      "  55.30636356 58.73311034 60.07992125]\n",
      " [33.47378016 37.59699939 39.15008064 42.03186343 44.66715787 47.10086267\n",
      "  51.89050269 55.5312758  56.95086622]\n",
      " [28.11744802 32.94974165 34.71747549 37.94405639 40.84602503 43.49260692\n",
      "  48.62434491 52.46669783 53.95233763]\n",
      " [22.3981397  28.26176409 30.30246239 33.94056972 37.14159718 40.01631034\n",
      "  45.49578014 49.53086601 51.07704011]\n",
      " [15.5053139  23.35610248 25.78981946 29.96301883 33.51891324 36.64838543\n",
      "  42.49189485 46.7150031  48.31746949]\n",
      " [15.00003562 17.78083577 20.93630337 25.91471417 29.9286359  33.35914924\n",
      "  39.59863614 44.00999843 45.665881  ]\n",
      " [15.00001786 15.00005916 15.00481293 21.598978   26.291828   30.10804393\n",
      "  36.80023949 41.40629214 43.11422895]]\n",
      "IL_y = [[1.e-06 1.e-06 1.e-06 1.e-06 1.e-06 1.e-06 1.e-06 1.e-06 1.e-06]\n",
      " [1.e-06 1.e-06 1.e-06 1.e-06 1.e-06 1.e-06 1.e-06 1.e-06 1.e-06]\n",
      " [1.e-06 1.e-06 1.e-06 1.e-06 1.e-06 1.e-06 1.e-06 1.e-06 1.e-06]\n",
      " [1.e-06 1.e-06 1.e-06 1.e-06 1.e-06 1.e-06 1.e-06 1.e-06 1.e-06]\n",
      " [1.e-06 1.e-06 1.e-06 1.e-06 1.e-06 1.e-06 1.e-06 1.e-06 1.e-06]\n",
      " [1.e-06 1.e-06 1.e-06 1.e-06 1.e-06 1.e-06 1.e-06 1.e-06 1.e-06]\n",
      " [1.e-06 1.e-06 1.e-06 1.e-06 1.e-06 1.e-06 1.e-06 1.e-06 1.e-06]\n",
      " [1.e-06 1.e-06 1.e-06 1.e-06 1.e-06 1.e-06 1.e-06 1.e-06 1.e-06]\n",
      " [1.e-06 1.e-06 1.e-06 1.e-06 1.e-06 1.e-06 1.e-06 1.e-06 1.e-06]\n",
      " [1.e-06 1.e-06 1.e-06 1.e-06 1.e-06 1.e-06 1.e-06 1.e-06 1.e-06]\n",
      " [1.e-06 1.e-06 1.e-06 1.e-06 1.e-06 1.e-06 1.e-06 1.e-06 1.e-06]\n",
      " [1.e-06 1.e-06 1.e-06 1.e-06 1.e-06 1.e-06 1.e-06 1.e-06 1.e-06]\n",
      " [1.e-06 1.e-06 1.e-06 1.e-06 1.e-06 1.e-06 1.e-06 1.e-06 1.e-06]\n",
      " [1.e-06 1.e-06 1.e-06 1.e-06 1.e-06 1.e-06 1.e-06 1.e-06 1.e-06]\n",
      " [1.e-06 1.e-06 1.e-06 1.e-06 1.e-06 1.e-06 1.e-06 1.e-06 1.e-06]]\n",
      "R32_x = [[ 0.28921473  1.43979333  1.91630753  2.86439869  3.80610637  4.74166073\n",
      "   6.77929229  8.5176338   9.24396325]\n",
      " [ 0.43273211  2.14872698  2.85691947  4.26185014  5.65214862  7.02853691\n",
      "  10.01088404 12.53993493 13.59283694]\n",
      " [ 0.57612176  2.8524271   3.78820015  5.6387199   7.46273282  9.26192021\n",
      "  13.14007961 16.40942992 17.76585132]\n",
      " [ 0.71996251  3.55280299  4.71228647  6.99727604  9.24005272 11.44392516\n",
      "  16.16942474 20.13017136 21.76806936]\n",
      " [ 0.86498552  4.25215831  5.63171288  8.34013085 10.98658238 13.57690934\n",
      "  19.10173169 23.70652514 25.60486304]\n",
      " [ 1.0121467   4.95334125  6.54955024  9.67034135 12.70514207 15.66351523\n",
      "  21.94008995 27.1431604  29.28189651]\n",
      " [ 1.16274973  5.65998365  7.46962146 10.99155882 14.3989928  17.70672775\n",
      "  24.68787869 30.44503719 32.80510668]\n",
      " [ 1.3186727   6.37690076  8.39685121 12.30825983 16.07197649 19.70995642\n",
      "  27.34878345 33.61739368 36.18068267]\n",
      " [ 1.48282369  7.11080178  9.33786367 13.62611709 17.72873066 21.67715621\n",
      "  29.92682105 36.66573481 39.41504665]\n",
      " [ 1.66017542  7.87165428 10.30207368 14.95262466 19.37502919 23.61301108\n",
      "  32.42637802 39.59582514 42.51483644]\n",
      " [ 1.86056903  8.6755905  11.30385673 16.29821769 21.01834825 25.52322238\n",
      "  34.852271   42.41368941 45.48689546]\n",
      " [ 2.10883789  9.55207124 12.36740171 17.67844397 22.66885985 27.41498029\n",
      "  37.20984197 45.12562495 48.33827064]\n",
      " [ 2.51133174 10.56599389 13.53958572 19.11865777 24.34130914 29.29777491\n",
      "  39.50510919 47.73823243 51.07622423]\n",
      " [ 2.54999728 11.92030063 14.93510567 20.66588903 26.05893281 31.18488724\n",
      "  41.74501006 50.25847349 53.70826481]\n",
      " [ 2.54999867 12.74998085 16.99804227 22.42743858 27.86289102 33.0963868\n",
      "  43.93780182 52.6937692  56.24220618]]\n",
      "R32_y = [[ 3.0290971  15.12561765 20.15668471 30.20320058 40.22951041 50.23631988\n",
      "  72.1858934  91.0739667  99.00886469]\n",
      " [ 3.04541989 15.19436118 20.24156898 30.31113047 40.34909102 50.35716069\n",
      "  72.27725327 91.10915199 99.01302582]\n",
      " [ 3.06316597 15.26759185 20.33126348 30.4234095  40.47165478 50.47927249\n",
      "  72.36693146 91.14290402 99.01698095]\n",
      " [ 3.08258671 15.34583639 20.42620444 30.54015768 40.59698913 50.60220294\n",
      "  72.45441537 91.17503712 99.02071032]\n",
      " [ 3.10402562 15.42978399 20.52695589 30.6615367  40.72485926 50.72544849\n",
      "  72.53915613 91.2053574  99.02419338]\n",
      " [ 3.127971   15.52037076 20.63427697 30.78778244 40.85501904 50.84845597\n",
      "  72.62056705 91.23366191 99.02740864]\n",
      " [ 3.15515049 15.61892023 20.74923149 30.91925633 40.98722812 50.97062486\n",
      "  72.69802048 91.2597371  99.03033355]\n",
      " [ 3.18671259 15.72738877 20.87337382 31.05652873 41.12127876 51.09131033\n",
      "  72.77084233 91.28335663 99.03294391]\n",
      " [ 3.22460866 15.84882151 21.00908107 31.20051935 41.25703912 51.20982756\n",
      "  72.83830331 91.30427796 99.03521456]\n",
      " [ 3.27250339 15.98827003 21.16018879 31.35274598 41.39452573 51.32545858\n",
      "  72.89960554 91.32223778 99.03711699]\n",
      " [ 3.33837473 16.15484803 21.33332092 31.51579478 41.53403187 51.43746455\n",
      "  72.95386275 91.33694545 99.03862039]\n",
      " [ 3.44447239 16.36708526 21.54103219 31.69428783 41.67637045 51.54511067\n",
      "  73.00007099 91.34807423 99.03968992]\n",
      " [ 3.69784871 16.67049903 21.81066568 31.89711375 41.82337284 51.64772036\n",
      "  73.03706558 91.35524894 99.04028561]\n",
      " [ 3.69692471 17.22544966 22.21762671 32.1434781  41.97902827 51.74480155\n",
      "  73.06345647 91.35802894 99.04036066]\n",
      " [ 3.6650405  17.60602517 23.10148468 32.48417563 42.15250061 51.83636404\n",
      "  73.07752881 91.35588391 99.03985908]]\n",
      "R125_x = [[13.92809959 12.14589465 11.40868915  9.94348158  8.49020189  7.04845423\n",
      "   3.91536124  1.25007254  0.13851317]\n",
      " [20.46201322 17.79579088 16.69754813 14.52247561 12.37483601 10.25336909\n",
      "   5.67258769  1.80520374  0.19976166]\n",
      " [26.72680719 23.17709548 21.72175983 18.85053013 16.02919526 13.25478982\n",
      "   7.30334919  2.31674191  0.25604241]\n",
      " [32.73807897 28.30133788 26.4918277  22.93681587 19.46165694 16.06046208\n",
      "   8.81336364  2.78699863  0.30763586]\n",
      " [38.51398899 33.18146107 31.01942428 26.7913799  22.68130033 18.67868887\n",
      "  10.20858405  3.21831307  0.35482249]\n",
      " [44.07616312 37.8321354  35.31759343 30.4252242  25.69792407 21.11831449\n",
      "  11.49516303  3.61303857  0.39788126]\n",
      " [49.45116878 42.27023513 39.40105028 33.85041866 28.52207359 23.38870915\n",
      "  12.67941613  3.97352932  0.43708848]\n",
      " [54.67309085 46.51560637 43.28665573 37.08027983 31.16509332 25.49976242\n",
      "  13.76778665  4.30212799  0.47271575]\n",
      " [59.78839029 50.5923781  46.99420898 40.1296694  33.63922793 27.46189768\n",
      "  14.76681539  4.60115485  0.5050321 ]\n",
      " [64.86604443 54.53134633 50.54784568 43.01551191 35.95781294 29.28612625\n",
      "  15.68311929  4.87289906  0.53429734]\n",
      " [70.02198295 58.37466785 53.97866778 45.75772592 38.13562672 30.9841707\n",
      "  16.52338409  5.11961276  0.56076692]\n",
      " [75.49302242 62.18616467 57.3301359  48.38098631 40.18954297 32.56870937\n",
      "  17.29437789  5.34350903  0.58468925]\n",
      " [81.98335436 66.07790363 60.67059482 50.9183234  42.13977762 34.05383965\n",
      "  18.00299596  5.54676447  0.60630628]\n",
      " [82.44996711 70.2988636  64.12859097 53.4193968  44.01243129 35.45596351\n",
      "  18.6563538   5.73152807  0.6258542 ]\n",
      " [82.44998347 72.24995999 67.99714481 55.97358342 45.84528098 36.79556928\n",
      "  19.26195868  5.89993867  0.64356487]]\n",
      "R125_y = [[96.9709029  84.87438235 79.84331529 69.79679942 59.77048959 49.76368012\n",
      "  27.8141066   8.9260333   0.99113531]\n",
      " [96.95458011 84.80563882 79.75843102 69.68886953 59.65090898 49.64283931\n",
      "  27.72274673  8.89084801  0.98697418]\n",
      " [96.93683403 84.73240815 79.66873652 69.5765905  59.52834522 49.52072751\n",
      "  27.63306854  8.85709598  0.98301905]\n",
      " [96.91741329 84.65416361 79.57379556 69.45984232 59.40301087 49.39779706\n",
      "  27.54558463  8.82496288  0.97928968]\n",
      " [96.89597438 84.57021601 79.47304411 69.3384633  59.27514074 49.27455151\n",
      "  27.46084387  8.7946426   0.97580662]\n",
      " [96.872029   84.47962924 79.36572303 69.21221756 59.14498096 49.15154403\n",
      "  27.37943295  8.76633809  0.97259136]\n",
      " [96.84484951 84.38107977 79.25076851 69.08074367 59.01277188 49.02937514\n",
      "  27.30197952  8.7402629   0.96966645]\n",
      " [96.81328741 84.27261123 79.12662618 68.94347127 58.87872124 48.90868967\n",
      "  27.22915767  8.71664337  0.96705609]\n",
      " [96.77539134 84.15117849 78.99091893 68.79948065 58.74296088 48.79017244\n",
      "  27.16169669  8.69572204  0.96478544]\n",
      " [96.72749661 84.01172997 78.83981121 68.64725402 58.60547427 48.67454142\n",
      "  27.10039446  8.67776222  0.96288301]\n",
      " [96.66162527 83.84515197 78.66667908 68.48420522 58.46596813 48.56253545\n",
      "  27.04613725  8.66305455  0.96137961]\n",
      " [96.55552761 83.63291474 78.45896781 68.30571217 58.32362955 48.45488933\n",
      "  26.99992901  8.65192577  0.96031008]\n",
      " [96.30215129 83.32950097 78.18933432 68.10288625 58.17662716 48.35227964\n",
      "  26.96293442  8.64475106  0.95971439]\n",
      " [96.30307529 82.77455034 77.78237329 67.8565219  58.02097173 48.25519845\n",
      "  26.93654353  8.64197106  0.95963934]\n",
      " [96.3349595  82.39397483 76.89851532 67.51582437 57.84749939 48.16363596\n",
      "  26.92247119  8.64411609  0.96014092]]\n"
     ]
    }
   ],
   "source": [
    "IL_x = IL_x*100\n",
    "IL_y = IL_y*100\n",
    "R32_x = R32_x*100\n",
    "R32_y = R32_y*100\n",
    "R125_x = R125_x*100\n",
    "R125_y = R125_y*100\n",
    "\n",
    "print(\"IL_x =\", IL_x)\n",
    "print(\"IL_y =\", IL_y)\n",
    "print(\"R32_x =\", R32_x)\n",
    "print(\"R32_y =\", R32_y)\n",
    "print(\"R125_x =\", R125_x)\n",
    "print(\"R125_y =\", R125_y)"
   ]
  },
  {
   "cell_type": "markdown",
   "id": "eligible-commissioner",
   "metadata": {},
   "source": [
    "##### Store"
   ]
  },
  {
   "cell_type": "code",
   "execution_count": 8,
   "id": "rotary-samuel",
   "metadata": {},
   "outputs": [],
   "source": [
    "points_x = []\n",
    "\n",
    "for i in range(len(P)):\n",
    "    for j in range(len(HFC_feed_frac)): #to shift how points are printed, shift the order\n",
    "        points = (IL_x[i,j], R125_x[i,j], R32_x[i,j])\n",
    "        points_x.append(points)"
   ]
  },
  {
   "cell_type": "code",
   "execution_count": 9,
   "id": "german-terrace",
   "metadata": {},
   "outputs": [],
   "source": [
    "# points_y = []\n",
    "\n",
    "# for i in range(len(P)):\n",
    "#     for j in range(len(HFC_feed_frac)): #to shift how points are printed, shift the order\n",
    "#         points = (IL_x[i,j], R125_x[i,j], R32_x[i,j])\n",
    "#         points_x.append(points)"
   ]
  },
  {
   "cell_type": "markdown",
   "id": "increasing-creature",
   "metadata": {},
   "source": [
    "### Ternary Diagram"
   ]
  },
  {
   "cell_type": "code",
   "execution_count": 11,
   "id": "breeding-award",
   "metadata": {},
   "outputs": [
    {
     "name": "stdout",
     "output_type": "stream",
     "text": [
      "points 1 are: [(85.7826856820701, 13.928099591117494, 0.28921472681240634), (86.41431202225782, 12.145894651683882, 1.4397933260583093), (86.675003316979, 11.408689148785122, 1.916307534235875), (87.19211972612496, 9.943481580870916, 2.8643986930041287), (87.70369174334255, 8.49020188995187, 3.8061063667055763), (88.20988504175973, 7.048454230809639, 4.741660727430638), (89.30534647192609, 3.9153612387290733, 6.779292289344853), (90.23229365613665, 1.250072540174798, 8.517633803688542), (90.6175235831383, 0.13851317181563183, 9.243963245046066)]\n",
      "points 2 are: [(79.10525466859278, 20.462013223558305, 0.43273210784891764), (80.05548214570022, 17.795790878864274, 2.148726975435498), (80.4455323971158, 16.697548133787045, 2.8569194690971766), (81.21567424884721, 14.522475610315821, 4.261850140836972), (81.97301536818277, 12.374836007789462, 5.6521486240277605), (82.71809399473926, 10.253369091477666, 7.028536913783066), (84.31652826241397, 5.672587693343089, 10.010884044242946), (85.65486132794547, 1.805203742980824, 12.539934929073699), (86.20740140330183, 0.19976165687658692, 13.59283693982159)]\n",
      "points 3 are: [(72.69707104680663, 26.726807189455997, 0.5761217637373811), (73.97047742296016, 23.177095481188783, 2.852427095851057), (74.49004002056577, 21.721759830430585, 3.788200149003652), (75.51074996447447, 18.850530133530448, 5.63871990199509), (76.50807191183291, 16.029195263476694, 7.462732824690396), (77.483289969362, 13.254789820055771, 9.26192021058222), (79.55657119813027, 7.303349187852774, 13.140079614016967), (81.27382816453878, 2.3167419124570157, 16.409429923004193), (81.97810626437628, 0.2560424132734413, 17.765851322350276)]\n",
      "points 4 are: [(66.54195851852768, 32.73807897247414, 0.7199625089981808), (68.1458591333652, 28.301337875904096, 3.5528029907307093), (68.79588582687329, 26.49182770164623, 4.7122864714805), (70.06590809774265, 22.936815867145814, 6.997276035111543), (71.29829033859646, 19.461656943905645, 9.2400527174979), (72.49561275990189, 16.06046208019895, 11.443925159899166), (75.01721161844556, 8.813363640629305, 16.16942474092515), (77.08283001351265, 2.7869986254524646, 20.13017136103489), (77.92429477900713, 0.3076358645520133, 21.76806935644087)]\n",
      "points 5 are: [(60.621025489435254, 38.51398898603857, 0.8649855245196733), (62.566380623516835, 33.18146106682608, 4.252158309657079), (63.34886283375914, 31.01942428388248, 5.631712882358389), (64.86848924434267, 26.791379901097258, 8.340130854560057), (66.33211728858542, 22.681300328051528, 10.986582383363048), (67.74440178592992, 18.678688871104786, 13.576909342965296), (70.6896842659271, 10.208584045106358, 19.10173168896653), (73.07516178189587, 3.2183130735294494, 23.706525144574677), (74.04031446614188, 0.35482249338819283, 25.60486304046995)]\n",
      "points 6 are: [(54.911690178252655, 44.07616312034052, 1.012146701406809), (57.214523340771386, 37.83213540472482, 4.953341254503798), (58.13285632850121, 35.31759342675086, 6.5495502447479375), (59.90443445167004, 30.425224200156322, 9.670341348173633), (61.59693385666861, 25.69792406983987, 12.705142073491526), (63.218170277630456, 21.118314494419145, 15.663515227950386), (66.56474702164678, 11.49516302668147, 21.94008995167175), (69.24380102760847, 3.6130385729926893, 27.14316039939883), (70.32022222081005, 0.39788126446642463, 29.281896514723506)]\n",
      "points 7 are: [(49.38608148713556, 49.45116878453492, 1.1627497283295085), (52.06978121953752, 42.27023512862892, 5.659983651833586), (53.12932825502865, 39.401050281045954, 7.469621463925414), (55.15802251367066, 33.85041866490785, 10.991558821421489), (57.07893361683579, 28.52207358730825, 14.398992795855953), (58.90456309404829, 23.38870915478847, 17.70672775116325), (62.63270518525672, 12.679416129555712, 24.68787868518758), (65.58143348908196, 3.9735293174309794, 30.445037193487074), (66.75780484298616, 0.4370884752997072, 32.80510668171414)]\n",
      "points 8 are: [(44.0082364459394, 54.67309085029306, 1.3186727037675519), (47.10749286830549, 46.51560636780893, 6.376900763885588), (48.31649306148017, 43.28665572853431, 8.396851209985538), (50.6114603431316, 37.08027982677119, 12.30825983009721), (52.76293018672716, 31.165093318408406, 16.071976494864444), (54.790281161877715, 25.499762415008263, 19.70995642311403), (58.88342989602384, 13.767786653952344, 27.348783450023824), (62.08047832857877, 4.302127986548703, 33.617393684872525), (63.34660158099976, 0.47271574506357605, 36.180682673936666)]\n",
      "points 9 are: [(38.72878601182842, 59.78839029405479, 1.4828236941167876), (42.29682011837907, 50.59237810234492, 7.110801779276022), (43.667927342633064, 46.9942089845431, 9.337863672823824), (46.24421350590383, 40.12966940129096, 13.626117092805215), (48.63204140301365, 33.63922793337717, 17.72873066360918), (50.86094611053256, 27.46189768340086, 21.67715620606659), (55.306363555091146, 14.766815392947649, 29.926821051961213), (58.73311034149098, 4.601154853146026, 36.66573480536299), (60.07992125387788, 0.505032097381666, 39.41504664874045)]\n",
      "points 10 are: [(33.47378015509197, 64.86604442836642, 1.6601754165416136), (37.596999393875976, 54.53134632652037, 7.871654279603655), (39.15008063978742, 50.54784568467876, 10.302073675533839), (42.03186342566141, 43.015511910123685, 14.95262466421491), (44.66715787009321, 35.95781293524452, 19.37502919466228), (47.10086266634507, 29.286126252677263, 23.613011080977675), (51.89050269041229, 15.683119289915021, 32.42637801967268), (55.53127580119492, 4.872899056643149, 39.595825142161935), (56.95086622028642, 0.534297340081907, 42.514836439631665)]\n",
      "points 11 are: [(28.117448019853974, 70.02198295104162, 1.8605690291044072), (32.94974165161433, 58.37466784873367, 8.675590499652), (34.71747548780136, 53.97866778466326, 11.303856727535397), (37.94405639159856, 45.75772592084783, 16.298217687553603), (40.84602502887455, 38.13562671840599, 21.01834825271946), (43.492606915321126, 30.984170700550017, 25.523222384128864), (48.62434490861736, 16.52338408794854, 34.85227100343412), (52.46669782966779, 5.119612762108668, 42.413689408223526), (53.95233762627453, 0.5607669183313806, 45.48689545539409)]\n",
      "points 12 are: [(22.39813969535387, 75.49302241719367, 2.1088378874524554), (28.261764085082465, 62.186164674795954, 9.552071240121583), (30.302462386805313, 57.330135901838034, 12.367401711356663), (33.94056971534113, 48.38098631363606, 17.67844397102282), (37.14159717883726, 40.18954296890769, 22.668859852255054), (40.01631034002834, 32.56870936677389, 27.41498029319778), (45.495780140949485, 17.294377887693997, 37.209841971356525), (49.53086601442518, 5.343509032899233, 45.12562495267557), (51.077040107991024, 0.5846892512820809, 48.3382706407269)]\n",
      "points 13 are: [(15.505313901528028, 81.98335435912207, 2.5113317393498993), (23.356102482783207, 66.0779036282276, 10.56599388898919), (25.78981945796381, 60.67059482006625, 13.539585721969951), (29.96301882575721, 50.91832340265625, 19.118657771586527), (33.518913239632504, 42.139777615389136, 24.34130914497836), (36.64838543499477, 34.05383965156601, 29.297774913439216), (42.49189485074988, 18.00299596186019, 39.505109187389934), (46.71500310441908, 5.546764467101543, 47.73823242847937), (48.317469490742404, 0.6063062771032969, 51.076224232154324)]\n",
      "points 14 are: [(15.000035616841782, 82.44996710648044, 2.549997276677714), (17.7808357698738, 70.29886359706154, 11.920300633064674), (20.93630336636584, 64.12859096745363, 14.935105666180531), (25.91471417162677, 53.4193967989956, 20.665889029377624), (29.92863589804859, 44.012431294713586, 26.058932807237834), (33.35914924217789, 35.45596351361422, 31.184887244207886), (39.598636137716795, 18.65635379976764, 41.74501006251557), (44.00999843072199, 5.731528074621238, 50.258473494656776), (45.665880995850465, 0.6258541976492905, 53.70826480650024)]\n",
      "points 15 are: [(15.000017861819268, 82.44998346595749, 2.549998672223223), (15.000059163209, 72.2499599899931, 12.749980846797609), (15.004812926768635, 67.99714480649548, 16.99804226673591), (21.598977999002923, 55.97358342134279, 22.427438579654286), (26.291828002187362, 45.84528097906671, 27.862891018745938), (30.108043925343164, 36.795569277497734, 33.096386797159106), (36.800239494529876, 19.261958680531684, 43.937801824938425), (41.406292135467226, 5.899938668642956, 52.693769195889814), (43.11422895115483, 0.6435648667789786, 56.24220618206619)]\n"
     ]
    },
    {
     "data": {
