{
 "cells": [
  {
   "cell_type": "markdown",
   "id": "marine-guyana",
   "metadata": {},
   "source": [
    "### Import libraries"
   ]
  },
  {
   "cell_type": "code",
   "execution_count": 2,
   "id": "controversial-sweden",
   "metadata": {},
   "outputs": [],
   "source": [
    "from pyomo.environ import (Constraint,\n",
    "                           Var,\n",
    "                           ConcreteModel,\n",
    "                           Expression,\n",
    "                           Param,\n",
    "                           Objective,\n",
    "                           SolverFactory,\n",
    "                           TransformationFactory,\n",
    "                           value)\n",
    "\n",
    "from pyomo.network import Arc, SequentialDecomposition\n",
    "\n",
    "from idaes.core.util.initialization import propagate_state\n",
    "\n",
    "# Import plotting functions\n",
    "import matplotlib.pyplot as plt\n",
    "\n",
    "# Import numpy library \n",
    "import numpy as np\n",
    "\n",
    "# Import the main FlowsheetBlock from IDAES. The flowsheet block will contain the unit model\n",
    "from idaes.core import FlowsheetBlock\n",
    "\n",
    "import idaes.logger as idaeslog\n",
    "from pyomo.opt import TerminationCondition, SolverStatus\n",
    "\n",
    "# Import the degrees_of_freedom function from the idaes.core.util.model_statistics package\n",
    "# DOF = Number of Model Variables - Number of Model Constraints\n",
    "from idaes.core.util.model_statistics import degrees_of_freedom\n",
    "\n",
    "# Import the Generic Parameter Block\n",
    "from idaes.generic_models.properties.core.generic.generic_property import (\n",
    "        GenericParameterBlock)\n",
    "\n",
    "# Import unit models from the model library\n",
    "from idaes.generic_models.unit_models import Flash\n",
    "\n",
    "# Import R32, R125, IL info file\n",
    "from HFCS_bmimAc_PR import configuration"
   ]
  },
  {
   "cell_type": "markdown",
   "id": "personalized-wings",
   "metadata": {},
   "source": [
    "### Create model"
   ]
  },
  {
   "cell_type": "code",
   "execution_count": 3,
   "id": "latin-postcard",
   "metadata": {},
   "outputs": [
    {
     "name": "stdout",
     "output_type": "stream",
     "text": [
      "2021-04-27 15:34:07 [INFO] idaes.generic_models.properties.core.generic.generic_property: DEPRECATED - definiton of generic property packages is moving to using static classes instead of modules. Please refer to the IDAES documentation.\n"
     ]
    }
   ],
   "source": [
    "# Create the ConcreteModel and the FlowsheetBlock, and attach the flowsheet block to it.\n",
    "m = ConcreteModel()\n",
    "\n",
    "m.fs = FlowsheetBlock(default={\"dynamic\": False}) \n",
    "\n",
    "# Add properties parameter blocks to the flowsheet with specifications\n",
    "m.fs.props = GenericParameterBlock(default=configuration)"
   ]
  },
  {
   "cell_type": "code",
   "execution_count": 4,
   "id": "charming-helen",
   "metadata": {},
   "outputs": [
    {
     "name": "stdout",
     "output_type": "stream",
     "text": [
      "The initial DOF is 8\n"
     ]
    }
   ],
   "source": [
    "m.fs.F101 = Flash(default={\"property_package\": m.fs.props,\n",
    "                               \"has_heat_transfer\": True,\n",
    "                               \"has_pressure_change\": True})\n",
    "\n",
    "# Call the degrees_of_freedom function, get intitial DOF\n",
    "DOF_initial = degrees_of_freedom(m)\n",
    "print(\"The initial DOF is {0}\".format(DOF_initial))"
   ]
  },
  {
   "cell_type": "code",
   "execution_count": 6,
   "id": "aerial-appendix",
   "metadata": {},
   "outputs": [
    {
     "name": "stdout",
     "output_type": "stream",
     "text": [
      "The final DOF is 0\n"
     ]
    }
   ],
   "source": [
    "## Update conditions to reduce DOF\n",
    "\n",
    "# Fix Heater H101 inlet conditions\n",
    "m.fs.F101.inlet.mole_frac_comp[0, \"R32\"].fix(0.5)\n",
    "m.fs.F101.inlet.mole_frac_comp[0, \"R125\"].fix(0.5)\n",
    "m.fs.F101.inlet.mole_frac_comp[0, \"bmimAc\"].fix(0.001)\n",
    "\n",
    "m.fs.F101.inlet.flow_mol[0].fix(1)\n",
    "m.fs.F101.inlet.temperature.fix(300)\n",
    "m.fs.F101.inlet.pressure.fix(200000)\n",
    "\n",
    "# Fix F101 Flash outlet conditions\n",
    "m.fs.F101.vap_outlet.temperature.fix(300)\n",
    "m.fs.F101.deltaP.fix(0)\n",
    "\n",
    "DOF_final = degrees_of_freedom(m)\n",
    "print(\"The final DOF is {0}\".format(DOF_final))"
   ]
  },
  {
   "cell_type": "code",
   "execution_count": 7,
   "id": "supreme-olympus",
   "metadata": {},
   "outputs": [],
   "source": [
    "solver = SolverFactory('ipopt')\n",
    "solver.options = {'tol': 1e-6}"
   ]
  },
  {
   "cell_type": "markdown",
   "id": "higher-latest",
   "metadata": {},
   "source": [
    "### Get flash data"
   ]
  },
  {
   "cell_type": "code",
   "execution_count": 8,
   "id": "sonic-reception",
   "metadata": {},
   "outputs": [
    {
     "name": "stdout",
     "output_type": "stream",
     "text": [
      "WARNING: Loading a SolverResults object with a warning status into\n",
      "    model.name=\"unknown\";\n",
      "      - termination condition: maxIterations\n",
      "      - message from solver: Ipopt 3.13.2\\x3a Maximum Number of Iterations\n",
      "        Exceeded.\n",
      "Infeasible.\n",
      "Running pressure: 200000 and HFC feed fraction 0.15\n",
      "Running pressure: 200000 and HFC feed fraction 0.2\n",
      "Running pressure: 200000 and HFC feed fraction 0.3\n",
      "Running pressure: 200000 and HFC feed fraction 0.4\n",
      "Running pressure: 200000 and HFC feed fraction 0.5\n",
      "Running pressure: 200000 and HFC feed fraction 0.72\n",
      "Running pressure: 200000 and HFC feed fraction 0.91\n",
      "Running pressure: 200000 and HFC feed fraction 0.99\n",
      "Running pressure: 300000 and HFC feed fraction 0.001\n",
      "Running pressure: 300000 and HFC feed fraction 0.15\n",
      "Running pressure: 300000 and HFC feed fraction 0.2\n",
      "Running pressure: 300000 and HFC feed fraction 0.3\n",
      "Running pressure: 300000 and HFC feed fraction 0.4\n",
      "Running pressure: 300000 and HFC feed fraction 0.5\n",
      "Running pressure: 300000 and HFC feed fraction 0.72\n",
      "Running pressure: 300000 and HFC feed fraction 0.91\n",
      "Running pressure: 300000 and HFC feed fraction 0.99\n",
      "Running pressure: 400000 and HFC feed fraction 0.001\n",
      "Running pressure: 400000 and HFC feed fraction 0.15\n",
      "Running pressure: 400000 and HFC feed fraction 0.2\n",
      "Running pressure: 400000 and HFC feed fraction 0.3\n",
      "Running pressure: 400000 and HFC feed fraction 0.4\n",
      "Running pressure: 400000 and HFC feed fraction 0.5\n",
      "Running pressure: 400000 and HFC feed fraction 0.72\n",
      "Running pressure: 400000 and HFC feed fraction 0.91\n",
      "Running pressure: 400000 and HFC feed fraction 0.99\n",
      "Running pressure: 500000 and HFC feed fraction 0.001\n",
      "Running pressure: 500000 and HFC feed fraction 0.15\n",
      "Running pressure: 500000 and HFC feed fraction 0.2\n",
      "Running pressure: 500000 and HFC feed fraction 0.3\n",
      "Running pressure: 500000 and HFC feed fraction 0.4\n",
      "Running pressure: 500000 and HFC feed fraction 0.5\n",
      "Running pressure: 500000 and HFC feed fraction 0.72\n",
      "Running pressure: 500000 and HFC feed fraction 0.91\n",
      "Running pressure: 500000 and HFC feed fraction 0.99\n",
      "Running pressure: 600000 and HFC feed fraction 0.001\n",
      "Running pressure: 600000 and HFC feed fraction 0.15\n",
      "Running pressure: 600000 and HFC feed fraction 0.2\n",
      "Running pressure: 600000 and HFC feed fraction 0.3\n",
      "Running pressure: 600000 and HFC feed fraction 0.4\n",
      "Running pressure: 600000 and HFC feed fraction 0.5\n",
      "Running pressure: 600000 and HFC feed fraction 0.72\n",
      "Running pressure: 600000 and HFC feed fraction 0.91\n",
      "Running pressure: 600000 and HFC feed fraction 0.99\n",
      "Running pressure: 700000 and HFC feed fraction 0.001\n",
      "Running pressure: 700000 and HFC feed fraction 0.15\n",
      "Running pressure: 700000 and HFC feed fraction 0.2\n",
      "Running pressure: 700000 and HFC feed fraction 0.3\n",
      "Running pressure: 700000 and HFC feed fraction 0.4\n",
      "Running pressure: 700000 and HFC feed fraction 0.5\n",
      "Running pressure: 700000 and HFC feed fraction 0.72\n",
      "Running pressure: 700000 and HFC feed fraction 0.91\n",
      "Running pressure: 700000 and HFC feed fraction 0.99\n",
      "Running pressure: 800000 and HFC feed fraction 0.001\n",
      "Running pressure: 800000 and HFC feed fraction 0.15\n",
      "Running pressure: 800000 and HFC feed fraction 0.2\n",
      "Running pressure: 800000 and HFC feed fraction 0.3\n",
      "Running pressure: 800000 and HFC feed fraction 0.4\n",
      "Running pressure: 800000 and HFC feed fraction 0.5\n",
      "Running pressure: 800000 and HFC feed fraction 0.72\n",
      "Running pressure: 800000 and HFC feed fraction 0.91\n",
      "Running pressure: 800000 and HFC feed fraction 0.99\n",
      "Running pressure: 900000 and HFC feed fraction 0.001\n",
      "Running pressure: 900000 and HFC feed fraction 0.15\n",
      "Running pressure: 900000 and HFC feed fraction 0.2\n",
      "Running pressure: 900000 and HFC feed fraction 0.3\n",
      "Running pressure: 900000 and HFC feed fraction 0.4\n",
      "Running pressure: 900000 and HFC feed fraction 0.5\n",
      "Running pressure: 900000 and HFC feed fraction 0.72\n",
      "Running pressure: 900000 and HFC feed fraction 0.91\n",
      "Running pressure: 900000 and HFC feed fraction 0.99\n",
      "Running pressure: 1000000 and HFC feed fraction 0.001\n",
      "Running pressure: 1000000 and HFC feed fraction 0.15\n",
      "Running pressure: 1000000 and HFC feed fraction 0.2\n",
      "Running pressure: 1000000 and HFC feed fraction 0.3\n",
      "Running pressure: 1000000 and HFC feed fraction 0.4\n",
      "Running pressure: 1000000 and HFC feed fraction 0.5\n",
      "Running pressure: 1000000 and HFC feed fraction 0.72\n",
      "Running pressure: 1000000 and HFC feed fraction 0.91\n",
      "Running pressure: 1000000 and HFC feed fraction 0.99\n",
      "Running pressure: 1100000 and HFC feed fraction 0.001\n",
      "Running pressure: 1100000 and HFC feed fraction 0.15\n",
      "Running pressure: 1100000 and HFC feed fraction 0.2\n",
      "Running pressure: 1100000 and HFC feed fraction 0.3\n",
      "Running pressure: 1100000 and HFC feed fraction 0.4\n",
      "Running pressure: 1100000 and HFC feed fraction 0.5\n",
      "Running pressure: 1100000 and HFC feed fraction 0.72\n",
      "Running pressure: 1100000 and HFC feed fraction 0.91\n",
      "Running pressure: 1100000 and HFC feed fraction 0.99\n",
      "Running pressure: 1200000 and HFC feed fraction 0.001\n",
      "Running pressure: 1200000 and HFC feed fraction 0.15\n",
      "Running pressure: 1200000 and HFC feed fraction 0.2\n",
      "Running pressure: 1200000 and HFC feed fraction 0.3\n",
      "Running pressure: 1200000 and HFC feed fraction 0.4\n",
      "Running pressure: 1200000 and HFC feed fraction 0.5\n",
      "Running pressure: 1200000 and HFC feed fraction 0.72\n",
      "Running pressure: 1200000 and HFC feed fraction 0.91\n",
      "Running pressure: 1200000 and HFC feed fraction 0.99\n",
      "Running pressure: 1300000 and HFC feed fraction 0.001\n",
      "Running pressure: 1300000 and HFC feed fraction 0.15\n",
      "Running pressure: 1300000 and HFC feed fraction 0.2\n",
      "Running pressure: 1300000 and HFC feed fraction 0.3\n",
      "Running pressure: 1300000 and HFC feed fraction 0.4\n",
      "Running pressure: 1300000 and HFC feed fraction 0.5\n",
      "Running pressure: 1300000 and HFC feed fraction 0.72\n",
      "Running pressure: 1300000 and HFC feed fraction 0.91\n",
      "Running pressure: 1300000 and HFC feed fraction 0.99\n",
      "Running pressure: 1400000 and HFC feed fraction 0.001\n",
      "Running pressure: 1400000 and HFC feed fraction 0.15\n",
      "Running pressure: 1400000 and HFC feed fraction 0.2\n",
      "Running pressure: 1400000 and HFC feed fraction 0.3\n",
      "Running pressure: 1400000 and HFC feed fraction 0.4\n",
      "Running pressure: 1400000 and HFC feed fraction 0.5\n",
      "Running pressure: 1400000 and HFC feed fraction 0.72\n",
      "Running pressure: 1400000 and HFC feed fraction 0.91\n",
      "Running pressure: 1400000 and HFC feed fraction 0.99\n",
      "Running pressure: 1500000 and HFC feed fraction 0.001\n",
      "Running pressure: 1500000 and HFC feed fraction 0.15\n",
      "Running pressure: 1500000 and HFC feed fraction 0.2\n",
      "Running pressure: 1500000 and HFC feed fraction 0.3\n",
      "Running pressure: 1500000 and HFC feed fraction 0.4\n",
      "Running pressure: 1500000 and HFC feed fraction 0.5\n",
      "Running pressure: 1500000 and HFC feed fraction 0.72\n",
      "Running pressure: 1500000 and HFC feed fraction 0.91\n",
      "Running pressure: 1500000 and HFC feed fraction 0.99\n",
      "Running pressure: 1600000 and HFC feed fraction 0.001\n",
      "Running pressure: 1600000 and HFC feed fraction 0.15\n",
      "Running pressure: 1600000 and HFC feed fraction 0.2\n",
      "Running pressure: 1600000 and HFC feed fraction 0.3\n",
      "Running pressure: 1600000 and HFC feed fraction 0.4\n",
      "Running pressure: 1600000 and HFC feed fraction 0.5\n",
      "Running pressure: 1600000 and HFC feed fraction 0.72\n",
      "Running pressure: 1600000 and HFC feed fraction 0.91\n",
      "Running pressure: 1600000 and HFC feed fraction 0.99\n"
     ]
    }
   ],
   "source": [
    "# Set pressures to loop over\n",
    "P = [200000,300000,400000,500000,600000,700000,800000,900000,1000000,1100000,1200000,1300000,1400000,1500000,1600000]\n",
    "\n",
    "# Set fraction of feed compositions of HFCs to loop over\n",
    "HFC_feed_frac = [0.01,0.15,0.2,0.3,0.4,0.5,0.72,0.91,0.99]\n",
    "\n",
    "# Make outlet arrays\n",
    "IL_x = np.zeros((len(P),len(HFC_feed_frac)))\n",
    "IL_y = np.zeros((len(P),len(HFC_feed_frac)))\n",
    "R32_x = np.zeros((len(P),len(HFC_feed_frac)))\n",
    "R32_y = np.zeros((len(P),len(HFC_feed_frac)))\n",
    "R125_x = np.zeros((len(P),len(HFC_feed_frac)))\n",
    "R125_y = np.zeros((len(P),len(HFC_feed_frac))) \n",
    "\n",
    "for i in range(len(P)):\n",
    "    \n",
    "    # Fix pressure\n",
    "    m.fs.F101.inlet.pressure.fix(P[i])\n",
    "    \n",
    "    for j in range(len(HFC_feed_frac)):\n",
    "        \n",
    "        # Fix inlet mole fractions\n",
    "        fract = 1 - HFC_feed_frac[j] \n",
    "        m.fs.F101.inlet.mole_frac_comp[0, \"R32\"].fix(0.85*HFC_feed_frac[j])\n",
    "        m.fs.F101.inlet.mole_frac_comp[0, \"R125\"].fix(0.85*fract)\n",
    "        m.fs.F101.inlet.mole_frac_comp[0, \"bmimAc\"].fix(0.15)   \n",
    "\n",
    "        m.fs.F101.initialize(outlvl=idaeslog.CRITICAL) \n",
    "        # solve the model\n",
    "        status = solver.solve(m, tee = False)\n",
    "        # model.display()\n",
    "        \n",
    "        # If solution is optimal store the concentration, and calculated temperatures in the created arrays\n",
    "        if (status.solver.status == SolverStatus.ok) and (status.solver.termination_condition == TerminationCondition.optimal):\n",
    "\n",
    "            IL_x[i,j] = value(m.fs.F101.liq_outlet.mole_frac_comp[0, \"bmimAc\"])\n",
    "            IL_y[i,j] = value(m.fs.F101.vap_outlet.mole_frac_comp[0, \"bmimAc\"])\n",
    "            R32_x[i,j] = value(m.fs.F101.liq_outlet.mole_frac_comp[0, \"R32\"]) \n",
    "            R32_y[i,j] = value(m.fs.F101.vap_outlet.mole_frac_comp[0, \"R32\"])\n",
    "            R125_x[i,j] = value(m.fs.F101.liq_outlet.mole_frac_comp[0, \"R125\"])\n",
    "            R125_y[i,j] = value(m.fs.F101.vap_outlet.mole_frac_comp[0, \"R125\"])\n",
    "\n",
    "            #Change this to feasible\n",
    "            print(\"Running pressure:\",P[i],\"and HFC feed fraction\",HFC_feed_frac[j])\n",
    "#             print(value(m.fs.F101.liq_outlet.flow_mol[0]))\n",
    "#             print(value(m.fs.F101.vap_outlet.flow_mol[0]))\n",
    "        else:\n",
    "            print('Infeasible.')"
   ]
  },
  {
   "cell_type": "code",
   "execution_count": 9,
   "id": "pretty-wiring",
   "metadata": {},
   "outputs": [
    {
     "name": "stdout",
     "output_type": "stream",
     "text": [
      "IL_x = [[ 0.         77.04686762 77.53205516 78.50974824 79.4975914  80.49606335\n",
      "  82.7325359  84.71147785 85.55880049]\n",
      " [66.86500247 68.66489194 69.27505395 70.50548263 71.75028484 73.0105558\n",
      "  75.84314334 78.36359859 79.44755735]\n",
      " [59.61625454 61.67348953 62.36972098 63.77243932 65.19036174 66.62532586\n",
      "  69.85141952 72.72689714 73.96594792]\n",
      " [53.4914492  55.74208988 56.50105923 58.02672944 59.56497666 61.11846215\n",
      "  64.60272689 67.70320643 69.03887236]\n",
      " [48.2225152  50.63090076 51.43885893 53.05753467 54.68305407 56.31900771\n",
      "  59.97163031 63.20749771 64.59848513]\n",
      " [43.61492294 46.16333583 47.01259675 48.70666972 50.39912728 52.09467016\n",
      "  55.85660517 59.16685437 60.58446246]\n",
      " [39.52397195 42.20694106 43.09383751 44.8538236  46.60126754 48.3422736\n",
      "  52.17536836 55.5191302  56.94377041]\n",
      " [35.83882712 38.66027888 39.58401208 41.40607172 43.20227079 44.98056149\n",
      "  48.86098538 52.21153062 53.63014965]\n",
      " [32.4714071  35.44380497 36.40586836 38.2904223  40.13326219 41.94483801\n",
      "  45.85872366 49.19925411 50.6034535 ]\n",
      " [29.3480551  32.49334144 33.49736557 35.44846081 37.33903619 39.18298541\n",
      "  43.12355145 46.4442624  47.82894154]\n",
      " [26.40225693 29.75514854 30.80713858 32.83241751 34.77462087 36.65248924\n",
      "  40.61816588 43.91420494 45.27659009]\n",
      " [23.56621067 27.18179868 28.29087319 30.40216865 32.40269268 34.31819219\n",
      "  38.31144228 41.58149887 42.92044976]\n",
      " [20.75643413 24.72801353 25.90799276 28.12279098 30.19156443 32.15056848\n",
      "  36.1772136  39.42255318 40.73807586]\n",
      " [17.83634874 22.34510293 23.6178806  25.96231707 28.11352695 30.1243614\n",
      "  34.19330579 37.41712073 38.71002174]\n",
      " [15.00014062 19.97066291 21.37411968 23.88924433 26.14334161 28.21745884\n",
      "  32.34077116 35.54776034 36.81940551]]\n",
      "IL_y = [[0.e+00 1.e-06 1.e-06 1.e-06 1.e-06 1.e-06 1.e-06 1.e-06 1.e-06]\n",
      " [1.e-06 1.e-06 1.e-06 1.e-06 1.e-06 1.e-06 1.e-06 1.e-06 1.e-06]\n",
      " [1.e-06 1.e-06 1.e-06 1.e-06 1.e-06 1.e-06 1.e-06 1.e-06 1.e-06]\n",
      " [1.e-06 1.e-06 1.e-06 1.e-06 1.e-06 1.e-06 1.e-06 1.e-06 1.e-06]\n",
      " [1.e-06 1.e-06 1.e-06 1.e-06 1.e-06 1.e-06 1.e-06 1.e-06 1.e-06]\n",
      " [1.e-06 1.e-06 1.e-06 1.e-06 1.e-06 1.e-06 1.e-06 1.e-06 1.e-06]\n",
      " [1.e-06 1.e-06 1.e-06 1.e-06 1.e-06 1.e-06 1.e-06 1.e-06 1.e-06]\n",
      " [1.e-06 1.e-06 1.e-06 1.e-06 1.e-06 1.e-06 1.e-06 1.e-06 1.e-06]\n",
      " [1.e-06 1.e-06 1.e-06 1.e-06 1.e-06 1.e-06 1.e-06 1.e-06 1.e-06]\n",
      " [1.e-06 1.e-06 1.e-06 1.e-06 1.e-06 1.e-06 1.e-06 1.e-06 1.e-06]\n",
      " [1.e-06 1.e-06 1.e-06 1.e-06 1.e-06 1.e-06 1.e-06 1.e-06 1.e-06]\n",
      " [1.e-06 1.e-06 1.e-06 1.e-06 1.e-06 1.e-06 1.e-06 1.e-06 1.e-06]\n",
      " [1.e-06 1.e-06 1.e-06 1.e-06 1.e-06 1.e-06 1.e-06 1.e-06 1.e-06]\n",
      " [1.e-06 1.e-06 1.e-06 1.e-06 1.e-06 1.e-06 1.e-06 1.e-06 1.e-06]\n",
      " [1.e-06 1.e-06 1.e-06 1.e-06 1.e-06 1.e-06 1.e-06 1.e-06 1.e-06]]\n",
      "R32_x = [[0.00000000e+00 2.13595153e+00 2.84846443e+00 4.27462365e+00\n",
      "  5.70266492e+00 7.13302720e+00 1.02901221e+01 1.30309183e+01\n",
      "  1.41896235e+01]\n",
      " [2.03611033e-02 3.05146481e+00 4.06785192e+00 6.10043920e+00\n",
      "  8.13380909e+00 1.01691651e+01 1.46596722e+01 1.85594009e+01\n",
      "  2.02093297e+01]\n",
      " [2.60265125e-02 3.89255594e+00 5.18591473e+00 7.76843409e+00\n",
      "  1.03474787e+01 1.29254733e+01 1.86046222e+01 2.35320787e+01\n",
      "  2.56168068e+01]\n",
      " [3.13341951e-02 4.67372207e+00 6.22159597e+00 9.30600445e+00\n",
      "  1.23790208e+01 1.54447919e+01 2.21826179e+01 2.80171329e+01\n",
      "  3.04838894e+01]\n",
      " [3.63638643e-02 5.40611204e+00 7.18952316e+00 1.07345715e+01\n",
      "  1.42565382e+01 1.77618479e+01 2.54426833e+01 3.20751991e+01\n",
      "  3.48757267e+01]\n",
      " [4.11790533e-02 6.09843958e+00 8.10113661e+00 1.20710182e+01\n",
      "  1.60024753e+01 1.99048340e+01 2.84262734e+01 3.57595029e+01\n",
      "  3.88504428e+01]\n",
      " [4.58327123e-02 6.75767305e+00 8.96554899e+00 1.33288148e+01\n",
      "  1.76349091e+01 2.18967603e+01 3.11683846e+01 3.91163621e+01\n",
      "  4.24592846e+01]\n",
      " [5.03721011e-02 7.38955458e+00 9.79019064e+00 1.45188730e+01\n",
      "  1.91685548e+01 2.37565481e+01 3.36985881e+01 4.21858677e+01\n",
      "  4.57470672e+01]\n",
      " [5.48431838e-02 7.99900571e+00 1.05813029e+01 1.56501931e+01\n",
      "  2.06155379e+01 2.54998914e+01 3.60419358e+01 4.50026198e+01\n",
      "  4.87527714e+01]\n",
      " [5.92960078e-02 8.59047325e+00 1.13443362e+01 1.67303607e+01\n",
      "  2.19859852e+01 2.71399289e+01 3.82197264e+01 4.75964472e+01\n",
      "  5.15101963e+01]\n",
      " [6.37929520e-02 9.16827198e+00 1.20843068e+01 1.77659450e+01\n",
      "  2.32884830e+01 2.86877675e+01 4.02501427e+01 4.99930708e+01\n",
      "  5.40486046e+01]\n",
      " [6.84247780e-02 9.73700320e+00 1.28061725e+01 1.87628415e+01\n",
      "  2.45304416e+01 3.01528925e+01 4.21487742e+01 5.22146946e+01\n",
      "  5.63933266e+01]\n",
      " [7.33495391e-02 1.03021970e+01 1.35153239e+01 1.97266074e+01\n",
      "  2.57183988e+01 3.15434931e+01 4.39290446e+01 5.42805211e+01\n",
      "  5.85663044e+01]\n",
      " [7.89161919e-02 1.08715306e+01 1.42183828e+01 2.06628526e+01\n",
      "  2.68582936e+01 3.28667276e+01 4.56025596e+01 5.62071921e+01\n",
      "  6.05865721e+01]\n",
      " [8.49996752e-02 1.14576589e+01 1.49247921e+01 2.15778023e+01\n",
      "  2.79557477e+01 3.41289459e+01 4.71793880e+01 5.80091627e+01\n",
      "  6.24706714e+01]]\n",
      "R32_y = [[ 0.         15.31597526 20.39462749 30.51309884 40.58102135 50.59979356\n",
      "  72.47446593 91.18970409 99.02278186]\n",
      " [ 0.10369437 15.46086035 20.57405856 30.74260664 40.83684434 50.85990133\n",
      "  72.67384698 91.26743849 99.03202337]\n",
      " [ 0.10482691 15.5966194  20.74102434 30.95335629 41.06884365 51.09302859\n",
      "  72.84838891 91.33427526 99.03991408]\n",
      " [ 0.1059134  15.72344022 20.89570925 31.14555885 41.27734451 51.29968896\n",
      "  72.99896283 91.39075874 99.04652954]\n",
      " [ 0.10695927 15.84165127 21.03846764 31.31964727 41.46293183 51.4806678\n",
      "  73.12662457 91.43747695 99.05194906]\n",
      " [ 0.10797103 15.95162793 21.16970082 31.47610884 41.62625778 51.63682448\n",
      "  73.23247057 91.47501445 99.05624922]\n",
      " [ 0.10895653 16.053749   21.28979363 31.61539014 41.76792776 51.76897185\n",
      "  73.31754587 91.50392101 99.05950204]\n",
      " [ 0.10992551 16.14838265 21.39908425 31.73784206 41.88843138 51.87780229\n",
      "  73.38278717 91.52469199 99.0617722 ]\n",
      " [ 0.110891   16.23589289 21.49785335 31.84368504 41.9880968  51.96383976\n",
      "  73.42898806 91.5377569  99.06311591]\n",
      " [ 0.11187193 16.31666572 21.58632643 31.93298244 42.06705448 52.02740379\n",
      "  73.45677718 91.54347309 99.0635803 ]\n",
      " [ 0.11289849 16.39116431 21.66468983 32.00561404 42.12520027 52.06857594\n",
      "  73.46660259 91.5421225  99.06320285]\n",
      " [ 0.11402431 16.46003931 21.73312869 32.06124343 42.16214927 52.08716071\n",
      "  73.45871759 91.53390972 99.06201268]\n",
      " [ 0.11535854 16.52436198 21.79191195 32.09927362 42.17717087 52.08263297\n",
      "  73.43316415 91.51896015 99.0600281 ]\n",
      " [ 0.11717415 16.58616694 21.84159164 32.11878426 42.16909112 52.05406197\n",
      "  73.38975033 91.49731727 99.05725831]\n",
      " [ 0.11964766 16.64990569 21.88351641 32.11844401 42.13613981 51.99999637\n",
      "  73.32801771 91.46893824 99.05370253]]\n",
      "R125_x = [[ 0.         20.81718085 19.61948041 17.21562811 14.79974368 12.37090945\n",
      "   6.977342    2.25760383  0.25157603]\n",
      " [33.11463643 28.28364325 26.65709414 23.39407817 20.11590607 16.82027906\n",
      "   9.49718443  3.07700048  0.34311294]\n",
      " [40.35771895 34.43395453 32.44436429 28.45912659 24.46215958 20.44920087\n",
      "  11.54395826  3.74102414  0.4172453 ]\n",
      " [46.47721661 39.58418805 37.2773448  32.66726611 28.05600255 23.436746\n",
      "  13.21465518  4.27966066  0.47723821]\n",
      " [51.74112094 43.9629872  41.37161791 36.20789385 31.06040776 25.91914444\n",
      "  14.58568642  4.71730314  0.52578813]\n",
      " [56.34389801 47.73822459 44.88626664 39.22231207 33.59839738 28.00049587\n",
      "  15.71712144  5.0736427   0.56509473]\n",
      " [60.43019534 51.03538588 47.9406135  41.81736163 35.76382336 29.76096609\n",
      "  16.65624707  5.36450767  0.59694496]\n",
      " [64.11080077 53.95016654 50.62579728 44.07505526 37.6291744  31.26289039\n",
      "  17.44042651  5.60260173  0.62278313]\n",
      " [67.47374972 56.55718932 53.01282875 46.0593846  39.2511999  32.55527061\n",
      "  18.09934056  5.79812613  0.64377508]\n",
      " [70.5926489  58.91618531 55.1582982  47.82117848 40.67497861 33.67708572\n",
      "  18.65672213  5.95929042  0.66086219]\n",
      " [73.53395011 61.07657948 57.10855466 49.40163753 41.93689612 34.65974327\n",
      "  19.13169145  6.0927243   0.67480527]\n",
      " [76.36536455 63.08119812 58.90295436 50.83498987 43.06686568 35.52891535\n",
      "  19.53978356  6.20380648  0.68622366]\n",
      " [79.17021633 64.96978943 60.5766833  52.15060158 44.09003678 36.30593838\n",
      "  19.89374175  6.29692567  0.69561978]\n",
      " [82.08473507 66.78336647 62.16373665 53.37483037 45.02817949 37.008911\n",
      "  20.20413458  6.37568721  0.70340618]\n",
      " [84.9148597  68.57167819 63.70108819 54.5329534  45.90091074 37.65359523\n",
      "  20.47984082  6.44307694  0.70992311]]\n",
      "R125_y = [[ 0.         84.68402474 79.60537251 69.48690116 59.41897865 49.40020644\n",
      "  27.52553407  8.81029591  0.97721814]\n",
      " [99.89630563 84.53913965 79.42594144 69.25739336 59.16315566 49.14009867\n",
      "  27.32615302  8.73256151  0.96797663]\n",
      " [99.89517309 84.4033806  79.25897566 69.04664371 58.93115635 48.90697141\n",
      "  27.15161109  8.66572474  0.96008592]\n",
      " [99.8940866  84.27655978 79.10429075 68.85444115 58.72265549 48.70031104\n",
      "  27.00103717  8.60924126  0.95347046]\n",
      " [99.89304073 84.15834873 78.96153236 68.68035273 58.53706817 48.5193322\n",
      "  26.87337543  8.56252305  0.94805094]\n",
      " [99.89202897 84.04837207 78.83029918 68.52389116 58.37374222 48.36317552\n",
      "  26.76752943  8.52498555  0.94375078]\n",
      " [99.89104347 83.946251   78.71020637 68.38460986 58.23207224 48.23102815\n",
      "  26.68245413  8.49607899  0.94049796]\n",
      " [99.89007449 83.85161735 78.60091575 68.26215794 58.11156862 48.12219771\n",
      "  26.61721283  8.47530801  0.9382278 ]\n",
      " [99.889109   83.76410711 78.50214665 68.15631496 58.0119032  48.03616024\n",
      "  26.57101194  8.4622431   0.93688409]\n",
      " [99.88812807 83.68333428 78.41367357 68.06701756 57.93294552 47.97259621\n",
      "  26.54322282  8.45652691  0.9364197 ]\n",
      " [99.88710151 83.60883569 78.33531017 67.99438596 57.87479973 47.93142406\n",
      "  26.53339741  8.4578775   0.93679715]\n",
      " [99.88597569 83.53996069 78.26687131 67.93875657 57.83785073 47.91283929\n",
      "  26.54128241  8.46609028  0.93798732]\n",
      " [99.88464146 83.47563802 78.20808805 67.90072638 57.82282913 47.91736703\n",
      "  26.56683585  8.48103985  0.9399719 ]\n",
      " [99.88282585 83.41383306 78.15840836 67.88121574 57.83090888 47.94593803\n",
      "  26.61024967  8.50268273  0.94274169]\n",
      " [99.88035234 83.35009431 78.11648359 67.88155599 57.86386019 48.00000363\n",
      "  26.67198229  8.53106176  0.94629747]]\n"
     ]
    }
   ],
   "source": [
    "IL_x = IL_x*100\n",
    "IL_y = IL_y*100\n",
    "R32_x = R32_x*100\n",
    "R32_y = R32_y*100\n",
    "R125_x = R125_x*100\n",
    "R125_y = R125_y*100\n",
    "\n",
    "print(\"IL_x =\", IL_x)\n",
    "print(\"IL_y =\", IL_y)\n",
    "print(\"R32_x =\", R32_x)\n",
    "print(\"R32_y =\", R32_y)\n",
    "print(\"R125_x =\", R125_x)\n",
    "print(\"R125_y =\", R125_y)"
   ]
  },
  {
   "cell_type": "markdown",
   "id": "generous-electron",
   "metadata": {},
   "source": [
    "##### Store"
   ]
  },
  {
   "cell_type": "code",
   "execution_count": 10,
   "id": "eastern-induction",
   "metadata": {},
   "outputs": [],
   "source": [
    "points_x = []\n",
    "\n",
    "for i in range(len(P)):\n",
    "    for j in range(len(HFC_feed_frac)): #to shift how points are printed, shift the order\n",
    "        points = (IL_x[i,j], R125_x[i,j], R32_x[i,j])\n",
    "        points_x.append(points)"
   ]
  },
  {
   "cell_type": "markdown",
   "id": "soviet-direction",
   "metadata": {},
   "source": [
    "### Ternary Diagram"
   ]
  },
  {
   "cell_type": "code",
   "execution_count": 11,
   "id": "promising-banks",
   "metadata": {},
   "outputs": [
    {
     "name": "stdout",
     "output_type": "stream",
     "text": [
      "points 1 are: [(0.0, 0.0, 0.0), (77.0468676234603, 20.817180849735387, 2.1359515268043254), (77.53205516103579, 19.619480413525025, 2.8484644254391904), (78.50974824104064, 17.21562810729683, 4.274623651662537), (79.497591402164, 14.799743675212149, 5.702664922623866), (80.49606335253398, 12.370909445397995, 7.133027202068018), (82.7325358953544, 6.977341996749374, 10.290122107896222), (84.71147785120105, 2.257603830004504, 13.030918318794447), (85.55880049268636, 0.2515760258054765, 14.189623481508173)]\n",
      "points 2 are: [(66.86500246537345, 33.11463643130598, 0.02036110332057697), (68.6648919424915, 28.283643246070135, 3.05146481143838), (69.27505394964581, 26.65709413520044, 4.067851915153783), (70.50548262501714, 23.39407817285809, 6.100439202124782), (71.75028484054222, 20.11590606586543, 8.13380909359235), (73.01055579922519, 16.820279056070703, 10.169165144704113), (75.84314334139557, 9.497184433657017, 14.659672224947421), (78.36359859180149, 3.0770004772674575, 18.55940093093105), (79.4475573463116, 0.343112940065631, 20.209329713622783)]\n",
      "points 3 are: [(59.616254539435865, 40.357718948071955, 0.026026512492184573), (61.67348953075075, 34.433954527109464, 3.892555942139792), (62.36972097644436, 32.444364292518834, 5.185914731036798), (63.772439317532545, 28.459126594197294, 7.768434088270153), (65.19036173672883, 24.462159576652425, 10.34747868661874), (66.62532585829173, 20.449200866215264, 12.925473275493005), (69.85141952362038, 11.543958255002988, 18.604622221376633), (72.72689713566406, 3.7410241449549493, 23.53207871938098), (73.96594791510613, 0.4172452967163086, 25.616806788177577)]\n",
      "points 4 are: [(53.491449198436825, 46.477216606441054, 0.03133419512210497), (55.74208987955672, 39.58418804689754, 4.673722073545748), (56.50105923185177, 37.27734479905511, 6.221595969093141), (58.02672943962671, 32.667266107575124, 9.306004452798161), (59.56497666368962, 28.05600255128245, 12.379020785027954), (61.11846214750769, 23.436745999234567, 15.444791853257744), (64.60272688816627, 13.214655182803778, 22.18261792902995), (67.70320642781856, 4.279660662640589, 28.01713290954083), (69.03887235976424, 0.47723821168605113, 30.48388942854972)]\n",
      "points 5 are: [(48.222515195212104, 51.7411209405213, 0.036363864266604276), (50.63090075923827, 43.962987202000136, 5.406112038761593), (51.43885892885473, 41.37161790632543, 7.189523164819871), (53.057534668830385, 36.207893848108554, 10.734571483061057), (54.683054065764225, 31.06040775701332, 14.256538177222453), (56.319007710988714, 25.91914443605753, 17.761847852953757), (59.97163030544145, 14.58568642159822, 25.442683272960327), (63.20749771491661, 4.717303141431181, 32.07519914365219), (64.59848512924796, 0.5257881324545887, 34.87572673829745)]\n",
      "points 6 are: [(43.61492294160288, 56.3438980051462, 0.041179053250942114), (46.16333583398733, 47.73822458824138, 6.098439577771295), (47.01259675459959, 44.8862666354219, 8.101136609978518), (48.706669715659004, 39.2223120684508, 12.071018215890202), (50.399127284284816, 33.59839737646795, 16.00247533924724), (52.09467016244771, 28.000495871733182, 19.904833965819105), (55.856605169696806, 15.717121442744167, 28.42627338755902), (59.166854371968384, 5.0736426992838055, 35.75950292874781), (60.58446245816367, 0.5650947317927748, 38.85044281004356)]\n",
      "points 7 are: [(39.523971947009635, 60.43019534065876, 0.04583271233159065), (42.20694106223991, 51.03538588426415, 6.757673053495942), (43.09383751098863, 47.940613498113684, 8.965548990897693), (44.85382359565758, 41.81736162902284, 13.32881477531959), (46.601267539868125, 35.76382335990904, 17.63490910022285), (48.34227359534853, 29.760966085421238, 21.896760319230236), (52.17536836424287, 16.65624706969192, 31.16838456606521), (55.519130200261245, 5.364507671911821, 39.11636212782693), (56.94377040804839, 0.5969449620940027, 42.459284629857606)]\n",
      "points 8 are: [(35.83882712403009, 64.11080077485087, 0.050372101119022086), (38.660278882892314, 53.95016653502477, 7.389554582082915), (39.58401207755948, 50.62579727798403, 9.790190644456507), (41.40607172124002, 44.075055259941635, 14.51887301881833), (43.20227078809287, 37.62917440497905, 19.168554806928093), (44.98056149319067, 31.262890392870734, 23.7565481139386), (48.860985377574636, 17.44042651252815, 33.6985881098972), (52.211530615932524, 5.602601725544449, 42.18586765852304), (53.63014964930245, 0.6227831288126227, 45.74706722188492)]\n",
      "points 9 are: [(32.47140709646924, 67.47374971974406, 0.05484318378670453), (35.44380496947491, 56.55718931859428, 7.999005711930815), (36.40586836052887, 53.01282874838018, 10.581302891090946), (38.29042229861906, 46.059384596774834, 15.650193104606089), (40.133262191858925, 39.25119989652145, 20.615537911619615), (41.9448380099224, 32.555270611446005, 25.499891378631588), (45.85872365708726, 18.099340561670978, 36.04193578124177), (49.19925410589216, 5.798126131366986, 45.00261976274086), (50.60345350026352, 0.643775084957339, 48.75277141477914)]\n",
      "points 10 are: [(29.34805509575023, 70.5926488964444, 0.05929600780536419), (32.49334143963513, 58.916185309669686, 8.590473250695197), (33.49736557274957, 55.158298203379985, 11.344336223870462), (35.448460805653745, 47.82117848260934, 16.73036071173691), (37.33903619468123, 40.674978611307075, 21.985985194011697), (39.18298540732199, 33.677085718100216, 27.13992887457778), (43.12355145267495, 18.65672212689271, 38.21972642043234), (46.44426239965638, 5.959290418155685, 47.59644718218793), (47.828941540234666, 0.6608621856140747, 51.51019627415126)]\n",
      "points 11 are: [(26.402256933299945, 73.53395011465464, 0.0637929520454209), (29.755148542931277, 61.0765794782244, 9.168271978844317), (30.80713857985673, 57.108554655505436, 12.084306764637853), (32.83241751214134, 49.40163753192699, 17.765944955931655), (34.77462087041205, 41.936896120641784, 23.288483008946177), (36.65248923715486, 34.65974327329941, 28.687767489545706), (40.61816587661649, 19.131691445558342, 40.25014267782517), (43.9142049448655, 6.092724297346408, 49.9930707577881), (45.27659008719708, 0.6748052662661103, 54.048604646320676)]\n",
      "points 12 are: [(23.566210669536368, 76.3653645524352, 0.06842477802844699), (27.181798676473985, 63.08119812301305, 9.737003200512971), (28.290873185028726, 58.90295435967035, 12.806172455300924), (30.40216865011116, 50.834989870844936, 18.7628414790439), (32.40269267915031, 43.06686568272979, 24.530441638119903), (34.31819219387392, 35.52891534680951, 30.152892459316554), (38.31144228259946, 19.5397835571272, 42.14877416027335), (41.58149887129493, 6.203806482102003, 52.21469464660306), (42.92044976002952, 0.6862236555614182, 56.39332658422449)]\n",
      "points 13 are: [(20.756434131583227, 79.17021632928484, 0.07334953913192943), (24.728013526902416, 64.96978943253535, 10.302197040562238), (25.907992757943017, 60.57668329937781, 13.515323942679188), (28.12279097881684, 52.15060157871919, 19.726607442463962), (30.191564434908656, 44.09003677651906, 25.718398788572287), (32.15056848429859, 36.30593837949962, 31.543493136201796), (36.17721360186659, 19.893741752869563, 43.92904464526385), (39.422553184885224, 6.296925667167816, 54.280521147946956), (40.73807585522657, 0.6956197805509712, 58.566304364058695)]\n",
      "points 14 are: [(17.836348735045267, 82.08473507304012, 0.07891619191460898), (22.34510293387082, 66.78336646774439, 10.871530598384796), (23.61788059933012, 62.16373664564192, 14.218382755027958), (25.96231706886875, 53.37483037226479, 20.662852558866454), (28.11352695377619, 45.02817948826453, 26.85829355795928), (30.124361399706583, 37.00891100013104, 32.86672760016236), (34.1933057864053, 20.204134581450695, 45.602559632144), (37.4171207267646, 6.375687214255151, 56.20719205898025), (38.71002174351382, 0.7034061842185986, 60.58657207211758)]\n",
      "points 15 are: [(15.000140620403027, 84.91485970440684, 0.08499967519081468), (19.970662909369082, 68.5716781947269, 11.457658895904018), (21.37411968067308, 63.70108818959132, 14.924792129735609), (23.889244330973263, 54.53295339764479, 21.577802271381945), (26.1433416070372, 45.900910741371476, 27.955747651591324), (28.217458842118386, 37.6535952276401, 34.128945930241514), (32.34077115746642, 20.479840823708304, 47.179388018825286), (35.54776034388545, 6.443076936328432, 58.009162719786126), (36.81940550763551, 0.709923109661259, 62.47067138256222)]\n"
     ]
    },
    {
     "data": {
