{
 "cells": [
  {
   "cell_type": "markdown",
   "id": "established-plant",
   "metadata": {},
   "source": [
    "### Import libraries"
   ]
  },
  {
   "cell_type": "code",
   "execution_count": 2,
   "id": "allied-compound",
   "metadata": {},
   "outputs": [],
   "source": [
    "from pyomo.environ import (Constraint,\n",
    "                           Var,\n",
    "                           ConcreteModel,\n",
    "                           Expression,\n",
    "                           Param,\n",
    "                           Objective,\n",
    "                           SolverFactory,\n",
    "                           TransformationFactory,\n",
    "                           value)\n",
    "\n",
    "from pyomo.network import Arc, SequentialDecomposition\n",
    "\n",
    "from idaes.core.util.initialization import propagate_state\n",
    "\n",
    "# Import plotting functions\n",
    "import matplotlib.pyplot as plt\n",
    "\n",
    "# Import numpy library \n",
    "import numpy as np\n",
    "\n",
    "# Import the main FlowsheetBlock from IDAES. The flowsheet block will contain the unit model\n",
    "from idaes.core import FlowsheetBlock\n",
    "\n",
    "import idaes.logger as idaeslog\n",
    "from pyomo.opt import TerminationCondition, SolverStatus\n",
    "\n",
    "# Import the degrees_of_freedom function from the idaes.core.util.model_statistics package\n",
    "# DOF = Number of Model Variables - Number of Model Constraints\n",
    "from idaes.core.util.model_statistics import degrees_of_freedom\n",
    "\n",
    "# Import the Generic Parameter Block\n",
    "from idaes.generic_models.properties.core.generic.generic_property import (\n",
    "        GenericParameterBlock)\n",
    "\n",
    "# Import unit models from the model library\n",
    "from idaes.generic_models.unit_models import Flash\n",
    "\n",
    "# Import R32, R125, IL info file\n",
    "from HFCS_bmimBF4_PR import configuration"
   ]
  },
  {
   "cell_type": "markdown",
   "id": "dramatic-protest",
   "metadata": {},
   "source": [
    "### Create model"
   ]
  },
  {
   "cell_type": "code",
   "execution_count": 3,
   "id": "senior-andrew",
   "metadata": {},
   "outputs": [
    {
     "name": "stdout",
     "output_type": "stream",
     "text": [
      "2021-04-27 22:13:38 [INFO] idaes.generic_models.properties.core.generic.generic_property: DEPRECATED - definiton of generic property packages is moving to using static classes instead of modules. Please refer to the IDAES documentation.\n"
     ]
    }
   ],
   "source": [
    "# Create the ConcreteModel and the FlowsheetBlock, and attach the flowsheet block to it.\n",
    "m = ConcreteModel()\n",
    "\n",
    "m.fs = FlowsheetBlock(default={\"dynamic\": False}) \n",
    "\n",
    "# Add properties parameter blocks to the flowsheet with specifications\n",
    "m.fs.props = GenericParameterBlock(default=configuration)"
   ]
  },
  {
   "cell_type": "code",
   "execution_count": 4,
   "id": "elementary-transsexual",
   "metadata": {},
   "outputs": [
    {
     "name": "stdout",
     "output_type": "stream",
     "text": [
      "The initial DOF is 8\n"
     ]
    }
   ],
   "source": [
    "m.fs.F101 = Flash(default={\"property_package\": m.fs.props,\n",
    "                               \"has_heat_transfer\": True,\n",
    "                               \"has_pressure_change\": True})\n",
    "\n",
    "# Call the degrees_of_freedom function, get intitial DOF\n",
    "DOF_initial = degrees_of_freedom(m)\n",
    "print(\"The initial DOF is {0}\".format(DOF_initial))"
   ]
  },
  {
   "cell_type": "code",
   "execution_count": 5,
   "id": "exciting-precipitation",
   "metadata": {},
   "outputs": [
    {
     "name": "stdout",
     "output_type": "stream",
     "text": [
      "The final DOF is 0\n"
     ]
    }
   ],
   "source": [
    "## Update conditions to reduce DOF\n",
    "\n",
    "# Fix Heater H101 inlet conditions\n",
    "m.fs.F101.inlet.mole_frac_comp[0, \"R32\"].fix(0.5)\n",
    "m.fs.F101.inlet.mole_frac_comp[0, \"R125\"].fix(0.5)\n",
    "m.fs.F101.inlet.mole_frac_comp[0, \"bmimBF4\"].fix(0.001)\n",
    "\n",
    "m.fs.F101.inlet.flow_mol[0].fix(1)\n",
    "m.fs.F101.inlet.temperature.fix(300)\n",
    "m.fs.F101.inlet.pressure.fix(200000)\n",
    "\n",
    "# Fix F101 Flash outlet conditions\n",
    "m.fs.F101.vap_outlet.temperature.fix(300)\n",
    "m.fs.F101.deltaP.fix(0)\n",
    "\n",
    "DOF_final = degrees_of_freedom(m)\n",
    "print(\"The final DOF is {0}\".format(DOF_final))"
   ]
  },
  {
   "cell_type": "code",
   "execution_count": 6,
   "id": "removable-chicken",
   "metadata": {},
   "outputs": [],
   "source": [
    "solver = SolverFactory('ipopt')\n",
    "solver.options = {'tol': 1e-6}"
   ]
  },
  {
   "cell_type": "markdown",
   "id": "potential-making",
   "metadata": {},
   "source": [
    "### Get flash data"
   ]
  },
  {
   "cell_type": "code",
   "execution_count": 8,
   "id": "suspended-rover",
   "metadata": {},
   "outputs": [
    {
     "name": "stdout",
     "output_type": "stream",
     "text": [
      "Running pressure: 200000 and HFC feed fraction 0.01\n",
      "Running pressure: 200000 and HFC feed fraction 0.15\n",
      "Running pressure: 200000 and HFC feed fraction 0.2\n",
      "Running pressure: 200000 and HFC feed fraction 0.3\n",
      "Running pressure: 200000 and HFC feed fraction 0.4\n",
      "Running pressure: 200000 and HFC feed fraction 0.5\n",
      "Running pressure: 200000 and HFC feed fraction 0.72\n",
      "Running pressure: 200000 and HFC feed fraction 0.91\n",
      "Running pressure: 200000 and HFC feed fraction 0.99\n",
      "Running pressure: 300000 and HFC feed fraction 0.01\n",
      "Running pressure: 300000 and HFC feed fraction 0.15\n",
      "Running pressure: 300000 and HFC feed fraction 0.2\n",
      "Running pressure: 300000 and HFC feed fraction 0.3\n",
      "Running pressure: 300000 and HFC feed fraction 0.4\n",
      "Running pressure: 300000 and HFC feed fraction 0.5\n",
      "Running pressure: 300000 and HFC feed fraction 0.72\n",
      "Running pressure: 300000 and HFC feed fraction 0.91\n",
      "Running pressure: 300000 and HFC feed fraction 0.99\n",
      "Running pressure: 400000 and HFC feed fraction 0.01\n",
      "Running pressure: 400000 and HFC feed fraction 0.15\n",
      "Running pressure: 400000 and HFC feed fraction 0.2\n",
      "Running pressure: 400000 and HFC feed fraction 0.3\n",
      "Running pressure: 400000 and HFC feed fraction 0.4\n",
      "Running pressure: 400000 and HFC feed fraction 0.5\n",
      "Running pressure: 400000 and HFC feed fraction 0.72\n",
      "Running pressure: 400000 and HFC feed fraction 0.91\n",
      "Running pressure: 400000 and HFC feed fraction 0.99\n",
      "Running pressure: 500000 and HFC feed fraction 0.01\n",
      "Running pressure: 500000 and HFC feed fraction 0.15\n",
      "Running pressure: 500000 and HFC feed fraction 0.2\n",
      "Running pressure: 500000 and HFC feed fraction 0.3\n",
      "Running pressure: 500000 and HFC feed fraction 0.4\n",
      "Running pressure: 500000 and HFC feed fraction 0.5\n",
      "Running pressure: 500000 and HFC feed fraction 0.72\n",
      "Running pressure: 500000 and HFC feed fraction 0.91\n",
      "Running pressure: 500000 and HFC feed fraction 0.99\n",
      "Running pressure: 600000 and HFC feed fraction 0.01\n",
      "Running pressure: 600000 and HFC feed fraction 0.15\n",
      "Running pressure: 600000 and HFC feed fraction 0.2\n",
      "Running pressure: 600000 and HFC feed fraction 0.3\n",
      "Running pressure: 600000 and HFC feed fraction 0.4\n",
      "Running pressure: 600000 and HFC feed fraction 0.5\n",
      "Running pressure: 600000 and HFC feed fraction 0.72\n",
      "Running pressure: 600000 and HFC feed fraction 0.91\n",
      "Running pressure: 600000 and HFC feed fraction 0.99\n",
      "Running pressure: 700000 and HFC feed fraction 0.01\n",
      "Running pressure: 700000 and HFC feed fraction 0.15\n",
      "Running pressure: 700000 and HFC feed fraction 0.2\n",
      "Running pressure: 700000 and HFC feed fraction 0.3\n",
      "Running pressure: 700000 and HFC feed fraction 0.4\n",
      "Running pressure: 700000 and HFC feed fraction 0.5\n",
      "Running pressure: 700000 and HFC feed fraction 0.72\n",
      "Running pressure: 700000 and HFC feed fraction 0.91\n",
      "Running pressure: 700000 and HFC feed fraction 0.99\n",
      "Running pressure: 800000 and HFC feed fraction 0.01\n",
      "Running pressure: 800000 and HFC feed fraction 0.15\n",
      "Running pressure: 800000 and HFC feed fraction 0.2\n",
      "Running pressure: 800000 and HFC feed fraction 0.3\n",
      "Running pressure: 800000 and HFC feed fraction 0.4\n",
      "Running pressure: 800000 and HFC feed fraction 0.5\n",
      "Running pressure: 800000 and HFC feed fraction 0.72\n",
      "Running pressure: 800000 and HFC feed fraction 0.91\n",
      "Running pressure: 800000 and HFC feed fraction 0.99\n",
      "Running pressure: 900000 and HFC feed fraction 0.01\n",
      "Running pressure: 900000 and HFC feed fraction 0.15\n",
      "Running pressure: 900000 and HFC feed fraction 0.2\n",
      "Running pressure: 900000 and HFC feed fraction 0.3\n",
      "Running pressure: 900000 and HFC feed fraction 0.4\n",
      "Running pressure: 900000 and HFC feed fraction 0.5\n",
      "Running pressure: 900000 and HFC feed fraction 0.72\n",
      "Running pressure: 900000 and HFC feed fraction 0.91\n",
      "Running pressure: 900000 and HFC feed fraction 0.99\n",
      "Running pressure: 1000000 and HFC feed fraction 0.01\n",
      "Running pressure: 1000000 and HFC feed fraction 0.15\n",
      "Running pressure: 1000000 and HFC feed fraction 0.2\n",
      "Running pressure: 1000000 and HFC feed fraction 0.3\n",
      "Running pressure: 1000000 and HFC feed fraction 0.4\n",
      "Running pressure: 1000000 and HFC feed fraction 0.5\n",
      "Running pressure: 1000000 and HFC feed fraction 0.72\n",
      "Running pressure: 1000000 and HFC feed fraction 0.91\n",
      "Running pressure: 1000000 and HFC feed fraction 0.99\n",
      "Running pressure: 1100000 and HFC feed fraction 0.01\n",
      "Running pressure: 1100000 and HFC feed fraction 0.15\n",
      "Running pressure: 1100000 and HFC feed fraction 0.2\n",
      "Running pressure: 1100000 and HFC feed fraction 0.3\n",
      "Running pressure: 1100000 and HFC feed fraction 0.4\n",
      "Running pressure: 1100000 and HFC feed fraction 0.5\n",
      "Running pressure: 1100000 and HFC feed fraction 0.72\n",
      "Running pressure: 1100000 and HFC feed fraction 0.91\n",
      "Running pressure: 1100000 and HFC feed fraction 0.99\n",
      "Running pressure: 1200000 and HFC feed fraction 0.01\n",
      "Running pressure: 1200000 and HFC feed fraction 0.15\n",
      "Running pressure: 1200000 and HFC feed fraction 0.2\n",
      "Running pressure: 1200000 and HFC feed fraction 0.3\n",
      "Running pressure: 1200000 and HFC feed fraction 0.4\n",
      "Running pressure: 1200000 and HFC feed fraction 0.5\n",
      "Running pressure: 1200000 and HFC feed fraction 0.72\n",
      "Running pressure: 1200000 and HFC feed fraction 0.91\n",
      "Running pressure: 1200000 and HFC feed fraction 0.99\n",
      "Running pressure: 1300000 and HFC feed fraction 0.01\n",
      "Running pressure: 1300000 and HFC feed fraction 0.15\n",
      "Running pressure: 1300000 and HFC feed fraction 0.2\n",
      "Running pressure: 1300000 and HFC feed fraction 0.3\n",
      "Running pressure: 1300000 and HFC feed fraction 0.4\n",
      "Running pressure: 1300000 and HFC feed fraction 0.5\n",
      "Running pressure: 1300000 and HFC feed fraction 0.72\n",
      "Running pressure: 1300000 and HFC feed fraction 0.91\n",
      "Running pressure: 1300000 and HFC feed fraction 0.99\n",
      "Running pressure: 1400000 and HFC feed fraction 0.01\n",
      "Running pressure: 1400000 and HFC feed fraction 0.15\n",
      "Running pressure: 1400000 and HFC feed fraction 0.2\n",
      "Running pressure: 1400000 and HFC feed fraction 0.3\n",
      "Running pressure: 1400000 and HFC feed fraction 0.4\n",
      "Running pressure: 1400000 and HFC feed fraction 0.5\n",
      "Running pressure: 1400000 and HFC feed fraction 0.72\n",
      "Running pressure: 1400000 and HFC feed fraction 0.91\n",
      "Running pressure: 1400000 and HFC feed fraction 0.99\n",
      "Running pressure: 1500000 and HFC feed fraction 0.01\n",
      "Running pressure: 1500000 and HFC feed fraction 0.15\n",
      "Running pressure: 1500000 and HFC feed fraction 0.2\n",
      "Running pressure: 1500000 and HFC feed fraction 0.3\n",
      "Running pressure: 1500000 and HFC feed fraction 0.4\n",
      "Running pressure: 1500000 and HFC feed fraction 0.5\n",
      "Running pressure: 1500000 and HFC feed fraction 0.72\n",
      "Running pressure: 1500000 and HFC feed fraction 0.91\n",
      "Running pressure: 1500000 and HFC feed fraction 0.99\n",
      "Running pressure: 1600000 and HFC feed fraction 0.01\n",
      "Running pressure: 1600000 and HFC feed fraction 0.15\n",
      "Running pressure: 1600000 and HFC feed fraction 0.2\n",
      "Running pressure: 1600000 and HFC feed fraction 0.3\n",
      "Running pressure: 1600000 and HFC feed fraction 0.4\n",
      "Running pressure: 1600000 and HFC feed fraction 0.5\n",
      "Running pressure: 1600000 and HFC feed fraction 0.72\n",
      "Running pressure: 1600000 and HFC feed fraction 0.91\n",
      "Running pressure: 1600000 and HFC feed fraction 0.99\n"
     ]
    }
   ],
   "source": [
    "# Set pressures to loop over\n",
    "P = [200000,300000,400000,500000,600000,700000,800000,900000,1000000,1100000,1200000,1300000,1400000,1500000,1600000]\n",
    "\n",
    "# Set fraction of feed compositions of HFCs to loop over\n",
    "HFC_feed_frac = [0.01,0.15,0.2,0.3,0.4,0.5,0.72,0.91,0.99]\n",
    "\n",
    "# Make outlet arrays\n",
    "IL_x = np.zeros((len(P),len(HFC_feed_frac)))\n",
    "IL_y = np.zeros((len(P),len(HFC_feed_frac)))\n",
    "R32_x = np.zeros((len(P),len(HFC_feed_frac)))\n",
    "R32_y = np.zeros((len(P),len(HFC_feed_frac)))\n",
    "R125_x = np.zeros((len(P),len(HFC_feed_frac)))\n",
    "R125_y = np.zeros((len(P),len(HFC_feed_frac))) \n",
    "\n",
    "for i in range(len(P)):\n",
    "    \n",
    "    # Fix pressure\n",
    "    m.fs.F101.inlet.pressure.fix(P[i])\n",
    "    \n",
    "    for j in range(len(HFC_feed_frac)):\n",
    "        \n",
    "        # Fix inlet mole fractions\n",
    "        fract = 1 - HFC_feed_frac[j] \n",
    "        m.fs.F101.inlet.mole_frac_comp[0, \"R32\"].fix(0.85*HFC_feed_frac[j])\n",
    "        m.fs.F101.inlet.mole_frac_comp[0, \"R125\"].fix(0.85*fract)\n",
    "        m.fs.F101.inlet.mole_frac_comp[0, \"bmimBF4\"].fix(0.15)   \n",
    "\n",
    "        m.fs.F101.initialize(outlvl=idaeslog.CRITICAL) \n",
    "        # solve the model\n",
    "        status = solver.solve(m, tee = False)\n",
    "        # model.display()\n",
    "        \n",
    "        # If solution is optimal store the concentration, and calculated temperatures in the created arrays\n",
    "        if (status.solver.status == SolverStatus.ok) and (status.solver.termination_condition == TerminationCondition.optimal):\n",
    "\n",
    "            IL_x[i,j] = value(m.fs.F101.liq_outlet.mole_frac_comp[0, \"bmimBF4\"])\n",
    "            IL_y[i,j] = value(m.fs.F101.vap_outlet.mole_frac_comp[0, \"bmimBF4\"])\n",
    "            R32_x[i,j] = value(m.fs.F101.liq_outlet.mole_frac_comp[0, \"R32\"]) \n",
    "            R32_y[i,j] = value(m.fs.F101.vap_outlet.mole_frac_comp[0, \"R32\"])\n",
    "            R125_x[i,j] = value(m.fs.F101.liq_outlet.mole_frac_comp[0, \"R125\"])\n",
    "            R125_y[i,j] = value(m.fs.F101.vap_outlet.mole_frac_comp[0, \"R125\"])\n",
    "\n",
    "            #Change this to feasible\n",
    "            print(\"Running pressure:\",P[i],\"and HFC feed fraction\",HFC_feed_frac[j])\n",
    "#             print(value(m.fs.F101.liq_outlet.flow_mol[0]))\n",
    "#             print(value(m.fs.F101.vap_outlet.flow_mol[0]))\n",
    "        else:\n",
    "            print('Infeasible.')"
   ]
  },
  {
   "cell_type": "code",
   "execution_count": 9,
   "id": "minor-trading",
   "metadata": {},
   "outputs": [
    {
     "name": "stdout",
     "output_type": "stream",
     "text": [
      "IL_x = [[86.41921799 86.69291803 86.79134386 86.9892955  87.1887526  87.38976272\n",
      "  87.83769362 88.23119681 88.39882291]\n",
      " [80.13162979 80.47902111 80.60422062 80.85648576 81.11133427 81.36888405\n",
      "  81.94561205 82.45576181 82.67415362]\n",
      " [74.14997248 74.53550359 74.67454021 74.95487313 75.2383786  75.52525618\n",
      "  76.16930529 76.74135088 76.98704027]\n",
      " [68.45072194 68.84375225 68.98523933 69.27014338 69.55781666 69.84850527\n",
      "  70.49993824 71.07765079 71.32565302]\n",
      " [63.00880558 63.38355233 63.51766658 63.78646008 64.05615756 64.3269431\n",
      "  64.92744024 65.45265512 65.67600367]\n",
      " [57.79710451 58.13259106 58.25108611 58.48597225 58.71800778 58.94710732\n",
      "  59.44010154 59.85220386 60.02136159]\n",
      " [52.78556183 53.06563155 53.16186975 53.3480402  53.52533339 53.69306734\n",
      "  54.02399405 54.25939703 54.34153819]\n",
      " [47.93959104 48.15310181 48.22213803 48.34796891 48.45627888 48.54533262\n",
      "  48.6621163  48.65389008 48.61211426]\n",
      " [43.21713971 43.35857877 43.39736651 43.45482853 43.48317786 43.47904964\n",
      "  43.33309061 43.01117993 42.80394115]\n",
      " [38.56292716 38.63400318 38.64188634 38.62745232 38.56898175 38.46083872\n",
      "  38.00910702 37.30232785 36.88405902]\n",
      " [33.89587879 33.90967377 33.88960787 33.8064106  33.66029142 33.44279943\n",
      "  32.65255556 31.49563663 30.8216702 ]\n",
      " [29.07690421 29.07012918 29.03211167 28.89577739 28.67211657 28.34992471\n",
      "  27.21033739 25.56511344 24.60995664]\n",
      " [23.79939348 23.88095396 23.85444842 23.71304538 23.44849563 23.04962205\n",
      "  21.60435157 19.51988589 18.32956012]\n",
      " [16.8636578  17.63758036 17.75186426 17.7974062  17.6293211  17.26075543\n",
      "  15.71970812 15.00008476 15.00004601]\n",
      " [15.00006324 15.00005714 15.00005558 15.00005193 15.00004687 15.00004049\n",
      "  15.00002605 15.00001707 15.00001441]]\n",
      "IL_y = [[1.e-06 1.e-06 1.e-06 1.e-06 1.e-06 1.e-06 1.e-06 1.e-06 1.e-06]\n",
      " [1.e-06 1.e-06 1.e-06 1.e-06 1.e-06 1.e-06 1.e-06 1.e-06 1.e-06]\n",
      " [1.e-06 1.e-06 1.e-06 1.e-06 1.e-06 1.e-06 1.e-06 1.e-06 1.e-06]\n",
      " [1.e-06 1.e-06 1.e-06 1.e-06 1.e-06 1.e-06 1.e-06 1.e-06 1.e-06]\n",
      " [1.e-06 1.e-06 1.e-06 1.e-06 1.e-06 1.e-06 1.e-06 1.e-06 1.e-06]\n",
      " [1.e-06 1.e-06 1.e-06 1.e-06 1.e-06 1.e-06 1.e-06 1.e-06 1.e-06]\n",
      " [1.e-06 1.e-06 1.e-06 1.e-06 1.e-06 1.e-06 1.e-06 1.e-06 1.e-06]\n",
      " [1.e-06 1.e-06 1.e-06 1.e-06 1.e-06 1.e-06 1.e-06 1.e-06 1.e-06]\n",
      " [1.e-06 1.e-06 1.e-06 1.e-06 1.e-06 1.e-06 1.e-06 1.e-06 1.e-06]\n",
      " [1.e-06 1.e-06 1.e-06 1.e-06 1.e-06 1.e-06 1.e-06 1.e-06 1.e-06]\n",
      " [1.e-06 1.e-06 1.e-06 1.e-06 1.e-06 1.e-06 1.e-06 1.e-06 1.e-06]\n",
      " [1.e-06 1.e-06 1.e-06 1.e-06 1.e-06 1.e-06 1.e-06 1.e-06 1.e-06]\n",
      " [1.e-06 1.e-06 1.e-06 1.e-06 1.e-06 1.e-06 1.e-06 1.e-06 1.e-06]\n",
      " [1.e-06 1.e-06 1.e-06 1.e-06 1.e-06 1.e-06 1.e-06 1.e-06 1.e-06]\n",
      " [1.e-06 1.e-06 1.e-06 1.e-06 1.e-06 1.e-06 1.e-06 1.e-06 1.e-06]]\n",
      "R32_x = [[ 0.11345178  1.70627341  2.27722175  3.42252581  4.57250975  5.72733942\n",
      "   8.28585336 10.51641656 11.46171623]\n",
      " [ 0.16771265  2.52548206  3.37211387  5.07292418  6.78418248  8.50636065\n",
      "  12.33598841 15.69192908 17.11934264]\n",
      " [ 0.22047397  3.32392925  4.44021451  6.68597279  8.95014485 11.23375602\n",
      "  16.33141728 20.82305137 22.74110714]\n",
      " [ 0.27186226  4.10325991  5.48361513  8.26454938 11.07397881 13.91381326\n",
      "  20.27850393 25.91942956 28.33876591]\n",
      " [ 0.32202342  4.86539362  6.50476434  9.81203989 13.15990877 16.55158739\n",
      "  24.18470871 30.99240766 33.92623579]\n",
      " [ 0.37112987  5.61262744  7.50660234 11.33253158 15.21304735 19.15319193\n",
      "  28.05896122 36.05551013 39.52018306]\n",
      " [ 0.4193933   6.34780601  8.49278104 12.8311244  17.2397855  21.72625452\n",
      "  31.91221149 41.12507525 45.14074764]\n",
      " [ 0.46708618  7.0746165   9.46804268 14.3144578  19.24844308 24.2806647\n",
      "  35.75827672 46.22105806 50.81233421]\n",
      " [ 0.51458453  7.79813176 10.43891151 15.79165845 21.25042047 26.82987461\n",
      "  39.6152037  51.36795299 56.56414947]\n",
      " [ 0.56245034  8.52589506 11.41506268 17.27618234 23.26239741 29.3933332\n",
      "  43.50759372 56.59552736 62.42936541]\n",
      " [ 0.61163092  9.2703434  12.41234335 18.78978759 25.31096899 32.0014948\n",
      "  47.47088229 61.93818324 68.43932156]\n",
      " [ 0.66400587 10.05517973 13.46057405 20.37245247 27.44385748 34.70754274\n",
      "  51.56006618 67.4289666  74.60208029]\n",
      " [ 0.72447284 10.93715544 14.62936872 22.11335794 29.76317436 37.62047284\n",
      "  55.87026505 73.07621907 80.83959389]\n",
      " [ 0.81774607 12.13248978 16.1661905  24.29577616 32.5649872  41.03121429\n",
      "  60.59671609 77.34991931 84.14995424]\n",
      " [ 0.84999883 12.7499855  16.99998178 25.49997607 33.99997305 42.49997277\n",
      "  61.19997813 77.34998377 84.14998567]]\n",
      "R32_y = [[ 1.00469538 15.06063128 20.07616019 30.10015771 40.11469707 50.11972257\n",
      "  72.09699797 91.03957214 99.00479213]\n",
      " [ 1.00713272 15.09224285 20.11593203 30.15263419 40.17499658 50.1828863\n",
      "  72.14859172 91.06077932 99.00736883]\n",
      " [ 1.00964319 15.12490326 20.15707137 30.20704704 40.23768162 50.24872655\n",
      "  72.20272003 91.08316614 99.01009638]\n",
      " [ 1.01224413 15.15884218 20.19987047 30.26379356 40.30322727 50.31776639\n",
      "  72.25987611 91.10696995 99.01300587]\n",
      " [ 1.01496242 15.19440703 20.24476724 30.32345719 40.37231663 50.39074215\n",
      "  72.32072573 91.13250329 99.01613799]\n",
      " [ 1.01783967 15.23212745 20.29242518 30.38690985 40.44595452 50.46871836\n",
      "  72.38619365 91.16018757 99.01954705]\n",
      " [ 1.02094097 15.27282455 20.34386877 30.4554849  40.52565975 50.55328199\n",
      "  72.457608   91.19060664 99.02330726]\n",
      " [ 1.02437094 15.31780656 20.40072514 30.53128492 40.61380647 50.64688686\n",
      "  72.53695356 91.22459601 99.02752252]\n",
      " [ 1.02830411 15.36924352 20.46568501 30.61776492 40.71426812 50.75350157\n",
      "  72.62734299 91.26339837 99.03234188]\n",
      " [ 1.03305217 15.43094971 20.54345921 30.72092958 40.8337292  50.87992214\n",
      "  72.73395888 91.30895046 99.03798389]\n",
      " [ 1.03922307 15.51021943 20.64300044 30.85206788 40.98464254 51.03870252\n",
      "  72.86611627 91.36444859 99.04477239]\n",
      " [ 1.04819082 15.62291635 20.78356376 31.03500612 41.19289784 51.25561934\n",
      "  73.04234331 91.43555638 99.05316772]\n",
      " [ 1.06398152 15.8119085  21.01600049 31.33029568 41.52233147 51.59271354\n",
      "  73.30505276 91.53325936 99.06370929]\n",
      " [ 1.10960181 16.26179949 21.54497072 31.95718081 42.18659694 52.24532026\n",
      "  73.77351187 91.63119508 99.06933671]\n",
      " [ 1.1265553  16.55760261 21.91783089 32.41227188 42.62525929 52.58599961\n",
      "  73.78999009 91.60889996 99.06704583]]\n",
      "R125_x = [[13.46733022 11.60080856 10.93143439  9.58817869  8.23873765  6.88289786\n",
      "   3.87645302  1.25238663  0.13946087]\n",
      " [19.70065756 16.99549683 16.02366551 14.07059006 12.10448325 10.1247553\n",
      "   5.71839954  1.85230911  0.20650373]\n",
      " [25.62955355 22.14056716 20.88524528 18.35915408 15.81147654 13.24098781\n",
      "   7.49927743  2.43559776  0.2718526 ]\n",
      " [31.2774158  27.05298784 25.53114554 22.46530724 19.36820453 16.23768147\n",
      "   9.22155784  3.00291964  0.33558107]\n",
      " [36.669171   31.75105404 29.97756908 26.40150003 22.78393368 19.12146951\n",
      "  10.88785105  3.55493722  0.39776054]\n",
      " [41.83176562 36.2547815  34.24231155 30.18149617 26.06894487 21.89970076\n",
      "  12.50093724  4.09228602  0.45845536]\n",
      " [46.79504487 40.58656244 38.34534922 33.8208354  29.2348811  24.58067815\n",
      "  14.06379445  4.61552772  0.51771417]\n",
      " [51.59332278 44.77228169 42.30981929 37.33757329 32.29527804 27.17400269\n",
      "  15.57960699  5.12505186  0.57555152]\n",
      " [56.26827576 48.84328948 46.16372198 40.75351301 35.26640167 29.69107575\n",
      "  17.05170569  5.62086708  0.63190937]\n",
      " [60.8746225  52.84010176 49.94305098 44.09636533 38.16862084 32.14582807\n",
      "  18.48329927  6.10214479  0.68657557]\n",
      " [65.49249029 56.81998283 53.69804879 47.40380181 41.02873959 34.55570577\n",
      "  19.87656215  6.56618013  0.73900824]\n",
      " [70.25908992 60.8746911  57.50731428 50.73177014 43.88402595 36.94253255\n",
      "  21.22959643  7.00591996  0.78796307]\n",
      " [75.47613368 65.1818906  61.51618286 54.17359668 46.78833001 39.32990511\n",
      "  22.52538337  7.40389503  0.83084599]\n",
      " [82.31859613 70.22992986 66.08194524 57.90681764 49.80569171 41.70803028\n",
      "  23.68357579  7.64999594  0.84999975]\n",
      " [84.14993793 72.24995736 67.99996264 59.499972   50.99998008 42.49998674\n",
      "  23.79999581  7.64999916  0.84999992]]\n",
      "R125_y = [[98.99530462 84.93936872 79.92383981 69.89984229 59.88530293 49.88027743\n",
      "  27.90300203  8.96042786  0.99520787]\n",
      " [98.99286728 84.90775715 79.88406797 69.84736581 59.82500342 49.8171137\n",
      "  27.85140828  8.93922068  0.99263117]\n",
      " [98.99035681 84.87509674 79.84292863 69.79295296 59.76231838 49.75127345\n",
      "  27.79727997  8.91683386  0.98990362]\n",
      " [98.98775587 84.84115782 79.80012953 69.73620644 59.69677273 49.68223361\n",
      "  27.74012389  8.89303005  0.98699413]\n",
      " [98.98503758 84.80559297 79.75523276 69.67654281 59.62768337 49.60925785\n",
      "  27.67927427  8.86749671  0.98386201]\n",
      " [98.98216033 84.76787255 79.70757482 69.61309015 59.55404548 49.53128164\n",
      "  27.61380635  8.83981243  0.98045295]\n",
      " [98.97905903 84.72717545 79.65613123 69.5445151  59.47434025 49.44671801\n",
      "  27.542392    8.80939336  0.97669274]\n",
      " [98.97562906 84.68219344 79.59927486 69.46871508 59.38619353 49.35311314\n",
      "  27.46304644  8.77540399  0.97247748]\n",
      " [98.97169589 84.63075648 79.53431499 69.38223508 59.28573188 49.24649843\n",
      "  27.37265701  8.73660163  0.96765812]\n",
      " [98.96694783 84.56905029 79.45654079 69.27907042 59.1662708  49.12007786\n",
      "  27.26604112  8.69104954  0.96201611]\n",
      " [98.96077693 84.48978057 79.35699956 69.14793212 59.01535746 48.96129748\n",
      "  27.13388373  8.63555141  0.95522761]\n",
      " [98.95180918 84.37708365 79.21643624 68.96499388 58.80710216 48.74438066\n",
      "  26.95765669  8.56444362  0.94683228]\n",
      " [98.93601848 84.1880915  78.98399951 68.66970432 58.47766853 48.40728646\n",
      "  26.69494724  8.46674064  0.93629071]\n",
      " [98.89039819 83.73820051 78.45502928 68.04281919 57.81340306 47.75467974\n",
      "  26.22648813  8.36880492  0.93066329]\n",
      " [98.8734447  83.44239739 78.08216911 67.58772812 57.37474071 47.41400039\n",
      "  26.21000991  8.39110004  0.93295417]]\n"
     ]
    }
   ],
   "source": [
    "IL_x = IL_x*100\n",
    "IL_y = IL_y*100\n",
    "R32_x = R32_x*100\n",
    "R32_y = R32_y*100\n",
    "R125_x = R125_x*100\n",
    "R125_y = R125_y*100\n",
    "\n",
    "print(\"IL_x =\", IL_x)\n",
    "print(\"IL_y =\", IL_y)\n",
    "print(\"R32_x =\", R32_x)\n",
    "print(\"R32_y =\", R32_y)\n",
    "print(\"R125_x =\", R125_x)\n",
    "print(\"R125_y =\", R125_y)"
   ]
  },
  {
   "cell_type": "markdown",
   "id": "eligible-commissioner",
   "metadata": {},
   "source": [
    "##### Store"
   ]
  },
  {
   "cell_type": "code",
   "execution_count": 10,
   "id": "rotary-samuel",
   "metadata": {},
   "outputs": [],
   "source": [
    "points_x = []\n",
    "\n",
    "for i in range(len(P)):\n",
    "    for j in range(len(HFC_feed_frac)): #to shift how points are printed, shift the order\n",
    "        points = (IL_x[i,j], R125_x[i,j], R32_x[i,j])\n",
    "        points_x.append(points)"
   ]
  },
  {
   "cell_type": "code",
   "execution_count": 11,
   "id": "german-terrace",
   "metadata": {},
   "outputs": [],
   "source": [
    "# points_y = []\n",
    "\n",
    "# for i in range(len(P)):\n",
    "#     for j in range(len(HFC_feed_frac)): #to shift how points are printed, shift the order\n",
    "#         points = (IL_x[i,j], R125_x[i,j], R32_x[i,j])\n",
    "#         points_x.append(points)"
   ]
  },
  {
   "cell_type": "markdown",
   "id": "increasing-creature",
   "metadata": {},
   "source": [
    "### Ternary Diagram"
   ]
  },
  {
   "cell_type": "code",
   "execution_count": 12,
   "id": "breeding-award",
   "metadata": {},
   "outputs": [
    {
     "name": "stdout",
     "output_type": "stream",
     "text": [
      "points 1 are: [(86.41921799263828, 13.467330224646004, 0.11345178271571779), (86.69291802590068, 11.600808563699582, 1.7062734103997304), (86.79134385936068, 10.931434389401733, 2.277221751237593), (86.9892955006871, 9.588178685091044, 3.4225258142218573), (87.18875259666507, 8.238737651291714, 4.572509752043208), (87.38976271697348, 6.8828978617422685, 5.727339421284255), (87.8376936243546, 3.8764530164519235, 8.28585335919348), (88.23119680817972, 1.252386631682484, 10.516416560137813), (88.39882290791357, 0.13946086501119564, 11.461716227075236)]\n",
      "points 2 are: [(80.13162978769174, 19.700657559845595, 0.16771265246268227), (80.47902111436743, 16.995496826651035, 2.5254820589815523), (80.60422061953277, 16.02366551426901, 3.3721138661982426), (80.856485757596, 14.070590062994654, 5.072924179409339), (81.11133426830709, 12.104483254472465, 6.7841824772204475), (81.36888405109056, 10.1247552969994, 8.506360651910027), (81.94561205044859, 5.718399539475611, 12.335988410075823), (82.45576180865143, 1.8523091141516401, 15.691929077196937), (82.6741536213232, 0.2065037348488048, 17.119342643827995)]\n",
      "points 3 are: [(74.1499724799382, 25.62955354780121, 0.22047397226061133), (74.53550359460073, 22.140567158758913, 3.3239292466403634), (74.67454020702779, 20.885245280858374, 4.440214512113842), (74.95487313106656, 18.359154079014804, 6.685972789918636), (75.23837860475811, 15.81147654148819, 8.950144853753711), (75.5252561763025, 13.24098780817776, 11.233756015519738), (76.16930528846399, 7.499277427196834, 16.331417284339167), (76.74135087762178, 2.4355977558236637, 20.823051366554544), (76.98704026926576, 0.27185259554355307, 22.741107135190685)]\n",
      "points 4 are: [(68.4507219396244, 31.277415802019142, 0.27186225835646777), (68.84375224981505, 27.05298784121237, 4.10325990897258), (68.98523933384591, 25.53114554106376, 5.4836151250903304), (69.27014337766037, 22.46530724170114, 8.264549380638487), (69.55781666007142, 19.3682045317546, 11.073978808173973), (69.84850527363776, 16.237681469942604, 13.91381325641964), (70.4999382369804, 9.22155783560426, 20.278503927415358), (71.07765079306402, 3.0029196445035997, 25.919429562432388), (71.32565302351352, 0.3355810709300646, 28.33876590555641)]\n",
      "points 5 are: [(63.00880558042299, 36.669171003054515, 0.32202341652250766), (63.383552331902415, 31.751054043955683, 4.865393624141913), (63.51766658215033, 29.97756907601229, 6.504764341837391), (63.78646008366875, 26.401500031277493, 9.812039885053753), (64.0561575568277, 22.78393367666799, 13.159908766504321), (64.32694310196918, 19.1214695084515, 16.551587389579307), (64.92744023731775, 10.887851051921773, 24.18470871076048), (65.45265511648508, 3.5549372238191395, 30.992407659695804), (65.67600366909934, 0.39776054094793667, 33.9262357899527)]\n",
      "points 6 are: [(57.797104510154504, 41.831765617052, 0.37112987279349857), (58.13259105831757, 36.254781501419345, 5.612627440263076), (58.25108610912226, 34.24231154992687, 7.506602340950874), (58.48597224621126, 30.181496169413673, 11.332531584375065), (58.71800778453926, 26.068944867490433, 15.21304734797031), (58.94710731803586, 21.899700755062625, 19.153191926901513), (59.44010154078977, 12.500937240539137, 28.05896121867109), (59.852203855163125, 4.092286019524645, 36.055510125312225), (60.021361585283195, 0.4584553591825864, 39.52018305553421)]\n",
      "points 7 are: [(52.78556182560262, 46.79504487301907, 0.4193933013783166), (53.065631553785956, 40.58656243711173, 6.347806009102314), (53.16186974571991, 38.34534921590932, 8.492781038370785), (53.348040204551275, 33.82083539731674, 12.83112439813199), (53.52533339375544, 29.234881102941166, 17.239785503303402), (53.6930673365716, 24.580678145338, 21.726254518090414), (54.02399405487765, 14.063794450725759, 31.912211494396598), (54.259397030621095, 4.615527718921865, 41.12507525045704), (54.3415381878369, 0.5177141710244124, 45.14074764113868)]\n",
      "points 8 are: [(47.939591036510755, 51.593322780223694, 0.4670861832655628), (48.15310181116171, 44.77228168745928, 7.074616501379021), (48.22213803345559, 42.30981929128521, 9.4680426752592), (48.34796891196883, 37.33757328920439, 14.314457798826782), (48.456278884554564, 32.29527804018238, 19.24844307526305), (48.545332617274894, 27.174002686426995, 24.280664696298114), (48.6621162958917, 15.579606986284638, 35.75827671782366), (48.65389008423667, 5.1250518574035775, 46.22105805835974), (48.61211426359399, 0.575551524288665, 50.81233421211735)]\n",
      "points 9 are: [(43.21713970908817, 56.268275756372674, 0.5145845345391453), (43.35857876611118, 48.84328947788178, 7.798131756007049), (43.39736651455875, 46.16372197764058, 10.43891150780068), (43.45482853493596, 40.7535130120928, 15.791658452971241), (43.48317786347958, 35.26640167040107, 21.25042046611936), (43.47904964373342, 29.691075745853478, 26.829874610413107), (43.33309061088737, 17.051705689237178, 39.615203699875465), (43.01117992911701, 5.620867083126402, 51.367952987756595), (42.80394115496679, 0.6319093715773766, 56.564149473455835)]\n",
      "points 10 are: [(38.56292716279763, 60.87462249684855, 0.5624503403538178), (38.634003183067335, 52.840101755916514, 8.52589506101615), (38.64188634172511, 49.94305098220273, 11.415062676072182), (38.62745232199077, 44.09636533321326, 17.276182344795966), (38.56898175211755, 38.168620835386626, 23.262397412495815), (38.46083872467461, 32.14582807192828, 29.39333320339711), (38.00910701715843, 18.483299265640273, 43.50759371720129), (37.302327853229876, 6.102144788956335, 56.59552735781378), (36.884059015289736, 0.6865755710943544, 62.429365413231544)]\n",
      "points 11 are: [(33.895878789975306, 65.49249029386317, 0.6116309161615264), (33.909673770693935, 56.819982832468554, 9.270343396837506), (33.88960786839842, 53.69804878554517, 12.412343346056419), (33.80641059687737, 47.40380180891003, 18.78978759421259), (33.66029142293775, 41.028739592006666, 25.31096898505559), (33.44279943333418, 34.55570576919397, 32.00149479747186), (32.652555557269956, 19.876562151960435, 47.470882290769616), (31.495636625277346, 6.56618013485461, 61.93818323986804), (30.82167020057029, 0.7390082376621362, 68.43932156159586)]\n",
      "points 12 are: [(29.0769042132268, 70.25908991803352, 0.6640058676782787), (29.070129178674925, 60.87469109565926, 10.05517972566582), (29.032111673048945, 57.50731427745147, 13.460574049499591), (28.89577738946333, 50.731770141128806, 20.372452469407857), (28.672116573780826, 43.88402594708097, 27.443857479138213), (28.349924706708258, 36.942532554692605, 34.70754273859914), (27.210337386548122, 21.229596429929998, 51.56006618352187), (25.565113436909236, 7.0059199643400465, 67.4289665987507), (24.60995663983113, 0.7879630693612527, 74.60208029072885)]\n",
      "points 13 are: [(23.799393476184875, 75.47613368471902, 0.7244728385751401), (23.880953963403396, 65.18189059700875, 10.93715543958786), (23.854448421300926, 61.516182860625115, 14.629368718073971), (23.713045378883894, 54.17359667820107, 22.113357942915023), (23.448495630936243, 46.78833000759888, 29.763174361464877), (23.049622048094136, 39.329905110211286, 37.62047284169458), (21.60435157471755, 22.52538337374385, 55.8702650515386), (19.51988589179752, 7.403895034854605, 73.07621907334787), (18.329560117634188, 0.8308459930327194, 80.83959388929338)]\n",
      "points 14 are: [(16.863657797297492, 82.31859613244117, 0.8177460702613368), (17.637580362299662, 70.22992986246706, 12.132489775233273), (17.75186426296028, 66.08194523674177, 16.166190500297944), (17.797406204500216, 57.90681763874661, 24.29577615675317), (17.629321095448603, 49.805691706618646, 32.56498719793275), (17.260755428159285, 41.708030282990386, 41.03121428885033), (15.719708123289053, 23.683575785464072, 60.59671609124688), (15.000084755500334, 7.649995938486754, 77.34991930598586), (15.000046007860272, 0.8499997525906846, 84.14995423954778)]\n",
      "points 15 are: [(15.000063237053649, 84.14993792884916, 0.8499988340971971), (15.000057141726234, 72.24995736313944, 12.74998549513429), (15.00005557823342, 67.99996264339013, 16.999981778376437), (15.00005193455643, 59.49997199782848, 25.499976067615073), (15.00004687109836, 50.99998008059341, 33.99997304830823), (15.000040490032445, 42.499986735464326, 42.49997277450323), (15.000026053333638, 23.79999581408052, 61.19997813258584), (15.000017069510573, 7.64999915664899, 77.34998377375396), (15.000014405954232, 0.849999920332158, 84.14998567364773)]\n"
     ]
    },
    {
     "data": {
