{
 "cells": [
  {
   "cell_type": "markdown",
   "id": "established-plant",
   "metadata": {},
   "source": [
    "### Import libraries"
   ]
  },
  {
   "cell_type": "code",
   "execution_count": 1,
   "id": "allied-compound",
   "metadata": {},
   "outputs": [],
   "source": [
    "from pyomo.environ import (Constraint,\n",
    "                           Var,\n",
    "                           ConcreteModel,\n",
    "                           Expression,\n",
    "                           Param,\n",
    "                           Objective,\n",
    "                           SolverFactory,\n",
    "                           TransformationFactory,\n",
    "                           value)\n",
    "\n",
    "from pyomo.network import Arc, SequentialDecomposition\n",
    "\n",
    "from idaes.core.util.initialization import propagate_state\n",
    "\n",
    "# Import plotting functions\n",
    "import matplotlib.pyplot as plt\n",
    "\n",
    "# Import numpy library \n",
    "import numpy as np\n",
    "\n",
    "# Import the main FlowsheetBlock from IDAES. The flowsheet block will contain the unit model\n",
    "from idaes.core import FlowsheetBlock\n",
    "\n",
    "import idaes.logger as idaeslog\n",
    "from pyomo.opt import TerminationCondition, SolverStatus\n",
    "\n",
    "# Import the degrees_of_freedom function from the idaes.core.util.model_statistics package\n",
    "# DOF = Number of Model Variables - Number of Model Constraints\n",
    "from idaes.core.util.model_statistics import degrees_of_freedom\n",
    "\n",
    "# Import the Generic Parameter Block\n",
    "from idaes.generic_models.properties.core.generic.generic_property import (\n",
    "        GenericParameterBlock)\n",
    "\n",
    "# Import unit models from the model library\n",
    "from idaes.generic_models.unit_models import Flash\n",
    "\n",
    "# Import R32, R125, IL info file\n",
    "from HFCS_hmimFAP_PR import configuration"
   ]
  },
  {
   "cell_type": "markdown",
   "id": "dramatic-protest",
   "metadata": {},
   "source": [
    "### Create model"
   ]
  },
  {
   "cell_type": "code",
   "execution_count": 2,
   "id": "senior-andrew",
   "metadata": {},
   "outputs": [
    {
     "name": "stdout",
     "output_type": "stream",
     "text": [
      "2021-04-27 22:34:10 [INFO] idaes.generic_models.properties.core.generic.generic_property: DEPRECATED - definiton of generic property packages is moving to using static classes instead of modules. Please refer to the IDAES documentation.\n"
     ]
    }
   ],
   "source": [
    "# Create the ConcreteModel and the FlowsheetBlock, and attach the flowsheet block to it.\n",
    "m = ConcreteModel()\n",
    "\n",
    "m.fs = FlowsheetBlock(default={\"dynamic\": False}) \n",
    "\n",
    "# Add properties parameter blocks to the flowsheet with specifications\n",
    "m.fs.props = GenericParameterBlock(default=configuration)"
   ]
  },
  {
   "cell_type": "code",
   "execution_count": 3,
   "id": "elementary-transsexual",
   "metadata": {},
   "outputs": [
    {
     "name": "stdout",
     "output_type": "stream",
     "text": [
      "The initial DOF is 8\n"
     ]
    }
   ],
   "source": [
    "m.fs.F101 = Flash(default={\"property_package\": m.fs.props,\n",
    "                               \"has_heat_transfer\": True,\n",
    "                               \"has_pressure_change\": True})\n",
    "\n",
    "# Call the degrees_of_freedom function, get intitial DOF\n",
    "DOF_initial = degrees_of_freedom(m)\n",
    "print(\"The initial DOF is {0}\".format(DOF_initial))"
   ]
  },
  {
   "cell_type": "code",
   "execution_count": 4,
   "id": "exciting-precipitation",
   "metadata": {},
   "outputs": [
    {
     "name": "stdout",
     "output_type": "stream",
     "text": [
      "The final DOF is 0\n"
     ]
    }
   ],
   "source": [
    "## Update conditions to reduce DOF\n",
    "\n",
    "# Fix Heater H101 inlet conditions\n",
    "m.fs.F101.inlet.mole_frac_comp[0, \"R32\"].fix(0.5)\n",
    "m.fs.F101.inlet.mole_frac_comp[0, \"R125\"].fix(0.5)\n",
    "m.fs.F101.inlet.mole_frac_comp[0, \"hmimFAP\"].fix(0.001)\n",
    "\n",
    "m.fs.F101.inlet.flow_mol[0].fix(1)\n",
    "m.fs.F101.inlet.temperature.fix(300)\n",
    "m.fs.F101.inlet.pressure.fix(200000)\n",
    "\n",
    "# Fix F101 Flash outlet conditions\n",
    "m.fs.F101.vap_outlet.temperature.fix(300)\n",
    "m.fs.F101.deltaP.fix(0)\n",
    "\n",
    "DOF_final = degrees_of_freedom(m)\n",
    "print(\"The final DOF is {0}\".format(DOF_final))"
   ]
  },
  {
   "cell_type": "code",
   "execution_count": 5,
   "id": "removable-chicken",
   "metadata": {},
   "outputs": [],
   "source": [
    "solver = SolverFactory('ipopt')\n",
    "solver.options = {'tol': 1e-6}"
   ]
  },
  {
   "cell_type": "markdown",
   "id": "potential-making",
   "metadata": {},
   "source": [
    "### Get flash data"
   ]
  },
  {
   "cell_type": "code",
   "execution_count": 6,
   "id": "suspended-rover",
   "metadata": {},
   "outputs": [
    {
     "name": "stdout",
     "output_type": "stream",
     "text": [
      "Running pressure: 200000 and HFC feed fraction 0.01\n",
      "Running pressure: 200000 and HFC feed fraction 0.15\n",
      "Running pressure: 200000 and HFC feed fraction 0.2\n",
      "Running pressure: 200000 and HFC feed fraction 0.3\n",
      "Running pressure: 200000 and HFC feed fraction 0.4\n",
      "Running pressure: 200000 and HFC feed fraction 0.5\n",
      "Running pressure: 200000 and HFC feed fraction 0.72\n",
      "Running pressure: 200000 and HFC feed fraction 0.91\n",
      "Running pressure: 200000 and HFC feed fraction 0.99\n",
      "Running pressure: 300000 and HFC feed fraction 0.01\n",
      "Running pressure: 300000 and HFC feed fraction 0.15\n",
      "Running pressure: 300000 and HFC feed fraction 0.2\n",
      "Running pressure: 300000 and HFC feed fraction 0.3\n",
      "Running pressure: 300000 and HFC feed fraction 0.4\n",
      "Running pressure: 300000 and HFC feed fraction 0.5\n",
      "Running pressure: 300000 and HFC feed fraction 0.72\n",
      "Running pressure: 300000 and HFC feed fraction 0.91\n",
      "Running pressure: 300000 and HFC feed fraction 0.99\n",
      "Running pressure: 400000 and HFC feed fraction 0.01\n",
      "Running pressure: 400000 and HFC feed fraction 0.15\n",
      "Running pressure: 400000 and HFC feed fraction 0.2\n",
      "Running pressure: 400000 and HFC feed fraction 0.3\n",
      "Running pressure: 400000 and HFC feed fraction 0.4\n",
      "Running pressure: 400000 and HFC feed fraction 0.5\n",
      "Running pressure: 400000 and HFC feed fraction 0.72\n",
      "Running pressure: 400000 and HFC feed fraction 0.91\n",
      "Running pressure: 400000 and HFC feed fraction 0.99\n",
      "Running pressure: 500000 and HFC feed fraction 0.01\n",
      "Running pressure: 500000 and HFC feed fraction 0.15\n",
      "Running pressure: 500000 and HFC feed fraction 0.2\n",
      "Running pressure: 500000 and HFC feed fraction 0.3\n",
      "Running pressure: 500000 and HFC feed fraction 0.4\n",
      "Running pressure: 500000 and HFC feed fraction 0.5\n",
      "Running pressure: 500000 and HFC feed fraction 0.72\n",
      "Running pressure: 500000 and HFC feed fraction 0.91\n",
      "Running pressure: 500000 and HFC feed fraction 0.99\n",
      "Running pressure: 600000 and HFC feed fraction 0.01\n",
      "Running pressure: 600000 and HFC feed fraction 0.15\n",
      "Running pressure: 600000 and HFC feed fraction 0.2\n",
      "Running pressure: 600000 and HFC feed fraction 0.3\n",
      "Running pressure: 600000 and HFC feed fraction 0.4\n",
      "Running pressure: 600000 and HFC feed fraction 0.5\n",
      "Running pressure: 600000 and HFC feed fraction 0.72\n",
      "Running pressure: 600000 and HFC feed fraction 0.91\n",
      "Running pressure: 600000 and HFC feed fraction 0.99\n",
      "Running pressure: 700000 and HFC feed fraction 0.01\n",
      "Running pressure: 700000 and HFC feed fraction 0.15\n",
      "Running pressure: 700000 and HFC feed fraction 0.2\n",
      "Running pressure: 700000 and HFC feed fraction 0.3\n",
      "Running pressure: 700000 and HFC feed fraction 0.4\n",
      "Running pressure: 700000 and HFC feed fraction 0.5\n",
      "Running pressure: 700000 and HFC feed fraction 0.72\n",
      "Running pressure: 700000 and HFC feed fraction 0.91\n",
      "Running pressure: 700000 and HFC feed fraction 0.99\n",
      "Running pressure: 800000 and HFC feed fraction 0.01\n",
      "Running pressure: 800000 and HFC feed fraction 0.15\n",
      "Running pressure: 800000 and HFC feed fraction 0.2\n",
      "Running pressure: 800000 and HFC feed fraction 0.3\n",
      "Running pressure: 800000 and HFC feed fraction 0.4\n",
      "Running pressure: 800000 and HFC feed fraction 0.5\n",
      "Running pressure: 800000 and HFC feed fraction 0.72\n",
      "Running pressure: 800000 and HFC feed fraction 0.91\n",
      "Running pressure: 800000 and HFC feed fraction 0.99\n",
      "Running pressure: 900000 and HFC feed fraction 0.01\n",
      "Running pressure: 900000 and HFC feed fraction 0.15\n",
      "Running pressure: 900000 and HFC feed fraction 0.2\n",
      "Running pressure: 900000 and HFC feed fraction 0.3\n",
      "Running pressure: 900000 and HFC feed fraction 0.4\n",
      "Running pressure: 900000 and HFC feed fraction 0.5\n",
      "Running pressure: 900000 and HFC feed fraction 0.72\n",
      "Running pressure: 900000 and HFC feed fraction 0.91\n",
      "Running pressure: 900000 and HFC feed fraction 0.99\n",
      "Running pressure: 1000000 and HFC feed fraction 0.01\n",
      "Running pressure: 1000000 and HFC feed fraction 0.15\n",
      "Running pressure: 1000000 and HFC feed fraction 0.2\n",
      "Running pressure: 1000000 and HFC feed fraction 0.3\n",
      "Running pressure: 1000000 and HFC feed fraction 0.4\n",
      "Running pressure: 1000000 and HFC feed fraction 0.5\n",
      "Running pressure: 1000000 and HFC feed fraction 0.72\n",
      "Running pressure: 1000000 and HFC feed fraction 0.91\n",
      "Running pressure: 1000000 and HFC feed fraction 0.99\n",
      "Running pressure: 1100000 and HFC feed fraction 0.01\n",
      "Running pressure: 1100000 and HFC feed fraction 0.15\n",
      "Running pressure: 1100000 and HFC feed fraction 0.2\n",
      "Running pressure: 1100000 and HFC feed fraction 0.3\n",
      "Running pressure: 1100000 and HFC feed fraction 0.4\n",
      "Running pressure: 1100000 and HFC feed fraction 0.5\n",
      "Running pressure: 1100000 and HFC feed fraction 0.72\n",
      "Running pressure: 1100000 and HFC feed fraction 0.91\n",
      "Running pressure: 1100000 and HFC feed fraction 0.99\n",
      "Running pressure: 1200000 and HFC feed fraction 0.01\n",
      "Running pressure: 1200000 and HFC feed fraction 0.15\n",
      "Running pressure: 1200000 and HFC feed fraction 0.2\n",
      "Running pressure: 1200000 and HFC feed fraction 0.3\n",
      "Running pressure: 1200000 and HFC feed fraction 0.4\n",
      "Running pressure: 1200000 and HFC feed fraction 0.5\n",
      "Running pressure: 1200000 and HFC feed fraction 0.72\n",
      "Running pressure: 1200000 and HFC feed fraction 0.91\n",
      "Running pressure: 1200000 and HFC feed fraction 0.99\n",
      "Running pressure: 1300000 and HFC feed fraction 0.01\n",
      "Running pressure: 1300000 and HFC feed fraction 0.15\n",
      "Running pressure: 1300000 and HFC feed fraction 0.2\n",
      "Running pressure: 1300000 and HFC feed fraction 0.3\n",
      "Running pressure: 1300000 and HFC feed fraction 0.4\n",
      "Running pressure: 1300000 and HFC feed fraction 0.5\n",
      "Running pressure: 1300000 and HFC feed fraction 0.72\n",
      "Running pressure: 1300000 and HFC feed fraction 0.91\n",
      "Running pressure: 1300000 and HFC feed fraction 0.99\n",
      "Running pressure: 1400000 and HFC feed fraction 0.01\n",
      "Running pressure: 1400000 and HFC feed fraction 0.15\n",
      "Running pressure: 1400000 and HFC feed fraction 0.2\n",
      "Running pressure: 1400000 and HFC feed fraction 0.3\n",
      "Running pressure: 1400000 and HFC feed fraction 0.4\n",
      "Running pressure: 1400000 and HFC feed fraction 0.5\n",
      "Running pressure: 1400000 and HFC feed fraction 0.72\n",
      "Running pressure: 1400000 and HFC feed fraction 0.91\n",
      "Running pressure: 1400000 and HFC feed fraction 0.99\n",
      "Running pressure: 1500000 and HFC feed fraction 0.01\n",
      "Running pressure: 1500000 and HFC feed fraction 0.15\n",
      "Running pressure: 1500000 and HFC feed fraction 0.2\n",
      "Running pressure: 1500000 and HFC feed fraction 0.3\n",
      "Running pressure: 1500000 and HFC feed fraction 0.4\n",
      "Running pressure: 1500000 and HFC feed fraction 0.5\n",
      "Running pressure: 1500000 and HFC feed fraction 0.72\n",
      "Running pressure: 1500000 and HFC feed fraction 0.91\n",
      "Running pressure: 1500000 and HFC feed fraction 0.99\n",
      "Running pressure: 1600000 and HFC feed fraction 0.01\n",
      "Running pressure: 1600000 and HFC feed fraction 0.15\n",
      "Running pressure: 1600000 and HFC feed fraction 0.2\n",
      "Running pressure: 1600000 and HFC feed fraction 0.3\n",
      "Running pressure: 1600000 and HFC feed fraction 0.4\n",
      "Running pressure: 1600000 and HFC feed fraction 0.5\n",
      "Running pressure: 1600000 and HFC feed fraction 0.72\n",
      "Running pressure: 1600000 and HFC feed fraction 0.91\n",
      "Running pressure: 1600000 and HFC feed fraction 0.99\n"
     ]
    }
   ],
   "source": [
    "# Set pressures to loop over\n",
    "P = [200000,300000,400000,500000,600000,700000,800000,900000,1000000,1100000,1200000,1300000,1400000,1500000,1600000]\n",
    "\n",
    "# Set fraction of feed compositions of HFCs to loop over\n",
    "HFC_feed_frac = [0.01,0.15,0.2,0.3,0.4,0.5,0.72,0.91,0.99]\n",
    "\n",
    "# Make outlet arrays\n",
    "IL_x = np.zeros((len(P),len(HFC_feed_frac)))\n",
    "IL_y = np.zeros((len(P),len(HFC_feed_frac)))\n",
    "R32_x = np.zeros((len(P),len(HFC_feed_frac)))\n",
    "R32_y = np.zeros((len(P),len(HFC_feed_frac)))\n",
    "R125_x = np.zeros((len(P),len(HFC_feed_frac)))\n",
    "R125_y = np.zeros((len(P),len(HFC_feed_frac))) \n",
    "\n",
    "for i in range(len(P)):\n",
    "    \n",
    "    # Fix pressure\n",
    "    m.fs.F101.inlet.pressure.fix(P[i])\n",
    "    \n",
    "    for j in range(len(HFC_feed_frac)):\n",
    "        \n",
    "        # Fix inlet mole fractions\n",
    "        fract = 1 - HFC_feed_frac[j] \n",
    "        m.fs.F101.inlet.mole_frac_comp[0, \"R32\"].fix(0.85*HFC_feed_frac[j])\n",
    "        m.fs.F101.inlet.mole_frac_comp[0, \"R125\"].fix(0.85*fract)\n",
    "        m.fs.F101.inlet.mole_frac_comp[0, \"hmimFAP\"].fix(0.15)   \n",
    "\n",
    "        m.fs.F101.initialize(outlvl=idaeslog.CRITICAL) \n",
    "        # solve the model\n",
    "        status = solver.solve(m, tee = False)\n",
    "        # model.display()\n",
    "        \n",
    "        # If solution is optimal store the concentration, and calculated temperatures in the created arrays\n",
    "        if (status.solver.status == SolverStatus.ok) and (status.solver.termination_condition == TerminationCondition.optimal):\n",
    "\n",
    "            IL_x[i,j] = value(m.fs.F101.liq_outlet.mole_frac_comp[0, \"hmimFAP\"])\n",
    "            IL_y[i,j] = value(m.fs.F101.vap_outlet.mole_frac_comp[0, \"hmimFAP\"])\n",
    "            R32_x[i,j] = value(m.fs.F101.liq_outlet.mole_frac_comp[0, \"R32\"]) \n",
    "            R32_y[i,j] = value(m.fs.F101.vap_outlet.mole_frac_comp[0, \"R32\"])\n",
    "            R125_x[i,j] = value(m.fs.F101.liq_outlet.mole_frac_comp[0, \"R125\"])\n",
    "            R125_y[i,j] = value(m.fs.F101.vap_outlet.mole_frac_comp[0, \"R125\"])\n",
    "\n",
    "            #Change this to feasible\n",
    "            print(\"Running pressure:\",P[i],\"and HFC feed fraction\",HFC_feed_frac[j])\n",
    "#             print(value(m.fs.F101.liq_outlet.flow_mol[0]))\n",
    "#             print(value(m.fs.F101.vap_outlet.flow_mol[0]))\n",
    "        else:\n",
    "            print('Infeasible.')"
   ]
  },
  {
   "cell_type": "code",
   "execution_count": 7,
   "id": "minor-trading",
   "metadata": {},
   "outputs": [
    {
     "name": "stdout",
     "output_type": "stream",
     "text": [
      "IL_x = [[86.40374942 85.26407776 84.85604165 84.03836866 83.21855432 82.39658913\n",
      "  80.58063758 79.00377826 78.33743819]\n",
      " [80.17737174 78.66205769 78.11887275 77.02936388 75.93568918 74.83786601\n",
      "  72.40808183 70.2934301  69.3985    ]\n",
      " [74.29362292 72.5128564  71.87357715 70.58989564 69.29945267 68.00231047\n",
      "  65.12512643 62.61404198 61.54925025]\n",
      " [68.72285952 66.77306092 66.07172627 64.66134585 63.24081624 61.81024304\n",
      "  58.62763687 55.83879237 54.65268674]\n",
      " [63.43472003 61.39964796 60.66564497 59.18653182 57.69281275 56.18462062\n",
      "  52.81521449 49.84532854 48.57647822]\n",
      " [58.39777191 56.3499969  55.60858327 54.11024409 52.59151224 51.05253204\n",
      "  47.59418051 44.52049505 43.19856406]\n",
      " [53.5787912  51.58151236 50.85446407 49.37925554 47.87631254 46.34579554\n",
      "  42.87896409 39.76255912 38.40975845]\n",
      " [48.94145368 47.0507072  46.3570873  44.94174363 43.48955274 42.00074176\n",
      "  38.5922014  35.48152672 34.11410906]\n",
      " [44.44393548 42.71143288 42.06853066 40.74596406 39.37538278 37.95721459\n",
      "  34.66383787 31.59815137 30.22776805]\n",
      " [40.03432257 38.51154999 37.93614866 36.73775932 35.47762299 34.15665621\n",
      "  31.02937856 28.04205104 26.67691222]\n",
      " [35.64097469 34.38629494 33.89669794 32.85585199 31.73587043 30.53876696\n",
      "  27.62715029 24.74905446 23.39491248]\n",
      " [31.14916898 30.24340706 29.86350569 29.02208147 28.07783874 27.03529484\n",
      "  24.39387616 21.65744914 20.31850111]\n",
      " [26.3290889  25.92266495 25.69287151 25.1175727  24.40183649 23.55669824\n",
      "  21.25643618 18.7018741  17.3818095 ]\n",
      " [20.47179147 21.04011918 21.06361544 20.90680677 20.52603067 19.95653799\n",
      "  18.11295733 15.8008864  15.00006797]\n",
      " [15.00019947 15.00038041 15.00089647 15.61480023 15.96182193 15.89499923\n",
      "  15.00025996 15.00001753 15.0000101 ]]\n",
      "IL_y = [[1.e-06 1.e-06 1.e-06 1.e-06 1.e-06 1.e-06 1.e-06 1.e-06 1.e-06]\n",
      " [1.e-06 1.e-06 1.e-06 1.e-06 1.e-06 1.e-06 1.e-06 1.e-06 1.e-06]\n",
      " [1.e-06 1.e-06 1.e-06 1.e-06 1.e-06 1.e-06 1.e-06 1.e-06 1.e-06]\n",
      " [1.e-06 1.e-06 1.e-06 1.e-06 1.e-06 1.e-06 1.e-06 1.e-06 1.e-06]\n",
      " [1.e-06 1.e-06 1.e-06 1.e-06 1.e-06 1.e-06 1.e-06 1.e-06 1.e-06]\n",
      " [1.e-06 1.e-06 1.e-06 1.e-06 1.e-06 1.e-06 1.e-06 1.e-06 1.e-06]\n",
      " [1.e-06 1.e-06 1.e-06 1.e-06 1.e-06 1.e-06 1.e-06 1.e-06 1.e-06]\n",
      " [1.e-06 1.e-06 1.e-06 1.e-06 1.e-06 1.e-06 1.e-06 1.e-06 1.e-06]\n",
      " [1.e-06 1.e-06 1.e-06 1.e-06 1.e-06 1.e-06 1.e-06 1.e-06 1.e-06]\n",
      " [1.e-06 1.e-06 1.e-06 1.e-06 1.e-06 1.e-06 1.e-06 1.e-06 1.e-06]\n",
      " [1.e-06 1.e-06 1.e-06 1.e-06 1.e-06 1.e-06 1.e-06 1.e-06 1.e-06]\n",
      " [1.e-06 1.e-06 1.e-06 1.e-06 1.e-06 1.e-06 1.e-06 1.e-06 1.e-06]\n",
      " [1.e-06 1.e-06 1.e-06 1.e-06 1.e-06 1.e-06 1.e-06 1.e-06 1.e-06]\n",
      " [1.e-06 1.e-06 1.e-06 1.e-06 1.e-06 1.e-06 1.e-06 1.e-06 1.e-06]\n",
      " [1.e-06 1.e-06 1.e-06 1.e-06 1.e-06 1.e-06 1.e-06 1.e-06 1.e-06]]\n",
      "R32_x = [[ 0.22247376  3.32646076  4.43021211  6.63011265  8.81987876 10.99951344\n",
      "  15.75907214 19.83022393 21.53349895]\n",
      " [ 0.31767341  4.74296979  6.31339007  9.43830682 12.54192252 15.62416488\n",
      "  22.32961279 28.03704139 30.41702245]\n",
      " [ 0.40301822  6.00934992  7.99527441 11.94114985 15.85222168 19.7283289\n",
      "  28.13232972 35.25418436 38.21553765]\n",
      " [ 0.47913042  7.13632427  9.49083026 14.16312258 18.78619779 23.35987324\n",
      "  33.24838185 41.59942361 45.06495432]\n",
      " [ 0.54661651  8.13427238 10.81452637 16.12784447 21.37796547 26.56483421\n",
      "  37.75572055 47.18615818 51.09651208]\n",
      " [ 0.6060517   9.01302167 11.98002841 17.8575149  23.659433   29.38606844\n",
      "  41.72627438 52.11872692 56.43118271]\n",
      " [ 0.65797498  9.78167806 12.99996093 19.37251399 25.65970355 31.86240805\n",
      "  45.22436649 56.49002617 61.17703684]\n",
      " [ 0.70287624 10.44848381 13.88572051 20.69112788 27.40471286 34.02821001\n",
      "  48.30606958 60.3808378  65.42882509]\n",
      " [ 0.74118688 11.02068479 14.64731459 21.8293515  28.91702322 35.91316844\n",
      "  51.01916714 63.86022763 69.26900367]\n",
      " [ 0.77326234 11.50438136 15.29319183 22.80071429 30.21568869 37.54226136\n",
      "  53.40342623 66.98648441 72.76964226]\n",
      " [ 0.79936291 11.9043275  15.83002099 23.6160686  31.31610821 38.93571509\n",
      "  55.49094455 69.80821174 75.9949469 ]\n",
      " [ 0.81961956 12.22364428 16.26237995 24.28329335 32.22980388 40.10889905\n",
      "  57.30639138 72.36529231 79.00449692]\n",
      " [ 0.83400243 12.46356912 16.5924895  24.8070459  32.9642293  41.07221049\n",
      "  58.86705405 74.68948965 81.85790055]\n",
      " [ 0.84270372 12.62550864 16.82221856 25.19046197 33.52410378 41.83206117\n",
      "  60.18307019 76.80446821 84.14993497]\n",
      " [ 0.84999951 12.74998901 16.99996767 25.47032736 33.93300897 42.40478044\n",
      "  61.19992745 77.34998824 84.14999033]]\n",
      "R32_y = [[ 0.98182632 14.76174047 19.69907676 29.59986962 39.53664355 49.51084884\n",
      "  71.59352381 90.8304017  98.97926279]\n",
      " [ 0.97251029 14.63660966 19.53963897 29.38405398 39.28214527 49.23716417\n",
      "  71.3563367  90.72761788 98.96648691]\n",
      " [ 0.96307669 14.50803738 19.3749321  29.15862806 39.01324896 48.94453163\n",
      "  71.09553722 90.61157596 98.95189115]\n",
      " [ 0.95355078 14.37642761 19.20547756 28.924256   38.73057985 48.63331363\n",
      "  70.81029069 90.48110929 98.93527014]\n",
      " [ 0.94395641 14.24216465 19.03177037 28.68156522 38.43471643 48.30380451\n",
      "  70.49954243 90.33474276 98.91635863]\n",
      " [ 0.93431826 14.10561497 18.85427729 28.4311317  38.12615763 47.95617637\n",
      "  70.16190301 90.17055384 98.89480255]\n",
      " [ 0.92466215 13.96714019 18.67344814 28.1734811  37.80530653 47.59043961\n",
      "  69.79553109 89.98599639 98.87011974]\n",
      " [ 0.91501951 13.82712889 18.48974909 27.90911427 37.47247667 47.2064207\n",
      "  69.39800378 89.77765915 98.84164075]\n",
      " [ 0.90543406 13.68606593 18.30373834 27.63857704 37.12793659 46.80376573\n",
      "  68.96615908 89.54091096 98.80841509]\n",
      " [ 0.89597947 13.54468515 18.11623459 27.36262462 36.77203412 46.38199688\n",
      "  68.49589148 89.26934715 98.76905021]\n",
      " [ 0.88679847 13.40433274 17.92871703 27.08261678 36.40551438 45.94070245\n",
      "  67.98188108 88.95387649 98.72141993]\n",
      " [ 0.87821857 13.26795086 17.74439375 26.80156138 36.03037691 45.48011097\n",
      "  67.41725562 88.58112079 98.66208612]\n",
      " [ 0.87118119 13.14335302 17.57165724 26.52735229 35.65250273 45.00293303\n",
      "  66.79331034 88.13039237 98.58503008]\n",
      " [ 0.87000153 13.05916119 17.43979068 26.28605424 35.29178495 44.52138722\n",
      "  66.10014656 87.56740015 98.50074756]\n",
      " [ 0.88684691 13.18343013 17.54090364 26.22395821 35.04475207 44.09585996\n",
      "  65.38629075 87.40898745 98.50628203]]\n",
      "R125_x = [[13.37377682 11.40946149 10.71374624  9.33151869  7.96156692  6.60389743\n",
      "   3.66029028  1.16599781  0.12906285]\n",
      " [19.50495485 16.59497253 15.56773718 13.5323293  11.5223883   9.53796911\n",
      "   5.26230538  1.66952851  0.18447755]\n",
      " [25.30335887 21.47779368 20.13114844 17.46895451 14.84832564 12.26936063\n",
      "   6.74254385  2.13177366  0.23521209]\n",
      " [30.79801006 26.09061481 24.43744346 21.17553157 17.97298597 14.82988372\n",
      "   8.12398128  2.56178402  0.28235894]\n",
      " [36.01866346 30.46607966 28.51982866 24.6856237  20.92922178 17.25054517\n",
      "   9.42906496  2.96851328  0.32700971]\n",
      " [40.99617638 34.63698142 32.41138831 28.03224101 23.74905475 19.56139952\n",
      "  10.67954511  3.36077803  0.37025323]\n",
      " [45.76323383 38.63680958 36.145575   31.24823047 26.46398391 21.79179641\n",
      "  11.89666942  3.74741472  0.41320471]\n",
      " [50.35567007 42.50080898 39.75719219 34.36712848 29.1057344  23.97104823\n",
      "  13.10172902  4.13763548  0.45706585]\n",
      " [54.81487764 46.26788233 43.28415475 37.42468445 31.707594   26.12961697\n",
      "  14.316995    4.541621    0.50322828]\n",
      " [59.19241509 49.98406865 46.77065951 40.46152639 34.30668832 28.30108243\n",
      "  15.56719521  4.97146455  0.55344552]\n",
      " [63.5596624  53.70937756 50.27328107 43.52807941 36.94802137 30.52551795\n",
      "  16.88190516  5.44273379  0.61014062]\n",
      " [68.03121146 57.53294866 53.87411436 46.69462519 39.69235738 32.85580611\n",
      "  18.29973246  5.97725856  0.67700197]\n",
      " [72.83690867 61.61376593 57.71463899 50.07538139 42.6339342  35.37109127\n",
      "  19.87650976  6.60863625  0.76028995]\n",
      " [78.68550481 66.33437219 62.11416599 53.90273126 45.94986554 38.21140085\n",
      "  21.70397248  7.39464539  0.84999706]\n",
      " [84.14980102 72.24963059 67.99913585 58.91487242 50.1051691  41.70022033\n",
      "  23.79981259  7.64999422  0.84999957]]\n",
      "R125_y = [[99.01817368 85.23825953 80.30092324 70.40013038 60.46335645 50.48915116\n",
      "  28.40647619  9.1695983   1.02073721]\n",
      " [99.02748971 85.36339034 80.46036103 70.61594602 60.71785473 50.76283583\n",
      "  28.6436633   9.27238212  1.03351309]\n",
      " [99.03692331 85.49196262 80.6250679  70.84137194 60.98675104 51.05546837\n",
      "  28.90446278  9.38842404  1.04810885]\n",
      " [99.04644922 85.62357239 80.79452244 71.075744   61.26942015 51.36668637\n",
      "  29.18970931  9.51889071  1.06472986]\n",
      " [99.05604359 85.75783535 80.96822963 71.31843478 61.56528357 51.69619549\n",
      "  29.50045757  9.66525724  1.08364137]\n",
      " [99.06568174 85.89438503 81.14572271 71.5688683  61.87384237 52.04382363\n",
      "  29.83809699  9.82944616  1.10519745]\n",
      " [99.07533785 86.03285981 81.32655186 71.8265189  62.19469347 52.40956039\n",
      "  30.20446891 10.01400361  1.12988026]\n",
      " [99.08498049 86.17287111 81.51025091 72.09088573 62.52752333 52.7935793\n",
      "  30.60199622 10.22234085  1.15835925]\n",
      " [99.09456594 86.31393407 81.69626166 72.36142296 62.87206341 53.19623427\n",
      "  31.03384092 10.45908904  1.19158491]\n",
      " [99.10402053 86.45531485 81.88376541 72.63737538 63.22796588 53.61800312\n",
      "  31.50410852 10.73065285  1.23094979]\n",
      " [99.11320153 86.59566726 82.07128297 72.91738322 63.59448562 54.05929755\n",
      "  32.01811892 11.04612351  1.27858007]\n",
      " [99.12178143 86.73204914 82.25560625 73.19843862 63.96962309 54.51988903\n",
      "  32.58274438 11.41887921  1.33791388]\n",
      " [99.12881881 86.85664698 82.42834276 73.47264771 64.34749727 54.99706697\n",
      "  33.20668966 11.86960763  1.41496992]\n",
      " [99.12999847 86.94083881 82.56020932 73.71394576 64.70821505 55.47861278\n",
      "  33.89985344 12.43259985  1.49925244]\n",
      " [99.11315309 86.81656987 82.45909636 73.77604179 64.95524793 55.90414004\n",
      "  34.61370925 12.59101255  1.49371797]]\n"
     ]
    }
   ],
   "source": [
    "IL_x = IL_x*100\n",
    "IL_y = IL_y*100\n",
    "R32_x = R32_x*100\n",
    "R32_y = R32_y*100\n",
    "R125_x = R125_x*100\n",
    "R125_y = R125_y*100\n",
    "\n",
    "print(\"IL_x =\", IL_x)\n",
    "print(\"IL_y =\", IL_y)\n",
    "print(\"R32_x =\", R32_x)\n",
    "print(\"R32_y =\", R32_y)\n",
    "print(\"R125_x =\", R125_x)\n",
    "print(\"R125_y =\", R125_y)"
   ]
  },
  {
   "cell_type": "markdown",
   "id": "eligible-commissioner",
   "metadata": {},
   "source": [
    "##### Store"
   ]
  },
  {
   "cell_type": "code",
   "execution_count": 8,
   "id": "rotary-samuel",
   "metadata": {},
   "outputs": [],
   "source": [
    "points_x = []\n",
    "\n",
    "for i in range(len(P)):\n",
    "    for j in range(len(HFC_feed_frac)): #to shift how points are printed, shift the order\n",
    "        points = (IL_x[i,j], R125_x[i,j], R32_x[i,j])\n",
    "        points_x.append(points)"
   ]
  },
  {
   "cell_type": "code",
   "execution_count": 9,
   "id": "german-terrace",
   "metadata": {},
   "outputs": [],
   "source": [
    "# points_y = []\n",
    "\n",
    "# for i in range(len(P)):\n",
    "#     for j in range(len(HFC_feed_frac)): #to shift how points are printed, shift the order\n",
    "#         points = (IL_x[i,j], R125_x[i,j], R32_x[i,j])\n",
    "#         points_x.append(points)"
   ]
  },
  {
   "cell_type": "markdown",
   "id": "increasing-creature",
   "metadata": {},
   "source": [
    "### Ternary Diagram"
   ]
  },
  {
   "cell_type": "code",
   "execution_count": 10,
   "id": "breeding-award",
   "metadata": {},
   "outputs": [
    {
     "name": "stdout",
     "output_type": "stream",
     "text": [
      "points 1 are: [(86.40374941962779, 13.37377681990661, 0.2224737604656098), (85.26407775646796, 11.409461486853122, 3.3264607566789275), (84.85604165330028, 10.713746238838315, 4.430212107861407), (84.0383686569873, 9.33151868968305, 6.630112653329641), (83.21855432029399, 7.96156691883331, 8.819878760872694), (82.39658913087862, 6.60389743217318, 10.999513436948186), (80.58063758321913, 3.6602902755485895, 15.759072141232288), (79.00377825883308, 1.1659978083363938, 19.830223932830513), (78.33743819163614, 0.12906285362181105, 21.533498954742054)]\n",
      "points 2 are: [(80.1773717390577, 19.50495484800191, 0.3176734130443597), (78.66205768558332, 16.59497252648741, 4.742969787929267), (78.11887275495015, 15.567737176232676, 6.313390068817195), (77.02936388046514, 13.532329302396207, 9.438306817138645), (75.93568918415897, 11.52238829543141, 12.541922520409615), (74.83786601202192, 9.537969111960788, 15.624164876017288), (72.40808183006492, 5.262305380966513, 22.32961278896857), (70.29343009980863, 1.6695285096043306, 28.03704139058703), (69.39849999928256, 0.18447755486268794, 30.417022445854762)]\n",
      "points 3 are: [(74.29362291502187, 25.303358868252822, 0.4030182167252939), (72.51285640455912, 21.477793679991, 6.009349915449881), (71.87357715116165, 20.1311484365062, 7.995274412332136), (70.58989564398367, 17.46895451084963, 11.941149845166702), (69.29945267388148, 14.848325643130522, 15.852221682987993), (68.00231046953755, 12.269360632699042, 19.728328897763422), (65.12512643467673, 6.742543845256854, 28.13232972006643), (62.61404197827978, 2.1317736614970864, 35.25418436022315), (61.54925025317763, 0.2352120943776035, 38.215537652444766)]\n",
      "points 4 are: [(68.72285951539052, 30.79801006122133, 0.47913042338814416), (66.77306091830447, 26.09061480873509, 7.136324272960446), (66.07172627489084, 24.437443463729135, 9.490830261380044), (64.66134585195523, 21.17553156947955, 14.163122578565224), (63.24081624055531, 17.97298597336825, 18.786197786076436), (61.8102430429424, 14.829883721683235, 23.35987323537436), (58.62763687058986, 8.123981279103086, 33.248381850307055), (55.83879236842609, 2.5617840237504392, 41.59942360782345), (54.65268674298923, 0.28235893813820756, 45.064954318872566)]\n",
      "points 5 are: [(63.43472003448486, 36.01866345510714, 0.5466165104080175), (61.399647960415294, 30.46607966005813, 8.134272379526584), (60.66564496585971, 28.519828660150132, 10.814526373990162), (59.186531823806455, 24.685623701286644, 16.12784447490691), (57.69281275158226, 20.929221779202106, 21.37796546921566), (56.184620617324924, 17.25054517147618, 26.564834211198907), (52.81521449320494, 9.429064957528354, 37.755720549266705), (49.84532853844858, 2.9685132809273167, 47.18615818062412), (48.57647821728103, 0.32700970768605647, 51.09651207503292)]\n",
      "points 6 are: [(58.3977719149978, 40.9961763819214, 0.606051703080802), (56.34999690488819, 34.63698142055781, 9.013021674554004), (55.60858327139707, 32.41138831468343, 11.980028413919507), (54.11024409021606, 28.032241005631647, 17.85751490415231), (52.591512242566395, 23.749054752850334, 23.659433004583274), (51.05253204270627, 19.56139952118698, 29.38606843610676), (47.59418051216252, 10.679545111589318, 41.72627437624815), (44.520495047963706, 3.360778029547163, 52.118726922489124), (43.19856406332695, 0.3702532276559978, 56.43118270901707)]\n",
      "points 7 are: [(53.578791196482854, 45.76323382759277, 0.6579749759243697), (51.581512357828075, 38.6368095793742, 9.781678062797736), (50.85446407398646, 36.145574999630995, 12.999960926382562), (49.37925553905251, 31.248230466040578, 19.37251399490692), (47.87631254492183, 26.46398390705708, 25.659703548021096), (46.34579553679421, 21.791796408246828, 31.86240805495897), (42.87896408623607, 11.896669423680077, 45.224366490083845), (39.76255911556408, 3.747414717014531, 56.49002616742139), (38.40975845351058, 0.4132047082866591, 61.17703683820278)]\n",
      "points 8 are: [(48.941453682187145, 50.35567007277163, 0.7028762449207306), (47.05070720422482, 42.50080898397003, 10.448483811805149), (46.357087303191896, 39.75719218857087, 13.88572050823724), (44.94174363469546, 34.36712848481406, 20.691127880490466), (43.48955274289589, 29.105734397983557, 27.40471285912056), (42.000741760494314, 23.971048233984913, 34.02821000552079), (38.59220140216596, 13.101729022386374, 48.30606957544766), (35.48152672458216, 4.137635477159129, 60.38083779825871), (34.11410906048836, 0.4570658489849049, 65.42882509052677)]\n",
      "points 9 are: [(44.44393548336474, 54.814877636649506, 0.741186879929165), (42.711432880456115, 46.26788232553253, 11.020684794011354), (42.068530659930374, 43.28415475438404, 14.647314585685582), (40.74596405680516, 37.424684446239866, 21.82935149695498), (39.375382782405346, 31.70759399638557, 28.91702322120909), (37.95721459403382, 26.12961697047923, 35.91316843548695), (34.66383786642122, 14.316994995939291, 51.019167137639485), (31.598151373662837, 4.54162099748701, 63.86022762885014), (30.22776805089114, 0.5032282780208116, 69.26900367108806)]\n",
      "points 10 are: [(40.034322572228845, 59.19241508672475, 0.7732623410186246), (38.51154998800557, 49.98406865107431, 11.504381360920119), (37.93614865981196, 46.77065950745622, 15.293191832731823), (36.73775932285182, 40.46152638508944, 22.800714292058736), (35.47762299142166, 34.30668832347378, 30.215688685104574), (34.15665620869436, 28.301082429331547, 37.54226136197409), (31.029378558060767, 15.567195208249466, 53.40342623368978), (28.042051040569106, 4.971464553761503, 66.98648440566937), (26.676912223595195, 0.5534455188227987, 72.769642257582)]\n",
      "points 11 are: [(35.6409746859678, 63.559662400360295, 0.7993629136576583), (34.38629494354108, 53.709377559870475, 11.904327496588445), (33.89669793989125, 50.27328106750202, 15.83002099260674), (32.855851991729665, 43.52807940721412, 23.61606860105621), (31.73587042657629, 36.94802136841311, 31.316108205010607), (30.538766955399467, 30.525517951997667, 38.935715092602855), (27.62715029308002, 16.8819051553222, 55.49094455159778), (24.74905446193853, 5.442733794115897, 69.80821174394556), (23.39491248201957, 0.6101406178852883, 75.99494689884148)]\n",
      "points 12 are: [(31.149168979126827, 68.03121145599495, 0.8196195648706125), (30.243407055407427, 57.53294866169263, 12.22364428289993), (29.86350568922877, 53.87411435898327, 16.262379951787963), (29.022081465224364, 46.69462518611967, 24.283293348655956), (28.077838739648453, 39.69235738087587, 32.22980387947569), (27.035294837004976, 32.85580610925616, 40.108899053738874), (24.39387615678407, 18.299732462579733, 57.3063913806362), (21.657449135424798, 5.9772585557101285, 72.36529230886507), (20.318501110747068, 0.6770019694698307, 79.00449691948869)]\n",
      "points 13 are: [(26.329088904640923, 72.83690866939465, 0.8340024259598442), (25.922664950348256, 61.613765931849294, 12.463569117802454), (25.692871505726632, 57.71463898982041, 16.592489504452963), (25.11757270421035, 50.07538139480715, 24.807045900982498), (24.40183649478768, 42.63393420119575, 32.96422930401658), (23.556698238399388, 35.37109126914299, 41.07221049245763), (21.25643618271503, 19.876509762409288, 58.86705405487568), (18.70187409855765, 6.608636253749041, 74.6894896476933), (17.381809497289634, 0.7602899524444303, 81.85790055019834)]\n",
      "points 14 are: [(20.47179147273762, 78.68550480571305, 0.8427037215435127), (21.04011917712496, 66.33437218687722, 12.625508635997818), (21.0636154446274, 62.11416599103289, 16.822218564339718), (20.906806774839886, 53.90273125735031, 25.190461967809792), (20.526030672344213, 45.94986554303469, 33.5241037846211), (19.956537988008268, 38.2114008469006, 41.832061165091126), (18.11295732635536, 21.70397248174191, 60.18307019190273), (15.800886404904727, 7.394645386431558, 76.8044682086637), (15.00006797205497, 0.849997057931849, 84.14993497001318)]\n",
      "points 15 are: [(15.000199473900148, 84.14980101609963, 0.8499995100002233), (15.000380405181483, 72.24963058675623, 12.749989008060899), (15.000896473944072, 67.99913585312683, 16.999967672929966), (15.614800225918218, 58.91487241877515, 25.470327355306637), (15.961821932743478, 50.105169097448275, 33.93300896980825), (15.894999233115623, 41.700220329558675, 42.4047804373257), (15.000259957403095, 23.799812593083523, 61.19992744951506), (15.000017533475537, 7.649994224458487, 77.34998824206585), (15.000010099841493, 0.8499995665736053, 84.14999033359007)]\n"
     ]
    },
    {
     "data": {
