{
 "cells": [
  {
   "cell_type": "markdown",
   "id": "26ac186a",
   "metadata": {},
   "source": [
    "# Optimality Table of Models for R32/emimTF2N system"
   ]
  },
  {
   "cell_type": "code",
   "execution_count": 1,
   "id": "d23b9336",
   "metadata": {},
   "outputs": [],
   "source": [
    "import pandas as pd\n",
    "import numpy as np"
   ]
  },
  {
   "cell_type": "markdown",
   "id": "a93ab5a1",
   "metadata": {},
   "source": [
    "## Import Optimality Data"
   ]
  },
  {
   "cell_type": "code",
   "execution_count": 2,
   "id": "12dd3621",
   "metadata": {},
   "outputs": [],
   "source": [
    "PR_1param_Opt1 = pd.read_csv('PR_FIMtrdet_1param_Opt1.csv',header=None).T\n",
    "PR_1param_Opt1.columns = ['cov_trace','FIM_trace','determinant','min_eigval','max_eigval']\n",
    "PR_1param_Opt1['name'] = 'PR_1param_Opt1'\n",
    "\n",
    "PR_1param_Opt2 = pd.read_csv('PR_FIMtrdet_1param_Opt2.csv',header=None).T\n",
    "PR_1param_Opt2.columns = ['cov_trace','FIM_trace','determinant','min_eigval','max_eigval']\n",
    "PR_1param_Opt2['name'] = 'PR_1param_Opt2'\n",
    "\n",
    "PR_1param_Opt2_GF = pd.read_csv('PR_FIMtrdet_1param_Opt2_GF.csv',header=None).T\n",
    "PR_1param_Opt2_GF.columns = ['cov_trace','FIM_trace','determinant','min_eigval','max_eigval']\n",
    "PR_1param_Opt2_GF['name'] = 'PR_1param_Opt2_GF'\n",
    "\n",
    "PR_noTdep = pd.read_csv('PR_FIMtrdet_noTdep.csv',header=None).T\n",
    "PR_noTdep.columns = ['cov_trace','FIM_trace','determinant','min_eigval','max_eigval']\n",
    "PR_noTdep['name'] = 'PR_noTdep'\n",
    "\n",
    "PR_3params_Opt1 = pd.read_csv('PR_FIMtrdet_3params_Opt1.csv',header=None).T\n",
    "PR_3params_Opt1.columns = ['cov_trace','FIM_trace','determinant','min_eigval','max_eigval']\n",
    "PR_3params_Opt1['name'] = 'PR_3params_Opt1'\n",
    "\n",
    "PR_3params_Opt2 = pd.read_csv('PR_FIMtrdet_3params_Opt2.csv',header=None).T\n",
    "PR_3params_Opt2.columns = ['cov_trace','FIM_trace','determinant','min_eigval','max_eigval']\n",
    "PR_3params_Opt2['name'] = 'PR_3params_Opt2'\n",
    "\n",
    "PR_linTdep = pd.read_csv('PR_FIMtrdet_linTdep.csv',header=None).T\n",
    "PR_linTdep.columns = ['cov_trace','FIM_trace','determinant','min_eigval','max_eigval']\n",
    "PR_linTdep['name'] = 'PR_linTdep'\n",
    "\n",
    "PR_quadTdep = pd.read_csv('PR_FIMtrdet_quadTdep.csv',header=None).T\n",
    "PR_quadTdep.columns = ['cov_trace','FIM_trace','determinant','min_eigval','max_eigval']\n",
    "PR_quadTdep['name'] = 'PR_quadTdep'\n",
    "\n",
    "PR_polyTdep = pd.read_csv('PR_FIMtrdet_polyTdep.csv',header=None).T\n",
    "PR_polyTdep.columns = ['cov_trace','FIM_trace','determinant','min_eigval','max_eigval']\n",
    "PR_polyTdep['name'] = 'PR_polyTdep'"
   ]
  },
  {
   "cell_type": "code",
   "execution_count": 3,
   "id": "028ba92b",
   "metadata": {},
   "outputs": [],
   "source": [
    "SRK_1param_Opt1 = pd.read_csv('SRK_FIMtrdet_1param_Opt1.csv',header=None).T\n",
    "SRK_1param_Opt1.columns = ['cov_trace','FIM_trace','determinant','min_eigval','max_eigval']\n",
    "SRK_1param_Opt1['name'] = 'SRK_1param_Opt1'\n",
    "\n",
    "SRK_1param_Opt2 = pd.read_csv('SRK_FIMtrdet_1param_Opt2.csv',header=None).T\n",
    "SRK_1param_Opt2.columns = ['cov_trace','FIM_trace','determinant','min_eigval','max_eigval'] \n",
    "SRK_1param_Opt2['name'] = 'SRK_1param_Opt2'\n",
    "\n",
    "SRK_noTdep = pd.read_csv('SRK_FIMtrdet_noTdep.csv',header=None).T\n",
    "SRK_noTdep.columns = ['cov_trace','FIM_trace','determinant','min_eigval','max_eigval']\n",
    "SRK_noTdep['name'] = 'SRK_noTdep'\n",
    "\n",
    "SRK_3params_Opt1 = pd.read_csv('SRK_FIMtrdet_3params_Opt1.csv',header=None).T\n",
    "SRK_3params_Opt1.columns = ['cov_trace','FIM_trace','determinant','min_eigval','max_eigval']\n",
    "SRK_3params_Opt1['name'] = 'SRK_3params_Opt1'\n",
    "\n",
    "SRK_3params_Opt2 = pd.read_csv('SRK_FIMtrdet_3params_Opt2.csv',header=None).T\n",
    "SRK_3params_Opt2.columns = ['cov_trace','FIM_trace','determinant','min_eigval','max_eigval'] \n",
    "SRK_3params_Opt2['name'] = 'SRK_3params_Opt2'\n",
    "\n",
    "SRK_linTdep = pd.read_csv('SRK_FIMtrdet_linTdep.csv',header=None).T\n",
    "SRK_linTdep.columns = ['cov_trace','FIM_trace','determinant','min_eigval','max_eigval']\n",
    "SRK_linTdep['name'] = 'SRK_linTdep'\n",
    "\n",
    "SRK_quadTdep = pd.read_csv('SRK_FIMtrdet_quadTdep.csv',header=None).T\n",
    "SRK_quadTdep.columns = ['cov_trace','FIM_trace','determinant','min_eigval','max_eigval']\n",
    "SRK_quadTdep['name'] = 'SRK_quadTdep'\n",
    "\n",
    "SRK_polyTdep = pd.read_csv('SRK_FIMtrdet_polyTdep.csv',header=None).T\n",
    "SRK_polyTdep.columns = ['cov_trace','FIM_trace','determinant','min_eigval','max_eigval']\n",
    "SRK_polyTdep['name'] = 'SRK_polyTdep'"
   ]
  },
  {
   "cell_type": "code",
   "execution_count": 4,
   "id": "0d24779a",
   "metadata": {},
   "outputs": [],
   "source": [
    "PR = pd.concat([PR_1param_Opt1,PR_1param_Opt2,PR_1param_Opt2_GF,PR_noTdep,PR_3params_Opt1,PR_3params_Opt2,PR_linTdep,PR_quadTdep,PR_polyTdep])"
   ]
  },
  {
   "cell_type": "code",
   "execution_count": 5,
   "id": "939ef1bc",
   "metadata": {},
   "outputs": [],
   "source": [
    "SRK = pd.concat([SRK_1param_Opt1,SRK_1param_Opt2,SRK_noTdep,SRK_3params_Opt1,SRK_3params_Opt2,SRK_linTdep,SRK_quadTdep,SRK_polyTdep])"
   ]
  },
  {
   "cell_type": "code",
   "execution_count": 6,
   "id": "f484480d",
   "metadata": {},
   "outputs": [],
   "source": [
    "OptTable = pd.concat([PR,SRK],ignore_index=True)"
   ]
  },
  {
   "cell_type": "code",
   "execution_count": 7,
   "id": "ccf010e7",
   "metadata": {},
   "outputs": [],
   "source": [
    "OptTable['CN'] = OptTable['max_eigval']/OptTable['min_eigval']"
   ]
  },
  {
   "cell_type": "code",
   "execution_count": 8,
   "id": "fae2a7dc",
   "metadata": {},
   "outputs": [
    {
     "data": {
      "text/html": [
       "<div>\n",
       "<style scoped>\n",
       "    .dataframe tbody tr th:only-of-type {\n",
       "        vertical-align: middle;\n",
       "    }\n",
       "\n",
       "    .dataframe tbody tr th {\n",
       "        vertical-align: top;\n",
       "    }\n",
       "\n",
       "    .dataframe thead th {\n",
       "        text-align: right;\n",
       "    }\n",
       "</style>\n",
       "<table border=\"1\" class=\"dataframe\">\n",
       "  <thead>\n",
       "    <tr style=\"text-align: right;\">\n",
       "      <th></th>\n",
       "      <th>cov_trace</th>\n",
       "      <th>FIM_trace</th>\n",
       "      <th>determinant</th>\n",
       "      <th>min_eigval</th>\n",
       "      <th>max_eigval</th>\n",
       "      <th>name</th>\n",
       "      <th>CN</th>\n",
       "    </tr>\n",
       "  </thead>\n",
       "  <tbody>\n",
       "    <tr>\n",
       "      <th>0</th>\n",
       "      <td>8.129928e-06</td>\n",
       "      <td>1.230023e+05</td>\n",
       "      <td>1.230023e+05</td>\n",
       "      <td>1.230023e+05</td>\n",
       "      <td>1.230023e+05</td>\n",
       "      <td>PR_1param_Opt1</td>\n",
       "      <td>1.000000e+00</td>\n",
       "    </tr>\n",
       "    <tr>\n",
       "      <th>1</th>\n",
       "      <td>6.693686e-13</td>\n",
       "      <td>1.493945e+12</td>\n",
       "      <td>1.493945e+12</td>\n",
       "      <td>1.493945e+12</td>\n",
       "      <td>1.493945e+12</td>\n",
       "      <td>PR_1param_Opt2</td>\n",
       "      <td>1.000000e+00</td>\n",
       "    </tr>\n",
       "    <tr>\n",
       "      <th>2</th>\n",
       "      <td>1.696092e-04</td>\n",
       "      <td>5.895907e+03</td>\n",
       "      <td>5.895907e+03</td>\n",
       "      <td>5.895907e+03</td>\n",
       "      <td>5.895907e+03</td>\n",
       "      <td>PR_1param_Opt2_GF</td>\n",
       "      <td>1.000000e+00</td>\n",
       "    </tr>\n",
       "    <tr>\n",
       "      <th>3</th>\n",
       "      <td>3.715839e-04</td>\n",
       "      <td>6.309260e+05</td>\n",
       "      <td>1.697937e+09</td>\n",
       "      <td>2.702760e+03</td>\n",
       "      <td>6.282232e+05</td>\n",
       "      <td>PR_noTdep</td>\n",
       "      <td>2.324376e+02</td>\n",
       "    </tr>\n",
       "    <tr>\n",
       "      <th>4</th>\n",
       "      <td>6.945755e-04</td>\n",
       "      <td>4.071249e+06</td>\n",
       "      <td>8.258536e+13</td>\n",
       "      <td>1.627693e+03</td>\n",
       "      <td>4.057116e+06</td>\n",
       "      <td>PR_3params_Opt1</td>\n",
       "      <td>2.492556e+03</td>\n",
       "    </tr>\n",
       "    <tr>\n",
       "      <th>5</th>\n",
       "      <td>2.816079e-01</td>\n",
       "      <td>6.150469e+05</td>\n",
       "      <td>1.046210e+10</td>\n",
       "      <td>3.553673e+00</td>\n",
       "      <td>6.102188e+05</td>\n",
       "      <td>PR_3params_Opt2</td>\n",
       "      <td>1.717150e+05</td>\n",
       "    </tr>\n",
       "    <tr>\n",
       "      <th>6</th>\n",
       "      <td>3.215929e-02</td>\n",
       "      <td>1.801476e+07</td>\n",
       "      <td>4.116967e+17</td>\n",
       "      <td>3.121947e+01</td>\n",
       "      <td>1.792059e+07</td>\n",
       "      <td>PR_linTdep</td>\n",
       "      <td>5.740195e+05</td>\n",
       "    </tr>\n",
       "    <tr>\n",
       "      <th>7</th>\n",
       "      <td>1.899295e+01</td>\n",
       "      <td>3.209560e+07</td>\n",
       "      <td>2.035821e+19</td>\n",
       "      <td>5.287526e-02</td>\n",
       "      <td>3.186740e+07</td>\n",
       "      <td>PR_quadTdep</td>\n",
       "      <td>6.026901e+08</td>\n",
       "    </tr>\n",
       "    <tr>\n",
       "      <th>8</th>\n",
       "      <td>3.743504e+02</td>\n",
       "      <td>4.605946e+08</td>\n",
       "      <td>2.925695e+26</td>\n",
       "      <td>2.730919e-03</td>\n",
       "      <td>4.358776e+08</td>\n",
       "      <td>PR_polyTdep</td>\n",
       "      <td>1.596084e+11</td>\n",
       "    </tr>\n",
       "    <tr>\n",
       "      <th>9</th>\n",
       "      <td>9.478329e-06</td>\n",
       "      <td>1.055038e+05</td>\n",
       "      <td>1.055038e+05</td>\n",
       "      <td>1.055038e+05</td>\n",
       "      <td>1.055038e+05</td>\n",
       "      <td>SRK_1param_Opt1</td>\n",
       "      <td>1.000000e+00</td>\n",
       "    </tr>\n",
       "    <tr>\n",
       "      <th>10</th>\n",
       "      <td>2.442303e-12</td>\n",
       "      <td>4.094495e+11</td>\n",
       "      <td>4.094495e+11</td>\n",
       "      <td>4.094495e+11</td>\n",
       "      <td>4.094495e+11</td>\n",
       "      <td>SRK_1param_Opt2</td>\n",
       "      <td>1.000000e+00</td>\n",
       "    </tr>\n",
       "    <tr>\n",
       "      <th>11</th>\n",
       "      <td>4.803294e-04</td>\n",
       "      <td>4.843418e+05</td>\n",
       "      <td>1.008353e+09</td>\n",
       "      <td>2.090931e+03</td>\n",
       "      <td>4.822509e+05</td>\n",
       "      <td>SRK_noTdep</td>\n",
       "      <td>2.306393e+02</td>\n",
       "    </tr>\n",
       "    <tr>\n",
       "      <th>12</th>\n",
       "      <td>7.533364e-04</td>\n",
       "      <td>3.723385e+06</td>\n",
       "      <td>6.394050e+13</td>\n",
       "      <td>1.501667e+03</td>\n",
       "      <td>3.710408e+06</td>\n",
       "      <td>SRK_3params_Opt1</td>\n",
       "      <td>2.470859e+03</td>\n",
       "    </tr>\n",
       "    <tr>\n",
       "      <th>13</th>\n",
       "      <td>3.647292e-01</td>\n",
       "      <td>4.759418e+05</td>\n",
       "      <td>4.877641e+09</td>\n",
       "      <td>2.743774e+00</td>\n",
       "      <td>4.721741e+05</td>\n",
       "      <td>SRK_3params_Opt2</td>\n",
       "      <td>1.720893e+05</td>\n",
       "    </tr>\n",
       "    <tr>\n",
       "      <th>14</th>\n",
       "      <td>3.578783e-02</td>\n",
       "      <td>1.620366e+07</td>\n",
       "      <td>2.723002e+17</td>\n",
       "      <td>2.805321e+01</td>\n",
       "      <td>1.611858e+07</td>\n",
       "      <td>SRK_linTdep</td>\n",
       "      <td>5.745717e+05</td>\n",
       "    </tr>\n",
       "    <tr>\n",
       "      <th>15</th>\n",
       "      <td>2.063175e+01</td>\n",
       "      <td>2.965076e+07</td>\n",
       "      <td>1.281557e+19</td>\n",
       "      <td>4.867407e-02</td>\n",
       "      <td>2.943903e+07</td>\n",
       "      <td>SRK_quadTdep</td>\n",
       "      <td>6.048196e+08</td>\n",
       "    </tr>\n",
       "    <tr>\n",
       "      <th>16</th>\n",
       "      <td>3.174379e+03</td>\n",
       "      <td>-1.215594e+09</td>\n",
       "      <td>6.276684e+14</td>\n",
       "      <td>-1.216047e+09</td>\n",
       "      <td>4.475950e+05</td>\n",
       "      <td>SRK_polyTdep</td>\n",
       "      <td>-3.680737e-04</td>\n",
       "    </tr>\n",
       "  </tbody>\n",
       "</table>\n",
       "</div>"
      ],
      "text/plain": [
       "       cov_trace     FIM_trace   determinant    min_eigval    max_eigval  \\\n",
       "0   8.129928e-06  1.230023e+05  1.230023e+05  1.230023e+05  1.230023e+05   \n",
       "1   6.693686e-13  1.493945e+12  1.493945e+12  1.493945e+12  1.493945e+12   \n",
       "2   1.696092e-04  5.895907e+03  5.895907e+03  5.895907e+03  5.895907e+03   \n",
       "3   3.715839e-04  6.309260e+05  1.697937e+09  2.702760e+03  6.282232e+05   \n",
       "4   6.945755e-04  4.071249e+06  8.258536e+13  1.627693e+03  4.057116e+06   \n",
       "5   2.816079e-01  6.150469e+05  1.046210e+10  3.553673e+00  6.102188e+05   \n",
       "6   3.215929e-02  1.801476e+07  4.116967e+17  3.121947e+01  1.792059e+07   \n",
       "7   1.899295e+01  3.209560e+07  2.035821e+19  5.287526e-02  3.186740e+07   \n",
       "8   3.743504e+02  4.605946e+08  2.925695e+26  2.730919e-03  4.358776e+08   \n",
       "9   9.478329e-06  1.055038e+05  1.055038e+05  1.055038e+05  1.055038e+05   \n",
       "10  2.442303e-12  4.094495e+11  4.094495e+11  4.094495e+11  4.094495e+11   \n",
       "11  4.803294e-04  4.843418e+05  1.008353e+09  2.090931e+03  4.822509e+05   \n",
       "12  7.533364e-04  3.723385e+06  6.394050e+13  1.501667e+03  3.710408e+06   \n",
       "13  3.647292e-01  4.759418e+05  4.877641e+09  2.743774e+00  4.721741e+05   \n",
       "14  3.578783e-02  1.620366e+07  2.723002e+17  2.805321e+01  1.611858e+07   \n",
       "15  2.063175e+01  2.965076e+07  1.281557e+19  4.867407e-02  2.943903e+07   \n",
       "16  3.174379e+03 -1.215594e+09  6.276684e+14 -1.216047e+09  4.475950e+05   \n",
       "\n",
       "                 name            CN  \n",
       "0      PR_1param_Opt1  1.000000e+00  \n",
       "1      PR_1param_Opt2  1.000000e+00  \n",
       "2   PR_1param_Opt2_GF  1.000000e+00  \n",
       "3           PR_noTdep  2.324376e+02  \n",
       "4     PR_3params_Opt1  2.492556e+03  \n",
       "5     PR_3params_Opt2  1.717150e+05  \n",
       "6          PR_linTdep  5.740195e+05  \n",
       "7         PR_quadTdep  6.026901e+08  \n",
       "8         PR_polyTdep  1.596084e+11  \n",
       "9     SRK_1param_Opt1  1.000000e+00  \n",
       "10    SRK_1param_Opt2  1.000000e+00  \n",
       "11         SRK_noTdep  2.306393e+02  \n",
       "12   SRK_3params_Opt1  2.470859e+03  \n",
       "13   SRK_3params_Opt2  1.720893e+05  \n",
       "14        SRK_linTdep  5.745717e+05  \n",
       "15       SRK_quadTdep  6.048196e+08  \n",
       "16       SRK_polyTdep -3.680737e-04  "
      ]
     },
     "execution_count": 8,
     "metadata": {},
     "output_type": "execute_result"
    }
   ],
   "source": [
    "OptTable"
   ]
  },
  {
   "cell_type": "code",
   "execution_count": 9,
   "id": "bed7cff7",
   "metadata": {},
   "outputs": [],
   "source": [
    "OptTable_Aopt = OptTable.sort_values(['cov_trace'],ascending=True,ignore_index=True)"
   ]
  },
  {
   "cell_type": "code",
   "execution_count": 10,
   "id": "79246981",
   "metadata": {},
   "outputs": [],
   "source": [
    "OptTable_Dopt = OptTable.sort_values(['determinant'],ascending=False,ignore_index=True)"
   ]
  },
  {
   "cell_type": "code",
   "execution_count": 11,
   "id": "637d25dc",
   "metadata": {},
   "outputs": [],
   "source": [
    "OptTable_Eopt = OptTable.sort_values(['min_eigval'],ascending=False,ignore_index=True)"
   ]
  },
  {
   "cell_type": "code",
   "execution_count": 12,
   "id": "d73a5cbb",
   "metadata": {},
   "outputs": [
    {
     "data": {
      "text/html": [
       "<div>\n",
       "<style scoped>\n",
       "    .dataframe tbody tr th:only-of-type {\n",
       "        vertical-align: middle;\n",
       "    }\n",
       "\n",
       "    .dataframe tbody tr th {\n",
       "        vertical-align: top;\n",
       "    }\n",
       "\n",
       "    .dataframe thead th {\n",
       "        text-align: right;\n",
       "    }\n",
       "</style>\n",
       "<table border=\"1\" class=\"dataframe\">\n",
       "  <thead>\n",
       "    <tr style=\"text-align: right;\">\n",
       "      <th></th>\n",
       "      <th>cov_trace</th>\n",
       "      <th>FIM_trace</th>\n",
       "      <th>determinant</th>\n",
       "      <th>min_eigval</th>\n",
       "      <th>max_eigval</th>\n",
       "      <th>name</th>\n",
       "      <th>CN</th>\n",
       "    </tr>\n",
       "  </thead>\n",
       "  <tbody>\n",
       "    <tr>\n",
       "      <th>0</th>\n",
       "      <td>6.693686e-13</td>\n",
       "      <td>1.493945e+12</td>\n",
       "      <td>1.493945e+12</td>\n",
       "      <td>1.493945e+12</td>\n",
       "      <td>1.493945e+12</td>\n",
       "      <td>PR_1param_Opt2</td>\n",
       "      <td>1.000000e+00</td>\n",
       "    </tr>\n",
       "    <tr>\n",
       "      <th>1</th>\n",
       "      <td>2.442303e-12</td>\n",
       "      <td>4.094495e+11</td>\n",
       "      <td>4.094495e+11</td>\n",
       "      <td>4.094495e+11</td>\n",
       "      <td>4.094495e+11</td>\n",
       "      <td>SRK_1param_Opt2</td>\n",
       "      <td>1.000000e+00</td>\n",
       "    </tr>\n",
       "    <tr>\n",
       "      <th>2</th>\n",
       "      <td>8.129928e-06</td>\n",
       "      <td>1.230023e+05</td>\n",
       "      <td>1.230023e+05</td>\n",
       "      <td>1.230023e+05</td>\n",
       "      <td>1.230023e+05</td>\n",
       "      <td>PR_1param_Opt1</td>\n",
       "      <td>1.000000e+00</td>\n",
       "    </tr>\n",
       "    <tr>\n",
       "      <th>3</th>\n",
       "      <td>9.478329e-06</td>\n",
       "      <td>1.055038e+05</td>\n",
       "      <td>1.055038e+05</td>\n",
       "      <td>1.055038e+05</td>\n",
       "      <td>1.055038e+05</td>\n",
       "      <td>SRK_1param_Opt1</td>\n",
       "      <td>1.000000e+00</td>\n",
       "    </tr>\n",
       "    <tr>\n",
       "      <th>4</th>\n",
       "      <td>1.696092e-04</td>\n",
       "      <td>5.895907e+03</td>\n",
       "      <td>5.895907e+03</td>\n",
       "      <td>5.895907e+03</td>\n",
       "      <td>5.895907e+03</td>\n",
       "      <td>PR_1param_Opt2_GF</td>\n",
       "      <td>1.000000e+00</td>\n",
       "    </tr>\n",
       "    <tr>\n",
       "      <th>5</th>\n",
       "      <td>3.715839e-04</td>\n",
       "      <td>6.309260e+05</td>\n",
       "      <td>1.697937e+09</td>\n",
       "      <td>2.702760e+03</td>\n",
       "      <td>6.282232e+05</td>\n",
       "      <td>PR_noTdep</td>\n",
       "      <td>2.324376e+02</td>\n",
       "    </tr>\n",
       "    <tr>\n",
       "      <th>6</th>\n",
       "      <td>4.803294e-04</td>\n",
       "      <td>4.843418e+05</td>\n",
       "      <td>1.008353e+09</td>\n",
       "      <td>2.090931e+03</td>\n",
       "      <td>4.822509e+05</td>\n",
       "      <td>SRK_noTdep</td>\n",
       "      <td>2.306393e+02</td>\n",
       "    </tr>\n",
       "    <tr>\n",
       "      <th>7</th>\n",
       "      <td>6.945755e-04</td>\n",
       "      <td>4.071249e+06</td>\n",
       "      <td>8.258536e+13</td>\n",
       "      <td>1.627693e+03</td>\n",
       "      <td>4.057116e+06</td>\n",
       "      <td>PR_3params_Opt1</td>\n",
       "      <td>2.492556e+03</td>\n",
       "    </tr>\n",
       "    <tr>\n",
       "      <th>8</th>\n",
       "      <td>7.533364e-04</td>\n",
       "      <td>3.723385e+06</td>\n",
       "      <td>6.394050e+13</td>\n",
       "      <td>1.501667e+03</td>\n",
       "      <td>3.710408e+06</td>\n",
       "      <td>SRK_3params_Opt1</td>\n",
       "      <td>2.470859e+03</td>\n",
       "    </tr>\n",
       "    <tr>\n",
       "      <th>9</th>\n",
       "      <td>3.215929e-02</td>\n",
       "      <td>1.801476e+07</td>\n",
       "      <td>4.116967e+17</td>\n",
       "      <td>3.121947e+01</td>\n",
       "      <td>1.792059e+07</td>\n",
       "      <td>PR_linTdep</td>\n",
       "      <td>5.740195e+05</td>\n",
       "    </tr>\n",
       "    <tr>\n",
       "      <th>10</th>\n",
       "      <td>3.578783e-02</td>\n",
       "      <td>1.620366e+07</td>\n",
       "      <td>2.723002e+17</td>\n",
       "      <td>2.805321e+01</td>\n",
       "      <td>1.611858e+07</td>\n",
       "      <td>SRK_linTdep</td>\n",
       "      <td>5.745717e+05</td>\n",
       "    </tr>\n",
       "    <tr>\n",
       "      <th>11</th>\n",
       "      <td>2.816079e-01</td>\n",
       "      <td>6.150469e+05</td>\n",
       "      <td>1.046210e+10</td>\n",
       "      <td>3.553673e+00</td>\n",
       "      <td>6.102188e+05</td>\n",
       "      <td>PR_3params_Opt2</td>\n",
       "      <td>1.717150e+05</td>\n",
       "    </tr>\n",
       "    <tr>\n",
       "      <th>12</th>\n",
       "      <td>3.647292e-01</td>\n",
       "      <td>4.759418e+05</td>\n",
       "      <td>4.877641e+09</td>\n",
       "      <td>2.743774e+00</td>\n",
       "      <td>4.721741e+05</td>\n",
       "      <td>SRK_3params_Opt2</td>\n",
       "      <td>1.720893e+05</td>\n",
       "    </tr>\n",
       "    <tr>\n",
       "      <th>13</th>\n",
       "      <td>1.899295e+01</td>\n",
       "      <td>3.209560e+07</td>\n",
       "      <td>2.035821e+19</td>\n",
       "      <td>5.287526e-02</td>\n",
       "      <td>3.186740e+07</td>\n",
       "      <td>PR_quadTdep</td>\n",
       "      <td>6.026901e+08</td>\n",
       "    </tr>\n",
       "    <tr>\n",
       "      <th>14</th>\n",
       "      <td>2.063175e+01</td>\n",
       "      <td>2.965076e+07</td>\n",
       "      <td>1.281557e+19</td>\n",
       "      <td>4.867407e-02</td>\n",
       "      <td>2.943903e+07</td>\n",
       "      <td>SRK_quadTdep</td>\n",
       "      <td>6.048196e+08</td>\n",
       "    </tr>\n",
       "    <tr>\n",
       "      <th>15</th>\n",
       "      <td>3.743504e+02</td>\n",
       "      <td>4.605946e+08</td>\n",
       "      <td>2.925695e+26</td>\n",
       "      <td>2.730919e-03</td>\n",
       "      <td>4.358776e+08</td>\n",
       "      <td>PR_polyTdep</td>\n",
       "      <td>1.596084e+11</td>\n",
       "    </tr>\n",
       "    <tr>\n",
       "      <th>16</th>\n",
       "      <td>3.174379e+03</td>\n",
       "      <td>-1.215594e+09</td>\n",
       "      <td>6.276684e+14</td>\n",
       "      <td>-1.216047e+09</td>\n",
       "      <td>4.475950e+05</td>\n",
       "      <td>SRK_polyTdep</td>\n",
       "      <td>-3.680737e-04</td>\n",
       "    </tr>\n",
       "  </tbody>\n",
       "</table>\n",
       "</div>"
      ],
      "text/plain": [
       "       cov_trace     FIM_trace   determinant    min_eigval    max_eigval  \\\n",
       "0   6.693686e-13  1.493945e+12  1.493945e+12  1.493945e+12  1.493945e+12   \n",
       "1   2.442303e-12  4.094495e+11  4.094495e+11  4.094495e+11  4.094495e+11   \n",
       "2   8.129928e-06  1.230023e+05  1.230023e+05  1.230023e+05  1.230023e+05   \n",
       "3   9.478329e-06  1.055038e+05  1.055038e+05  1.055038e+05  1.055038e+05   \n",
       "4   1.696092e-04  5.895907e+03  5.895907e+03  5.895907e+03  5.895907e+03   \n",
       "5   3.715839e-04  6.309260e+05  1.697937e+09  2.702760e+03  6.282232e+05   \n",
       "6   4.803294e-04  4.843418e+05  1.008353e+09  2.090931e+03  4.822509e+05   \n",
       "7   6.945755e-04  4.071249e+06  8.258536e+13  1.627693e+03  4.057116e+06   \n",
       "8   7.533364e-04  3.723385e+06  6.394050e+13  1.501667e+03  3.710408e+06   \n",
       "9   3.215929e-02  1.801476e+07  4.116967e+17  3.121947e+01  1.792059e+07   \n",
       "10  3.578783e-02  1.620366e+07  2.723002e+17  2.805321e+01  1.611858e+07   \n",
       "11  2.816079e-01  6.150469e+05  1.046210e+10  3.553673e+00  6.102188e+05   \n",
       "12  3.647292e-01  4.759418e+05  4.877641e+09  2.743774e+00  4.721741e+05   \n",
       "13  1.899295e+01  3.209560e+07  2.035821e+19  5.287526e-02  3.186740e+07   \n",
       "14  2.063175e+01  2.965076e+07  1.281557e+19  4.867407e-02  2.943903e+07   \n",
       "15  3.743504e+02  4.605946e+08  2.925695e+26  2.730919e-03  4.358776e+08   \n",
       "16  3.174379e+03 -1.215594e+09  6.276684e+14 -1.216047e+09  4.475950e+05   \n",
       "\n",
       "                 name            CN  \n",
       "0      PR_1param_Opt2  1.000000e+00  \n",
       "1     SRK_1param_Opt2  1.000000e+00  \n",
       "2      PR_1param_Opt1  1.000000e+00  \n",
       "3     SRK_1param_Opt1  1.000000e+00  \n",
       "4   PR_1param_Opt2_GF  1.000000e+00  \n",
       "5           PR_noTdep  2.324376e+02  \n",
       "6          SRK_noTdep  2.306393e+02  \n",
       "7     PR_3params_Opt1  2.492556e+03  \n",
       "8    SRK_3params_Opt1  2.470859e+03  \n",
       "9          PR_linTdep  5.740195e+05  \n",
       "10        SRK_linTdep  5.745717e+05  \n",
       "11    PR_3params_Opt2  1.717150e+05  \n",
       "12   SRK_3params_Opt2  1.720893e+05  \n",
       "13        PR_quadTdep  6.026901e+08  \n",
       "14       SRK_quadTdep  6.048196e+08  \n",
       "15        PR_polyTdep  1.596084e+11  \n",
       "16       SRK_polyTdep -3.680737e-04  "
      ]
     },
     "execution_count": 12,
     "metadata": {},
     "output_type": "execute_result"
    }
   ],
   "source": [
    "OptTable_Aopt"
   ]
  },
  {
   "cell_type": "code",
   "execution_count": 13,
   "id": "b6a9fe96",
   "metadata": {},
   "outputs": [
    {
     "data": {
      "text/html": [
       "<div>\n",
       "<style scoped>\n",
       "    .dataframe tbody tr th:only-of-type {\n",
       "        vertical-align: middle;\n",
       "    }\n",
       "\n",
       "    .dataframe tbody tr th {\n",
       "        vertical-align: top;\n",
       "    }\n",
       "\n",
       "    .dataframe thead th {\n",
       "        text-align: right;\n",
       "    }\n",
       "</style>\n",
       "<table border=\"1\" class=\"dataframe\">\n",
       "  <thead>\n",
       "    <tr style=\"text-align: right;\">\n",
       "      <th></th>\n",
       "      <th>cov_trace</th>\n",
       "      <th>FIM_trace</th>\n",
       "      <th>determinant</th>\n",
       "      <th>min_eigval</th>\n",
       "      <th>max_eigval</th>\n",
       "      <th>name</th>\n",
       "      <th>CN</th>\n",
       "    </tr>\n",
       "  </thead>\n",
       "  <tbody>\n",
       "    <tr>\n",
       "      <th>0</th>\n",
       "      <td>3.743504e+02</td>\n",
       "      <td>4.605946e+08</td>\n",
       "      <td>2.925695e+26</td>\n",
       "      <td>2.730919e-03</td>\n",
       "      <td>4.358776e+08</td>\n",
       "      <td>PR_polyTdep</td>\n",
       "      <td>1.596084e+11</td>\n",
       "    </tr>\n",
       "    <tr>\n",
       "      <th>1</th>\n",
       "      <td>1.899295e+01</td>\n",
       "      <td>3.209560e+07</td>\n",
       "      <td>2.035821e+19</td>\n",
       "      <td>5.287526e-02</td>\n",
       "      <td>3.186740e+07</td>\n",
       "      <td>PR_quadTdep</td>\n",
       "      <td>6.026901e+08</td>\n",
       "    </tr>\n",
       "    <tr>\n",
       "      <th>2</th>\n",
       "      <td>2.063175e+01</td>\n",
       "      <td>2.965076e+07</td>\n",
       "      <td>1.281557e+19</td>\n",
       "      <td>4.867407e-02</td>\n",
       "      <td>2.943903e+07</td>\n",
       "      <td>SRK_quadTdep</td>\n",
       "      <td>6.048196e+08</td>\n",
       "    </tr>\n",
       "    <tr>\n",
       "      <th>3</th>\n",
       "      <td>3.215929e-02</td>\n",
       "      <td>1.801476e+07</td>\n",
       "      <td>4.116967e+17</td>\n",
       "      <td>3.121947e+01</td>\n",
       "      <td>1.792059e+07</td>\n",
       "      <td>PR_linTdep</td>\n",
       "      <td>5.740195e+05</td>\n",
       "    </tr>\n",
       "    <tr>\n",
       "      <th>4</th>\n",
       "      <td>3.578783e-02</td>\n",
       "      <td>1.620366e+07</td>\n",
       "      <td>2.723002e+17</td>\n",
       "      <td>2.805321e+01</td>\n",
       "      <td>1.611858e+07</td>\n",
       "      <td>SRK_linTdep</td>\n",
       "      <td>5.745717e+05</td>\n",
       "    </tr>\n",
       "    <tr>\n",
       "      <th>5</th>\n",
       "      <td>3.174379e+03</td>\n",
       "      <td>-1.215594e+09</td>\n",
       "      <td>6.276684e+14</td>\n",
       "      <td>-1.216047e+09</td>\n",
       "      <td>4.475950e+05</td>\n",
       "      <td>SRK_polyTdep</td>\n",
       "      <td>-3.680737e-04</td>\n",
       "    </tr>\n",
       "    <tr>\n",
       "      <th>6</th>\n",
       "      <td>6.945755e-04</td>\n",
       "      <td>4.071249e+06</td>\n",
       "      <td>8.258536e+13</td>\n",
       "      <td>1.627693e+03</td>\n",
       "      <td>4.057116e+06</td>\n",
       "      <td>PR_3params_Opt1</td>\n",
       "      <td>2.492556e+03</td>\n",
       "    </tr>\n",
       "    <tr>\n",
       "      <th>7</th>\n",
       "      <td>7.533364e-04</td>\n",
       "      <td>3.723385e+06</td>\n",
       "      <td>6.394050e+13</td>\n",
       "      <td>1.501667e+03</td>\n",
       "      <td>3.710408e+06</td>\n",
       "      <td>SRK_3params_Opt1</td>\n",
       "      <td>2.470859e+03</td>\n",
       "    </tr>\n",
       "    <tr>\n",
       "      <th>8</th>\n",
       "      <td>6.693686e-13</td>\n",
       "      <td>1.493945e+12</td>\n",
       "      <td>1.493945e+12</td>\n",
       "      <td>1.493945e+12</td>\n",
       "      <td>1.493945e+12</td>\n",
       "      <td>PR_1param_Opt2</td>\n",
       "      <td>1.000000e+00</td>\n",
       "    </tr>\n",
       "    <tr>\n",
       "      <th>9</th>\n",
       "      <td>2.442303e-12</td>\n",
       "      <td>4.094495e+11</td>\n",
       "      <td>4.094495e+11</td>\n",
       "      <td>4.094495e+11</td>\n",
       "      <td>4.094495e+11</td>\n",
       "      <td>SRK_1param_Opt2</td>\n",
       "      <td>1.000000e+00</td>\n",
       "    </tr>\n",
       "    <tr>\n",
       "      <th>10</th>\n",
       "      <td>2.816079e-01</td>\n",
       "      <td>6.150469e+05</td>\n",
       "      <td>1.046210e+10</td>\n",
       "      <td>3.553673e+00</td>\n",
       "      <td>6.102188e+05</td>\n",
       "      <td>PR_3params_Opt2</td>\n",
       "      <td>1.717150e+05</td>\n",
       "    </tr>\n",
       "    <tr>\n",
       "      <th>11</th>\n",
       "      <td>3.647292e-01</td>\n",
       "      <td>4.759418e+05</td>\n",
       "      <td>4.877641e+09</td>\n",
       "      <td>2.743774e+00</td>\n",
       "      <td>4.721741e+05</td>\n",
       "      <td>SRK_3params_Opt2</td>\n",
       "      <td>1.720893e+05</td>\n",
       "    </tr>\n",
       "    <tr>\n",
       "      <th>12</th>\n",
       "      <td>3.715839e-04</td>\n",
       "      <td>6.309260e+05</td>\n",
       "      <td>1.697937e+09</td>\n",
       "      <td>2.702760e+03</td>\n",
       "      <td>6.282232e+05</td>\n",
       "      <td>PR_noTdep</td>\n",
       "      <td>2.324376e+02</td>\n",
       "    </tr>\n",
       "    <tr>\n",
       "      <th>13</th>\n",
       "      <td>4.803294e-04</td>\n",
       "      <td>4.843418e+05</td>\n",
       "      <td>1.008353e+09</td>\n",
       "      <td>2.090931e+03</td>\n",
       "      <td>4.822509e+05</td>\n",
       "      <td>SRK_noTdep</td>\n",
       "      <td>2.306393e+02</td>\n",
       "    </tr>\n",
       "    <tr>\n",
       "      <th>14</th>\n",
       "      <td>8.129928e-06</td>\n",
       "      <td>1.230023e+05</td>\n",
       "      <td>1.230023e+05</td>\n",
       "      <td>1.230023e+05</td>\n",
       "      <td>1.230023e+05</td>\n",
       "      <td>PR_1param_Opt1</td>\n",
       "      <td>1.000000e+00</td>\n",
       "    </tr>\n",
       "    <tr>\n",
       "      <th>15</th>\n",
       "      <td>9.478329e-06</td>\n",
       "      <td>1.055038e+05</td>\n",
       "      <td>1.055038e+05</td>\n",
       "      <td>1.055038e+05</td>\n",
       "      <td>1.055038e+05</td>\n",
       "      <td>SRK_1param_Opt1</td>\n",
       "      <td>1.000000e+00</td>\n",
       "    </tr>\n",
       "    <tr>\n",
       "      <th>16</th>\n",
       "      <td>1.696092e-04</td>\n",
       "      <td>5.895907e+03</td>\n",
       "      <td>5.895907e+03</td>\n",
       "      <td>5.895907e+03</td>\n",
       "      <td>5.895907e+03</td>\n",
       "      <td>PR_1param_Opt2_GF</td>\n",
       "      <td>1.000000e+00</td>\n",
       "    </tr>\n",
       "  </tbody>\n",
       "</table>\n",
       "</div>"
      ],
      "text/plain": [
       "       cov_trace     FIM_trace   determinant    min_eigval    max_eigval  \\\n",
       "0   3.743504e+02  4.605946e+08  2.925695e+26  2.730919e-03  4.358776e+08   \n",
       "1   1.899295e+01  3.209560e+07  2.035821e+19  5.287526e-02  3.186740e+07   \n",
       "2   2.063175e+01  2.965076e+07  1.281557e+19  4.867407e-02  2.943903e+07   \n",
       "3   3.215929e-02  1.801476e+07  4.116967e+17  3.121947e+01  1.792059e+07   \n",
       "4   3.578783e-02  1.620366e+07  2.723002e+17  2.805321e+01  1.611858e+07   \n",
       "5   3.174379e+03 -1.215594e+09  6.276684e+14 -1.216047e+09  4.475950e+05   \n",
       "6   6.945755e-04  4.071249e+06  8.258536e+13  1.627693e+03  4.057116e+06   \n",
       "7   7.533364e-04  3.723385e+06  6.394050e+13  1.501667e+03  3.710408e+06   \n",
       "8   6.693686e-13  1.493945e+12  1.493945e+12  1.493945e+12  1.493945e+12   \n",
       "9   2.442303e-12  4.094495e+11  4.094495e+11  4.094495e+11  4.094495e+11   \n",
       "10  2.816079e-01  6.150469e+05  1.046210e+10  3.553673e+00  6.102188e+05   \n",
       "11  3.647292e-01  4.759418e+05  4.877641e+09  2.743774e+00  4.721741e+05   \n",
       "12  3.715839e-04  6.309260e+05  1.697937e+09  2.702760e+03  6.282232e+05   \n",
       "13  4.803294e-04  4.843418e+05  1.008353e+09  2.090931e+03  4.822509e+05   \n",
       "14  8.129928e-06  1.230023e+05  1.230023e+05  1.230023e+05  1.230023e+05   \n",
       "15  9.478329e-06  1.055038e+05  1.055038e+05  1.055038e+05  1.055038e+05   \n",
       "16  1.696092e-04  5.895907e+03  5.895907e+03  5.895907e+03  5.895907e+03   \n",
       "\n",
       "                 name            CN  \n",
       "0         PR_polyTdep  1.596084e+11  \n",
       "1         PR_quadTdep  6.026901e+08  \n",
       "2        SRK_quadTdep  6.048196e+08  \n",
       "3          PR_linTdep  5.740195e+05  \n",
       "4         SRK_linTdep  5.745717e+05  \n",
       "5        SRK_polyTdep -3.680737e-04  \n",
       "6     PR_3params_Opt1  2.492556e+03  \n",
       "7    SRK_3params_Opt1  2.470859e+03  \n",
       "8      PR_1param_Opt2  1.000000e+00  \n",
       "9     SRK_1param_Opt2  1.000000e+00  \n",
       "10    PR_3params_Opt2  1.717150e+05  \n",
       "11   SRK_3params_Opt2  1.720893e+05  \n",
       "12          PR_noTdep  2.324376e+02  \n",
       "13         SRK_noTdep  2.306393e+02  \n",
       "14     PR_1param_Opt1  1.000000e+00  \n",
       "15    SRK_1param_Opt1  1.000000e+00  \n",
       "16  PR_1param_Opt2_GF  1.000000e+00  "
      ]
     },
     "execution_count": 13,
     "metadata": {},
     "output_type": "execute_result"
    }
   ],
   "source": [
    "OptTable_Dopt"
   ]
  },
  {
   "cell_type": "code",
   "execution_count": 14,
   "id": "0f4dda04",
   "metadata": {},
   "outputs": [
    {
     "data": {
      "text/html": [
       "<div>\n",
       "<style scoped>\n",
       "    .dataframe tbody tr th:only-of-type {\n",
       "        vertical-align: middle;\n",
       "    }\n",
       "\n",
       "    .dataframe tbody tr th {\n",
       "        vertical-align: top;\n",
       "    }\n",
       "\n",
       "    .dataframe thead th {\n",
       "        text-align: right;\n",
       "    }\n",
       "</style>\n",
       "<table border=\"1\" class=\"dataframe\">\n",
       "  <thead>\n",
       "    <tr style=\"text-align: right;\">\n",
       "      <th></th>\n",
       "      <th>cov_trace</th>\n",
       "      <th>FIM_trace</th>\n",
       "      <th>determinant</th>\n",
       "      <th>min_eigval</th>\n",
       "      <th>max_eigval</th>\n",
       "      <th>name</th>\n",
       "      <th>CN</th>\n",
       "    </tr>\n",
       "  </thead>\n",
       "  <tbody>\n",
       "    <tr>\n",
       "      <th>0</th>\n",
       "      <td>6.693686e-13</td>\n",
       "      <td>1.493945e+12</td>\n",
       "      <td>1.493945e+12</td>\n",
       "      <td>1.493945e+12</td>\n",
       "      <td>1.493945e+12</td>\n",
       "      <td>PR_1param_Opt2</td>\n",
       "      <td>1.000000e+00</td>\n",
       "    </tr>\n",
       "    <tr>\n",
       "      <th>1</th>\n",
       "      <td>2.442303e-12</td>\n",
       "      <td>4.094495e+11</td>\n",
       "      <td>4.094495e+11</td>\n",
       "      <td>4.094495e+11</td>\n",
       "      <td>4.094495e+11</td>\n",
       "      <td>SRK_1param_Opt2</td>\n",
       "      <td>1.000000e+00</td>\n",
       "    </tr>\n",
       "    <tr>\n",
       "      <th>2</th>\n",
       "      <td>8.129928e-06</td>\n",
       "      <td>1.230023e+05</td>\n",
       "      <td>1.230023e+05</td>\n",
       "      <td>1.230023e+05</td>\n",
       "      <td>1.230023e+05</td>\n",
       "      <td>PR_1param_Opt1</td>\n",
       "      <td>1.000000e+00</td>\n",
       "    </tr>\n",
       "    <tr>\n",
       "      <th>3</th>\n",
       "      <td>9.478329e-06</td>\n",
       "      <td>1.055038e+05</td>\n",
       "      <td>1.055038e+05</td>\n",
       "      <td>1.055038e+05</td>\n",
       "      <td>1.055038e+05</td>\n",
       "      <td>SRK_1param_Opt1</td>\n",
       "      <td>1.000000e+00</td>\n",
       "    </tr>\n",
       "    <tr>\n",
       "      <th>4</th>\n",
       "      <td>1.696092e-04</td>\n",
       "      <td>5.895907e+03</td>\n",
       "      <td>5.895907e+03</td>\n",
       "      <td>5.895907e+03</td>\n",
       "      <td>5.895907e+03</td>\n",
       "      <td>PR_1param_Opt2_GF</td>\n",
       "      <td>1.000000e+00</td>\n",
       "    </tr>\n",
       "    <tr>\n",
       "      <th>5</th>\n",
       "      <td>3.715839e-04</td>\n",
       "      <td>6.309260e+05</td>\n",
       "      <td>1.697937e+09</td>\n",
       "      <td>2.702760e+03</td>\n",
       "      <td>6.282232e+05</td>\n",
       "      <td>PR_noTdep</td>\n",
       "      <td>2.324376e+02</td>\n",
       "    </tr>\n",
       "    <tr>\n",
       "      <th>6</th>\n",
       "      <td>4.803294e-04</td>\n",
       "      <td>4.843418e+05</td>\n",
       "      <td>1.008353e+09</td>\n",
       "      <td>2.090931e+03</td>\n",
       "      <td>4.822509e+05</td>\n",
       "      <td>SRK_noTdep</td>\n",
       "      <td>2.306393e+02</td>\n",
       "    </tr>\n",
       "    <tr>\n",
       "      <th>7</th>\n",
       "      <td>6.945755e-04</td>\n",
       "      <td>4.071249e+06</td>\n",
       "      <td>8.258536e+13</td>\n",
       "      <td>1.627693e+03</td>\n",
       "      <td>4.057116e+06</td>\n",
       "      <td>PR_3params_Opt1</td>\n",
       "      <td>2.492556e+03</td>\n",
       "    </tr>\n",
       "    <tr>\n",
       "      <th>8</th>\n",
       "      <td>7.533364e-04</td>\n",
       "      <td>3.723385e+06</td>\n",
       "      <td>6.394050e+13</td>\n",
       "      <td>1.501667e+03</td>\n",
       "      <td>3.710408e+06</td>\n",
       "      <td>SRK_3params_Opt1</td>\n",
       "      <td>2.470859e+03</td>\n",
