{
 "cells": [
  {
   "cell_type": "markdown",
   "metadata": {},
   "source": [
    "## Import libraries"
   ]
  },
  {
   "cell_type": "code",
   "execution_count": 1,
   "metadata": {},
   "outputs": [],
   "source": [
    "from pyomo.environ import (Constraint,\n",
    "                           Var,\n",
    "                           ConcreteModel,\n",
    "                           Expression,\n",
    "                           Param,\n",
    "                           Objective,\n",
    "                           SolverFactory,\n",
    "                           TransformationFactory,\n",
    "                           value)\n",
    "\n",
    "from pyomo.network import Arc, SequentialDecomposition\n",
    "\n",
    "from idaes.core.util.initialization import propagate_state\n",
    "\n",
    "# Import plotting functions\n",
    "import matplotlib.pyplot as plt\n",
    "\n",
    "# Import numpy library \n",
    "import numpy as np\n",
    "\n",
    "# Import the main FlowsheetBlock from IDAES. The flowsheet block will contain the unit model\n",
    "from idaes.core import FlowsheetBlock\n",
    "\n",
    "import idaes.logger as idaeslog\n",
    "from pyomo.opt import TerminationCondition, SolverStatus\n",
    "\n",
    "# Import the degrees_of_freedom function from the idaes.core.util.model_statistics package\n",
    "# DOF = Number of Model Variables - Number of Model Constraints\n",
    "from idaes.core.util.model_statistics import degrees_of_freedom\n",
    "\n",
    "# Import the Generic Parameter Block\n",
    "from idaes.generic_models.properties.core.generic.generic_property import (\n",
    "        GenericParameterBlock)\n",
    "\n",
    "# Import unit models from the model library\n",
    "from idaes.generic_models.unit_models import Flash\n",
    "\n",
    "# Import R32, R125, IL info file\n",
    "from HFCS_emimTF2N_PR import configuration"
   ]
  },
  {
   "cell_type": "markdown",
   "metadata": {},
   "source": [
    "## Create Model"
   ]
  },
  {
   "cell_type": "code",
   "execution_count": 2,
   "metadata": {},
   "outputs": [],
   "source": [
    "# Create the ConcreteModel and the FlowsheetBlock, and attach the flowsheet block to it.\n",
    "m = ConcreteModel()\n",
    "\n",
    "m.fs = FlowsheetBlock(default={\"dynamic\": False}) \n",
    "\n",
    "# Add properties parameter blocks to the flowsheet with specifications\n",
    "m.fs.props = GenericParameterBlock(default=configuration)"
   ]
  },
  {
   "cell_type": "code",
   "execution_count": 3,
   "metadata": {},
   "outputs": [
    {
     "name": "stdout",
     "output_type": "stream",
     "text": [
      "The initial DOF is 8\n"
     ]
    }
   ],
   "source": [
    "m.fs.F101 = Flash(default={\"property_package\": m.fs.props,\n",
    "                               \"has_heat_transfer\": True,\n",
    "                               \"has_pressure_change\": True})\n",
    "\n",
    "# Call the degrees_of_freedom function, get intitial DOF\n",
    "DOF_initial = degrees_of_freedom(m)\n",
    "print(\"The initial DOF is {0}\".format(DOF_initial))"
   ]
  },
  {
   "cell_type": "code",
   "execution_count": 4,
   "metadata": {},
   "outputs": [
    {
     "name": "stdout",
     "output_type": "stream",
     "text": [
      "The final DOF is 0\n"
     ]
    }
   ],
   "source": [
    "## Update conditions to reduce DOF\n",
    "\n",
    "# Fix Heater H101 inlet conditions\n",
    "m.fs.F101.inlet.mole_frac_comp[0, \"R32\"].fix(0.5)\n",
    "m.fs.F101.inlet.mole_frac_comp[0, \"R125\"].fix(0.5)\n",
    "m.fs.F101.inlet.mole_frac_comp[0, \"emimTf2N\"].fix(0.001)\n",
    "\n",
    "m.fs.F101.inlet.flow_mol[0].fix(1)\n",
    "m.fs.F101.inlet.temperature.fix(300)\n",
    "m.fs.F101.inlet.pressure.fix(200000)\n",
    "\n",
    "# Fix F101 Flash outlet conditions\n",
    "m.fs.F101.vap_outlet.temperature.fix(300)\n",
    "m.fs.F101.deltaP.fix(0)\n",
    "\n",
    "DOF_final = degrees_of_freedom(m)\n",
    "print(\"The final DOF is {0}\".format(DOF_final))"
   ]
  },
  {
   "cell_type": "code",
   "execution_count": 5,
   "metadata": {},
   "outputs": [],
   "source": [
    "solver = SolverFactory('ipopt')\n",
    "solver.options = {'tol': 1e-6}"
   ]
  },
  {
   "cell_type": "markdown",
   "metadata": {},
   "source": [
    "## Calculate flash data"
   ]
  },
  {
   "cell_type": "code",
   "execution_count": 6,
   "metadata": {},
   "outputs": [
    {
     "name": "stdout",
     "output_type": "stream",
     "text": [
      "Running pressure: 200000 and HFC feed fraction 0.001\n",
      "Running pressure: 200000 and HFC feed fraction 0.2\n",
      "Running pressure: 200000 and HFC feed fraction 0.4\n",
      "Running pressure: 200000 and HFC feed fraction 0.72\n",
      "Running pressure: 200000 and HFC feed fraction 0.91\n",
      "Running pressure: 200000 and HFC feed fraction 0.99\n",
      "Running pressure: 300000 and HFC feed fraction 0.001\n",
      "Running pressure: 300000 and HFC feed fraction 0.2\n",
      "Running pressure: 300000 and HFC feed fraction 0.4\n",
      "Running pressure: 300000 and HFC feed fraction 0.72\n",
      "Running pressure: 300000 and HFC feed fraction 0.91\n",
      "Running pressure: 300000 and HFC feed fraction 0.99\n",
      "Running pressure: 400000 and HFC feed fraction 0.001\n",
      "Running pressure: 400000 and HFC feed fraction 0.2\n",
      "Running pressure: 400000 and HFC feed fraction 0.4\n",
      "Running pressure: 400000 and HFC feed fraction 0.72\n",
      "Running pressure: 400000 and HFC feed fraction 0.91\n",
      "Running pressure: 400000 and HFC feed fraction 0.99\n",
      "Running pressure: 500000 and HFC feed fraction 0.001\n",
      "Running pressure: 500000 and HFC feed fraction 0.2\n",
      "Running pressure: 500000 and HFC feed fraction 0.4\n",
      "Running pressure: 500000 and HFC feed fraction 0.72\n",
      "Running pressure: 500000 and HFC feed fraction 0.91\n",
      "Running pressure: 500000 and HFC feed fraction 0.99\n",
      "Running pressure: 600000 and HFC feed fraction 0.001\n",
      "Running pressure: 600000 and HFC feed fraction 0.2\n",
      "Running pressure: 600000 and HFC feed fraction 0.4\n",
      "Running pressure: 600000 and HFC feed fraction 0.72\n",
      "Running pressure: 600000 and HFC feed fraction 0.91\n",
      "Running pressure: 600000 and HFC feed fraction 0.99\n",
      "Running pressure: 700000 and HFC feed fraction 0.001\n",
      "Running pressure: 700000 and HFC feed fraction 0.2\n",
      "Running pressure: 700000 and HFC feed fraction 0.4\n",
      "Running pressure: 700000 and HFC feed fraction 0.72\n",
      "Running pressure: 700000 and HFC feed fraction 0.91\n",
      "Running pressure: 700000 and HFC feed fraction 0.99\n",
      "Running pressure: 800000 and HFC feed fraction 0.001\n",
      "Running pressure: 800000 and HFC feed fraction 0.2\n",
      "Running pressure: 800000 and HFC feed fraction 0.4\n",
      "Running pressure: 800000 and HFC feed fraction 0.72\n",
      "Running pressure: 800000 and HFC feed fraction 0.91\n",
      "Running pressure: 800000 and HFC feed fraction 0.99\n",
      "Running pressure: 900000 and HFC feed fraction 0.001\n",
      "Running pressure: 900000 and HFC feed fraction 0.2\n",
      "Running pressure: 900000 and HFC feed fraction 0.4\n",
      "Running pressure: 900000 and HFC feed fraction 0.72\n",
      "Running pressure: 900000 and HFC feed fraction 0.91\n",
      "Running pressure: 900000 and HFC feed fraction 0.99\n",
      "Running pressure: 1000000 and HFC feed fraction 0.001\n",
      "Running pressure: 1000000 and HFC feed fraction 0.2\n",
      "Running pressure: 1000000 and HFC feed fraction 0.4\n",
      "Running pressure: 1000000 and HFC feed fraction 0.72\n",
      "Running pressure: 1000000 and HFC feed fraction 0.91\n",
      "Running pressure: 1000000 and HFC feed fraction 0.99\n",
      "Running pressure: 1100000 and HFC feed fraction 0.001\n",
      "Running pressure: 1100000 and HFC feed fraction 0.2\n",
      "Running pressure: 1100000 and HFC feed fraction 0.4\n",
      "Running pressure: 1100000 and HFC feed fraction 0.72\n",
      "Running pressure: 1100000 and HFC feed fraction 0.91\n",
      "Running pressure: 1100000 and HFC feed fraction 0.99\n",
      "Running pressure: 1200000 and HFC feed fraction 0.001\n",
      "Running pressure: 1200000 and HFC feed fraction 0.2\n",
      "Running pressure: 1200000 and HFC feed fraction 0.4\n",
      "Running pressure: 1200000 and HFC feed fraction 0.72\n",
      "Running pressure: 1200000 and HFC feed fraction 0.91\n",
      "Running pressure: 1200000 and HFC feed fraction 0.99\n",
      "Running pressure: 1300000 and HFC feed fraction 0.001\n",
      "Running pressure: 1300000 and HFC feed fraction 0.2\n",
      "Running pressure: 1300000 and HFC feed fraction 0.4\n",
      "Running pressure: 1300000 and HFC feed fraction 0.72\n",
      "Running pressure: 1300000 and HFC feed fraction 0.91\n",
      "Running pressure: 1300000 and HFC feed fraction 0.99\n",
      "Running pressure: 1400000 and HFC feed fraction 0.001\n",
      "Running pressure: 1400000 and HFC feed fraction 0.2\n",
      "Running pressure: 1400000 and HFC feed fraction 0.4\n",
      "Running pressure: 1400000 and HFC feed fraction 0.72\n",
      "Running pressure: 1400000 and HFC feed fraction 0.91\n",
      "Running pressure: 1400000 and HFC feed fraction 0.99\n",
      "WARNING: Loading a SolverResults object with a warning status into\n",
      "    model.name=\"fs.F101\";\n",
      "      - termination condition: infeasible\n",
      "      - message from solver: Ipopt 3.13.2\\x3a Converged to a locally\n",
      "          infeasible point. Problem may be infeasible.\n",
      "WARNING: Loading a SolverResults object with a warning status into\n",
      "    model.name=\"unknown\";\n",
      "      - termination condition: infeasible\n",
      "      - message from solver: Ipopt 3.13.2\\x3a Converged to a locally\n",
      "          infeasible point. Problem may be infeasible.\n",
      "Infeasible.\n",
      "Running pressure: 1500000 and HFC feed fraction 0.2\n",
      "Running pressure: 1500000 and HFC feed fraction 0.4\n",
      "Running pressure: 1500000 and HFC feed fraction 0.72\n",
      "Running pressure: 1500000 and HFC feed fraction 0.91\n",
      "Running pressure: 1500000 and HFC feed fraction 0.99\n",
      "WARNING: Loading a SolverResults object with a warning status into\n",
      "    model.name=\"fs.F101\";\n",
      "      - termination condition: infeasible\n",
      "      - message from solver: Ipopt 3.13.2\\x3a Converged to a locally\n",
      "          infeasible point. Problem may be infeasible.\n",
      "WARNING: Loading a SolverResults object with a warning status into\n",
      "    model.name=\"unknown\";\n",
      "      - termination condition: infeasible\n",
      "      - message from solver: Ipopt 3.13.2\\x3a Converged to a locally\n",
      "          infeasible point. Problem may be infeasible.\n",
      "Infeasible.\n",
      "WARNING: Loading a SolverResults object with a warning status into\n",
      "    model.name=\"fs.F101\";\n",
      "      - termination condition: infeasible\n",
      "      - message from solver: Ipopt 3.13.2\\x3a Converged to a locally\n",
      "          infeasible point. Problem may be infeasible.\n",
      "WARNING: Loading a SolverResults object with a warning status into\n",
      "    model.name=\"unknown\";\n",
      "      - termination condition: infeasible\n",
      "      - message from solver: Ipopt 3.13.2\\x3a Converged to a locally\n",
      "          infeasible point. Problem may be infeasible.\n",
      "Infeasible.\n",
      "Running pressure: 1600000 and HFC feed fraction 0.4\n",
      "Running pressure: 1600000 and HFC feed fraction 0.72\n",
      "Running pressure: 1600000 and HFC feed fraction 0.91\n",
      "Running pressure: 1600000 and HFC feed fraction 0.99\n"
     ]
    }
   ],
   "source": [
    "# Set pressures to loop over\n",
    "P = [200000,300000,400000,500000,600000,700000,800000,900000,1000000,1100000,1200000,1300000,1400000,1500000,1600000]\n",
    "\n",
    "# Set fraction of feed compositions of HFCs to loop over\n",
    "HFC_feed_frac = [0.001,0.2,0.4,0.72,0.91,0.99]\n",
    "\n",
    "# Make outlet arrays\n",
    "IL_x = np.zeros((len(P),len(HFC_feed_frac)))\n",
    "IL_y = np.zeros((len(P),len(HFC_feed_frac)))\n",
    "R32_x = np.zeros((len(P),len(HFC_feed_frac)))\n",
    "R32_y = np.zeros((len(P),len(HFC_feed_frac)))\n",
    "R125_x = np.zeros((len(P),len(HFC_feed_frac)))\n",
    "R125_y = np.zeros((len(P),len(HFC_feed_frac))) \n",
    "\n",
    "for i in range(len(P)):\n",
    "    \n",
    "    # Fix pressure\n",
    "    m.fs.F101.inlet.pressure.fix(P[i])\n",
    "    \n",
    "    for j in range(len(HFC_feed_frac)):\n",
    "        \n",
    "        # Fix inlet mole fractions\n",
    "        fract = 1 - HFC_feed_frac[j] \n",
    "        m.fs.F101.inlet.mole_frac_comp[0, \"R32\"].fix(0.85*HFC_feed_frac[j])\n",
    "        m.fs.F101.inlet.mole_frac_comp[0, \"R125\"].fix(0.85*fract)\n",
    "        m.fs.F101.inlet.mole_frac_comp[0, \"emimTf2N\"].fix(0.15)   \n",
    "\n",
    "        m.fs.F101.initialize(outlvl=idaeslog.CRITICAL)              \n",
    "\n",
    "        # solve the model\n",
    "        status = solver.solve(m, tee = False)\n",
    "        # model.display()\n",
    "        \n",
    "        # If solution is optimal store the concentration, and calculated temperatures in the created arrays\n",
    "        if (status.solver.status == SolverStatus.ok) and (status.solver.termination_condition == TerminationCondition.optimal):\n",
    "\n",
    "            IL_x[i,j] = value(m.fs.F101.liq_outlet.mole_frac_comp[0, \"emimTf2N\"])\n",
    "            IL_y[i,j] = value(m.fs.F101.vap_outlet.mole_frac_comp[0, \"emimTf2N\"])\n",
    "            R32_x[i,j] = value(m.fs.F101.liq_outlet.mole_frac_comp[0, \"R32\"]) \n",
    "            R32_y[i,j] = value(m.fs.F101.vap_outlet.mole_frac_comp[0, \"R32\"])\n",
    "            R125_x[i,j] = value(m.fs.F101.liq_outlet.mole_frac_comp[0, \"R125\"])\n",
    "            R125_y[i,j] = value(m.fs.F101.vap_outlet.mole_frac_comp[0, \"R125\"])\n",
    "\n",
    "            #Change this to feasible\n",
    "            print(\"Running pressure:\",P[i],\"and HFC feed fraction\",HFC_feed_frac[j])\n",
    "#             print(value(m.fs.F101.liq_outlet.flow_mol[0]))\n",
    "#             print(value(m.fs.F101.vap_outlet.flow_mol[0]))\n",
    "        else:\n",
    "            print('Infeasible.')\n",
    "\n",
    "    "
   ]
  },
  {
   "cell_type": "code",
   "execution_count": 7,
   "metadata": {},
   "outputs": [
    {
     "name": "stdout",
     "output_type": "stream",
     "text": [
      "IL_x = [[0.8983654  0.88293381 0.86749323 0.84293077 0.82842905 0.82234119]\n",
      " [0.84850668 0.82752619 0.80655759 0.77326013 0.75363856 0.74540993]\n",
      " [0.7991385  0.77402027 0.7489067  0.70902866 0.685537   0.67568738]\n",
      " [0.75012174 0.7222592  0.69432135 0.64983873 0.62357913 0.61255697]\n",
      " [0.70128416 0.67206465 0.64256351 0.59527117 0.56719656 0.55537858]\n",
      " [0.65240522 0.62322968 0.59337524 0.54489611 0.5158184  0.50351408]\n",
      " [0.60319096 0.57550709 0.54647542 0.49828132 0.46888704 0.45634625]\n",
      " [0.55322953 0.52858982 0.50155257 0.45499696 0.42586812 0.41329054]\n",
      " [0.50190644 0.48207574 0.45825088 0.4146161  0.38625487 0.37380003]\n",
      " [0.44822267 0.43539978 0.4161434  0.37670968 0.34956663 0.33736428]\n",
      " [0.3903356  0.38768806 0.3746786  0.34083331 0.31534151 0.3035021 ]\n",
      " [0.32403361 0.33738986 0.33306425 0.30650021 0.28312104 0.2717477 ]\n",
      " [0.23330632 0.2810643  0.28997422 0.27312548 0.25242179 0.24162607]\n",
      " [0.         0.20612212 0.24258887 0.2398985  0.22267887 0.21260735]\n",
      " [0.         0.         0.18100328 0.20542831 0.19311573 0.1840084 ]]\n",
      "IL_y = [[1.e-08 1.e-08 1.e-08 1.e-08 1.e-08 1.e-08]\n",
      " [1.e-08 1.e-08 1.e-08 1.e-08 1.e-08 1.e-08]\n",
      " [1.e-08 1.e-08 1.e-08 1.e-08 1.e-08 1.e-08]\n",
      " [1.e-08 1.e-08 1.e-08 1.e-08 1.e-08 1.e-08]\n",
      " [1.e-08 1.e-08 1.e-08 1.e-08 1.e-08 1.e-08]\n",
      " [1.e-08 1.e-08 1.e-08 1.e-08 1.e-08 1.e-08]\n",
      " [1.e-08 1.e-08 1.e-08 1.e-08 1.e-08 1.e-08]\n",
      " [1.e-08 1.e-08 1.e-08 1.e-08 1.e-08 1.e-08]\n",
      " [1.e-08 1.e-08 1.e-08 1.e-08 1.e-08 1.e-08]\n",
      " [1.e-08 1.e-08 1.e-08 1.e-08 1.e-08 1.e-08]\n",
      " [1.e-08 1.e-08 1.e-08 1.e-08 1.e-08 1.e-08]\n",
      " [1.e-08 1.e-08 1.e-08 1.e-08 1.e-08 1.e-08]\n",
      " [1.e-08 1.e-08 1.e-08 1.e-08 1.e-08 1.e-08]\n",
      " [0.e+00 1.e-08 1.e-08 1.e-08 1.e-08 1.e-08]\n",
      " [0.e+00 0.e+00 1.e-08 1.e-08 1.e-08 1.e-08]]\n",
      "R32_x = [[1.85394288e-04 3.67936722e-02 7.30212988e-02 1.29835694e-01\n",
      "  1.62915816e-01 1.76701690e-01]\n",
      " [2.70615088e-04 5.35048941e-02 1.05787320e-01 1.86974331e-01\n",
      "  2.33790995e-01 2.53203098e-01]\n",
      " [3.50832803e-04 6.91135618e-02 1.36153627e-01 2.39276878e-01\n",
      "  2.98202902e-01 3.22522214e-01]\n",
      " [4.26011772e-04 8.36362813e-02 1.64201427e-01 2.87041557e-01\n",
      "  3.56656136e-01 3.85270684e-01]\n",
      " [4.96115672e-04 9.70893312e-02 1.90016039e-01 3.30581281e-01\n",
      "  4.09676004e-01 4.42083336e-01]\n",
      " [5.61070895e-04 1.09487597e-01 2.13684151e-01 3.70212510e-01\n",
      "  4.57787926e-01 4.93592744e-01]\n",
      " [6.20748390e-04 1.20843088e-01 2.35290740e-01 4.06245402e-01\n",
      "  5.01501154e-01 5.40410221e-01]\n",
      " [6.74978236e-04 1.31162775e-01 2.54915568e-01 4.38975661e-01\n",
      "  5.41297386e-01 5.83113842e-01]\n",
      " [7.23485645e-04 1.40445231e-01 2.72628948e-01 4.68678093e-01\n",
      "  5.77624038e-01 6.22243131e-01]\n",
      " [7.65824782e-04 1.48674992e-01 2.88486121e-01 4.95601507e-01\n",
      "  6.10891537e-01 6.58299684e-01]\n",
      " [8.01221897e-04 1.55812082e-01 3.02518778e-01 5.19964346e-01\n",
      "  6.41473876e-01 6.91753302e-01]\n",
      " [8.28168477e-04 1.61769961e-01 3.14720404e-01 5.41950009e-01\n",
      "  6.69711934e-01 7.23054205e-01]\n",
      " [8.43187126e-04 1.66360764e-01 3.25016759e-01 5.61700166e-01\n",
      "  6.95919682e-01 7.52654238e-01]\n",
      " [0.00000000e+00 1.69150573e-01 3.33195980e-01 5.79302852e-01\n",
      "  7.20394980e-01 7.81045599e-01]\n",
      " [0.00000000e+00 0.00000000e+00 3.38748696e-01 5.94768966e-01\n",
      "  7.43441785e-01 8.08842446e-01]]\n",
      "R32_y = [[9.83211473e-04 1.97261601e-01 3.95814889e-01 7.16374995e-01\n",
      "  9.08499566e-01 9.89817176e-01]\n",
      " [9.74419335e-04 1.95791277e-01 3.93509247e-01 7.14290918e-01\n",
      "  9.07613949e-01 9.89708036e-01]\n",
      " [9.65345307e-04 1.94250760e-01 3.91054623e-01 7.12010021e-01\n",
      "  9.06627243e-01 9.89585479e-01]\n",
      " [9.55975557e-04 1.92637570e-01 3.88445254e-01 7.09518987e-01\n",
      "  9.05529845e-01 9.89448041e-01]\n",
      " [9.46289093e-04 1.90948747e-01 3.85674504e-01 7.06802474e-01\n",
      "  9.04310283e-01 9.89293946e-01]\n",
      " [9.36263764e-04 1.89180666e-01 3.82734405e-01 7.03842189e-01\n",
      "  9.02954426e-01 9.89120961e-01]\n",
      " [9.25879143e-04 1.87328822e-01 3.79615038e-01 7.00615690e-01\n",
      "  9.01444451e-01 9.88926211e-01]\n",
      " [9.15107494e-04 1.85387587e-01 3.76303716e-01 6.97094786e-01\n",
      "  8.99757400e-01 9.88705912e-01]\n",
      " [9.03926701e-04 1.83350013e-01 3.72783873e-01 6.93243303e-01\n",
      "  8.97863129e-01 9.88454984e-01]\n",
      " [8.92338440e-04 1.81207967e-01 3.69033528e-01 6.89013800e-01\n",
      "  8.95721182e-01 9.88166419e-01]\n",
      " [8.80443744e-04 1.78953700e-01 3.65023225e-01 6.84342446e-01\n",
      "  8.93275844e-01 9.87830279e-01]\n",
      " [8.68816644e-04 1.76587901e-01 3.60713708e-01 6.79140475e-01\n",
      "  8.90447778e-01 9.87431873e-01]\n",
      " [8.62267150e-04 1.74165020e-01 3.56056430e-01 6.73278747e-01\n",
      "  8.87118868e-01 9.86948384e-01]\n",
      " [0.00000000e+00 1.72270300e-01 3.51022955e-01 6.66556775e-01\n",
      "  8.83102048e-01 9.86341782e-01]\n",
      " [0.00000000e+00 0.00000000e+00 3.46054055e-01 6.58630595e-01\n",
      "  8.78072785e-01 9.85541846e-01]]\n",
      "R125_x = [[0.10144921 0.08027251 0.05948547 0.02723354 0.00865513 0.00095712]\n",
      " [0.1512227  0.11896892 0.08765509 0.03976554 0.01257045 0.00138698]\n",
      " [0.20051067 0.15686617 0.11493967 0.05169446 0.0162601  0.0017904 ]\n",
      " [0.24945225 0.19410452 0.14147722 0.06311971 0.01976473 0.00217235]\n",
      " [0.29821973 0.23084602 0.16742045 0.07414755 0.02312744 0.00253809]\n",
      " [0.3470337  0.26728272 0.19294061 0.08489137 0.02639367 0.00289317]\n",
      " [0.3961883  0.30364982 0.21823384 0.09547328 0.02961181 0.00324353]\n",
      " [0.44609549 0.34024741 0.24353186 0.10602738 0.03283449 0.00359562]\n",
      " [0.49737007 0.37747903 0.26912017 0.11670581 0.0361211  0.00395684]\n",
      " [0.5510115  0.41592523 0.29537048 0.12768881 0.03954183 0.00433604]\n",
      " [0.60886318 0.45649986 0.32280262 0.13920235 0.04318462 0.0047446 ]\n",
      " [0.67513822 0.50084018 0.35221534 0.15154978 0.04716703 0.0051981 ]\n",
      " [0.7658505  0.55257494 0.38500903 0.16517436 0.05165853 0.00571969]\n",
      " [0.         0.62472731 0.42421515 0.18079865 0.05692615 0.00634705]\n",
      " [0.         0.         0.48024802 0.19980272 0.06344248 0.00714915]]\n",
      "R125_y = [[0.99901679 0.8027384  0.60418511 0.283625   0.09150043 0.01018282]\n",
      " [0.99902558 0.80420872 0.60649075 0.28570908 0.09238605 0.01029196]\n",
      " [0.99903465 0.80574924 0.60894538 0.28798998 0.09337276 0.01041452]\n",
      " [0.99904402 0.80736243 0.61155475 0.29048101 0.09447015 0.01055196]\n",
      " [0.99905371 0.80905125 0.6143255  0.29319753 0.09568972 0.01070605]\n",
      " [0.99906374 0.81081933 0.61726559 0.29615781 0.09704557 0.01087904]\n",
      " [0.99907412 0.81267118 0.62038496 0.29938431 0.09855555 0.01107379]\n",
      " [0.99908489 0.81461241 0.62369628 0.30290521 0.1002426  0.01129409]\n",
      " [0.99909607 0.81664999 0.62721613 0.3067567  0.10213687 0.01154502]\n",
      " [0.99910766 0.81879203 0.63096647 0.3109862  0.10427882 0.01183358]\n",
      " [0.99911956 0.8210463  0.63497678 0.31565755 0.10672416 0.01216972]\n",
      " [0.99913118 0.8234121  0.63928629 0.32085952 0.10955222 0.01256813]\n",
      " [0.99913773 0.82583498 0.64394357 0.32672125 0.11288113 0.01305162]\n",
      " [0.         0.8277297  0.64897704 0.33344322 0.11689795 0.01365822]\n",
      " [0.         0.         0.65394595 0.34136941 0.12192722 0.01445815]]\n"
     ]
    }
   ],
   "source": [
    "print(\"IL_x =\", IL_x)\n",
    "print(\"IL_y =\", IL_y)\n",
    "print(\"R32_x =\", R32_x)\n",
    "print(\"R32_y =\", R32_y)\n",
    "print(\"R125_x =\", R125_x)\n",
    "print(\"R125_y =\", R125_y)"
   ]
  },
  {
   "cell_type": "code",
   "execution_count": 8,
   "metadata": {},
   "outputs": [],
   "source": [
    "IL_x = IL_x*100\n",
    "IL_y = IL_y*100\n",
    "R32_x = R32_x*100\n",
    "R32_y = R32_y*100\n",
    "R125_x = R125_x*100\n",
    "R125_y = R125_y*100"
   ]
  },
  {
   "cell_type": "code",
   "execution_count": 9,
   "metadata": {},
   "outputs": [],
   "source": [
    "points_x = []\n",
    "\n",
    "for i in range(len(P)):\n",
    "    for j in range(len(HFC_feed_frac)): #to shift how points are printed, shift the order\n",
    "        points = (IL_x[i,j], R125_x[i,j], R32_x[i,j])\n",
    "        points_x.append(points)"
   ]
  },
  {
   "cell_type": "code",
   "execution_count": 12,
   "metadata": {},
   "outputs": [
    {
     "name": "stdout",
     "output_type": "stream",
     "text": [
      "points 1 are: [(89.83653950336131, 10.14492106786532, 0.018539428773381373), (88.29338133056875, 8.027251445255166, 3.679367224176089), (86.7493232683821, 5.948546852068055, 7.30212987954985), (84.29307708028186, 2.7233535105725686, 12.983569409145582), (82.84290544699878, 0.8655129418629297, 16.291581611134273), (82.23411902973362, 0.0957120066390074, 17.670168963627354)]\n",
      "points 2 are: [(84.85066842752546, 15.12227006369377, 0.02706150878077031), (82.75261903837053, 11.896891554153456, 5.3504894074760365), (80.65575916746758, 8.765508866885023, 10.5787319656474), (77.32601250969421, 3.9765544053589044, 18.697433084946873), (75.36385562753244, 1.2570449084455424, 23.37909946402201), (74.54099251812522, 0.13869771033482864, 25.32030977153994)]\n",
      "points 3 are: [(79.91385010011102, 20.051066619551356, 0.03508328033760227), (77.40202687988362, 15.686616942011883, 6.911356178104508), (74.89067025193988, 11.493967024945563, 13.61536272311454), (70.90286610096427, 5.169446067429109, 23.927687831606615), (68.55370029700987, 1.6260095276305144, 29.820290175359617), (67.56873846858944, 0.17904014186624562, 32.25222138954432)]\n",
      "points 4 are: [(75.01217379637956, 24.945225026402284, 0.042601177218175856), (72.22591983152596, 19.41045204208177, 8.36362812639227), (69.43213534005476, 14.147721988227953, 16.420142671717294), (64.98387288895397, 6.311971453520146, 28.70415565752589), (62.35791321713319, 1.9764731988759678, 35.66561358399085), (61.25569702444772, 0.2172345650222563, 38.52706841053003)]\n",
      "points 5 are: [(70.1284157687135, 29.821972664077467, 0.04961156720903919), (67.20646518760864, 23.08460169594332, 9.70893311644803), (64.25635099782413, 16.742045100699112, 19.001603901476756), (59.527116505970746, 7.414755396356726, 33.05812809767252), (56.719655550397775, 2.3127440820555654, 40.96760036754666), (55.5378578116041, 0.253808615843332, 44.20833357255257)]\n",
      "points 6 are: [(65.24052247849701, 34.70337043201839, 0.05610708948459986), (62.32296779580919, 26.728272496843424, 10.948759707347387), (59.33752430962627, 19.294060611564316, 21.368415078809434), (54.48961149914273, 8.489137467600209, 37.02125103325706), (51.581840016715915, 2.639367414909132, 45.778792568374946), (50.3514081313169, 0.2893174800546684, 49.359274388628435)]\n",
      "points 7 are: [(60.31909560962762, 39.61882955135176, 0.06207483902062104), (57.55070915886502, 30.364982030014094, 12.084308811120879), (54.647542487255876, 21.823383555124515, 23.52907395761962), (49.82813228600167, 9.547327541980897, 40.62454017201745), (46.888703781513925, 2.9611807821844893, 50.15011543630159), (45.63462505614494, 0.3243528566489737, 54.041022087206095)]\n",
      "points 8 are: [(55.32295327925452, 44.60954889712496, 0.06749782362050859), (52.85898204794809, 34.02474050032914, 13.116277451722766), (50.155257289539165, 24.35318594217326, 25.49155676828757), (45.49969562199603, 10.60273822937786, 43.897566148626105), (42.5868123564279, 3.2834490738149977, 54.129738569757116), (41.329053735994584, 0.3595620858229753, 58.311384178182436)]\n",
      "points 9 are: [(50.19064400645797, 49.73700742907278, 0.07234856446925803), (48.20757377174248, 37.74790315297377, 14.044523075283772), (45.82508801967286, 26.912017132856125, 27.26289484747101), (41.46161002664589, 11.670580654558885, 46.86780931879523), (38.625486647022036, 3.612109598196083, 57.762403754781865), (37.38000327144136, 0.3956836029541697, 62.22431312560447)]\n",
      "points 10 are: [(44.82226709701319, 55.101150424765876, 0.07658247822092097), (43.53997773881478, 41.59252302810981, 14.867499233075415), (41.6143398914163, 29.537048053037495, 28.848612055546212), (37.67096803782017, 12.768881285703786, 49.56015067647605), (34.95666314342551, 3.9541831832114585, 61.089153673363036), (33.73642753790935, 0.4336040228444109, 65.82996843924626)]\n",
      "points 11 are: [(39.03355985593731, 60.886317954338544, 0.08012218972413332), (38.76880560139767, 45.649986168520016, 15.581208230082302), (37.467860493785075, 32.28026168321409, 30.25187782300084), (34.08333061737404, 13.92023482447681, 51.996434558149154), (31.5341507649653, 4.318461642825596, 64.1473875922091), (30.350209734565286, 0.47446004265754443, 69.17533022277718)]\n",
      "points 12 are: [(32.403361017615346, 67.51382213468369, 0.08281684770094669), (33.73898603698213, 50.08401788701848, 16.17699607599939), (33.30642534832155, 35.22153425788878, 31.47204039378969), (30.650021288286528, 15.154977811453405, 54.19500090026007), (28.312104022178325, 4.7167025924810755, 66.9711933853406), (27.17476956385062, 0.5198099584392453, 72.30542047771013)]\n",
      "points 13 are: [(23.330631706844454, 76.58504958055215, 0.08431871260337809), (28.106430051231957, 55.257493575158264, 16.636076373609775), (28.99742162473114, 38.50090251303472, 32.501675862234144), (27.31254781300607, 16.51743555576414, 56.17001663122979), (25.242178850493787, 5.165852960452948, 69.59196818905326), (24.162606817499686, 0.57196940683537, 75.26542377224787)]\n",
      "points 14 are: [(0.0, 0.0, 0.0), (20.61221152737008, 62.472731165228424, 16.915057307401497), (24.258887139035924, 42.421514852140284, 33.31959800882379), (23.989849989592464, 18.07986484410314, 57.93028516630439), (22.26788693346171, 5.692615038113758, 72.03949802842452), (21.260734931976348, 0.6347051303588706, 78.1045599366132)]\n",
      "points 15 are: [(0.0, 0.0, 0.0), (0.0, 0.0, 0.0), (18.10032791386232, 48.024802450048554, 33.87486963608914), (20.542831064172056, 19.980272332671824, 59.47689660315613), (19.31157332443238, 6.344248197886515, 74.3441784776811), (18.400840236611785, 0.7149151325325067, 80.88424463065665)]\n"
     ]
    },
    {
     "data": {
