{
 "cells": [
  {
   "cell_type": "markdown",
   "id": "informal-secretariat",
   "metadata": {},
   "source": [
    "## Import libraries"
   ]
  },
  {
   "cell_type": "code",
   "execution_count": 1,
   "id": "environmental-implement",
   "metadata": {},
   "outputs": [],
   "source": [
    "from pyomo.environ import (Constraint,\n",
    "                           Var,\n",
    "                           ConcreteModel,\n",
    "                           Expression,\n",
    "                           Param,\n",
    "                           Objective,\n",
    "                           SolverFactory,\n",
    "                           TransformationFactory,\n",
    "                           value)\n",
    "\n",
    "from pyomo.network import Arc, SequentialDecomposition\n",
    "\n",
    "from idaes.core.util.initialization import propagate_state\n",
    "\n",
    "# Import plotting functions\n",
    "import matplotlib.pyplot as plt\n",
    "\n",
    "# Import numpy library \n",
    "import numpy as np\n",
    "\n",
    "# Import the main FlowsheetBlock from IDAES. The flowsheet block will contain the unit model\n",
    "from idaes.core import FlowsheetBlock\n",
    "\n",
    "import idaes.logger as idaeslog\n",
    "from pyomo.opt import TerminationCondition, SolverStatus\n",
    "\n",
    "# Import the degrees_of_freedom function from the idaes.core.util.model_statistics package\n",
    "# DOF = Number of Model Variables - Number of Model Constraints\n",
    "from idaes.core.util.model_statistics import degrees_of_freedom\n",
    "\n",
    "# Import the Generic Parameter Block\n",
    "from idaes.generic_models.properties.core.generic.generic_property import (\n",
    "        GenericParameterBlock)\n",
    "\n",
    "# Import unit models from the model library\n",
    "from idaes.generic_models.unit_models import Flash\n",
    "\n",
    "# Import R32, R125, IL info file\n",
    "from HFCS_emimTF2N_PR import configuration"
   ]
  },
  {
   "cell_type": "markdown",
   "id": "straight-settlement",
   "metadata": {},
   "source": [
    "## Create Model"
   ]
  },
  {
   "cell_type": "code",
   "execution_count": 2,
   "id": "focal-bible",
   "metadata": {},
   "outputs": [],
   "source": [
    "# Create the ConcreteModel and the FlowsheetBlock, and attach the flowsheet block to it.\n",
    "m = ConcreteModel()\n",
    "\n",
    "m.fs = FlowsheetBlock(default={\"dynamic\": False}) \n",
    "\n",
    "# Add properties parameter blocks to the flowsheet with specifications\n",
    "m.fs.props = GenericParameterBlock(default=configuration)"
   ]
  },
  {
   "cell_type": "code",
   "execution_count": 3,
   "id": "furnished-spirit",
   "metadata": {},
   "outputs": [
    {
     "name": "stdout",
     "output_type": "stream",
     "text": [
      "The initial DOF is 8\n"
     ]
    }
   ],
   "source": [
    "m.fs.F101 = Flash(default={\"property_package\": m.fs.props,\n",
    "                               \"has_heat_transfer\": True,\n",
    "                               \"has_pressure_change\": True})\n",
    "\n",
    "# Call the degrees_of_freedom function, get intitial DOF\n",
    "DOF_initial = degrees_of_freedom(m)\n",
    "print(\"The initial DOF is {0}\".format(DOF_initial))"
   ]
  },
  {
   "cell_type": "code",
   "execution_count": 4,
   "id": "indoor-vienna",
   "metadata": {},
   "outputs": [
    {
     "name": "stdout",
     "output_type": "stream",
     "text": [
      "The final DOF is 0\n"
     ]
    }
   ],
   "source": [
    "## Update conditions to reduce DOF\n",
    "\n",
    "# Fix Heater H101 inlet conditions\n",
    "m.fs.F101.inlet.mole_frac_comp[0, \"R32\"].fix(0.5)\n",
    "m.fs.F101.inlet.mole_frac_comp[0, \"R125\"].fix(0.5)\n",
    "m.fs.F101.inlet.mole_frac_comp[0, \"emimTf2N\"].fix(0.001)\n",
    "\n",
    "m.fs.F101.inlet.flow_mol[0].fix(1)\n",
    "m.fs.F101.inlet.temperature.fix(300)\n",
    "m.fs.F101.inlet.pressure.fix(200000)\n",
    "\n",
    "# Fix F101 Flash outlet conditions\n",
    "m.fs.F101.vap_outlet.temperature.fix(300)\n",
    "m.fs.F101.deltaP.fix(0)\n",
    "\n",
    "DOF_final = degrees_of_freedom(m)\n",
    "print(\"The final DOF is {0}\".format(DOF_final))"
   ]
  },
  {
   "cell_type": "code",
   "execution_count": 5,
   "id": "widespread-bench",
   "metadata": {},
   "outputs": [],
   "source": [
    "solver = SolverFactory('ipopt')\n",
    "solver.options = {'tol': 1e-6}"
   ]
  },
  {
   "cell_type": "markdown",
   "id": "double-acoustic",
   "metadata": {},
   "source": [
    "## Calculate flash data"
   ]
  },
  {
   "cell_type": "code",
   "execution_count": 6,
   "id": "friendly-strap",
   "metadata": {},
   "outputs": [
    {
     "name": "stdout",
     "output_type": "stream",
     "text": [
      "Running pressure: 200000 and HFC feed fraction 0.001\n",
      "Running pressure: 200000 and HFC feed fraction 0.15\n",
      "Running pressure: 200000 and HFC feed fraction 0.2\n",
      "Running pressure: 200000 and HFC feed fraction 0.3\n",
      "Running pressure: 200000 and HFC feed fraction 0.4\n",
      "Running pressure: 200000 and HFC feed fraction 0.5\n",
      "Running pressure: 200000 and HFC feed fraction 0.72\n",
      "Running pressure: 200000 and HFC feed fraction 0.91\n",
      "Running pressure: 200000 and HFC feed fraction 0.99\n",
      "Running pressure: 300000 and HFC feed fraction 0.001\n",
      "Running pressure: 300000 and HFC feed fraction 0.15\n",
      "Running pressure: 300000 and HFC feed fraction 0.2\n",
      "Running pressure: 300000 and HFC feed fraction 0.3\n",
      "Running pressure: 300000 and HFC feed fraction 0.4\n",
      "Running pressure: 300000 and HFC feed fraction 0.5\n",
      "Running pressure: 300000 and HFC feed fraction 0.72\n",
      "Running pressure: 300000 and HFC feed fraction 0.91\n",
      "Running pressure: 300000 and HFC feed fraction 0.99\n",
      "Running pressure: 400000 and HFC feed fraction 0.001\n",
      "Running pressure: 400000 and HFC feed fraction 0.15\n",
      "Running pressure: 400000 and HFC feed fraction 0.2\n",
      "Running pressure: 400000 and HFC feed fraction 0.3\n",
      "Running pressure: 400000 and HFC feed fraction 0.4\n",
      "Running pressure: 400000 and HFC feed fraction 0.5\n",
      "Running pressure: 400000 and HFC feed fraction 0.72\n",
      "Running pressure: 400000 and HFC feed fraction 0.91\n",
      "Running pressure: 400000 and HFC feed fraction 0.99\n",
      "Running pressure: 500000 and HFC feed fraction 0.001\n",
      "Running pressure: 500000 and HFC feed fraction 0.15\n",
      "Running pressure: 500000 and HFC feed fraction 0.2\n",
      "Running pressure: 500000 and HFC feed fraction 0.3\n",
      "Running pressure: 500000 and HFC feed fraction 0.4\n",
      "Running pressure: 500000 and HFC feed fraction 0.5\n",
      "Running pressure: 500000 and HFC feed fraction 0.72\n",
      "Running pressure: 500000 and HFC feed fraction 0.91\n",
      "Running pressure: 500000 and HFC feed fraction 0.99\n",
      "Running pressure: 600000 and HFC feed fraction 0.001\n",
      "Running pressure: 600000 and HFC feed fraction 0.15\n",
      "Running pressure: 600000 and HFC feed fraction 0.2\n",
      "Running pressure: 600000 and HFC feed fraction 0.3\n",
      "Running pressure: 600000 and HFC feed fraction 0.4\n",
      "Running pressure: 600000 and HFC feed fraction 0.5\n",
      "Running pressure: 600000 and HFC feed fraction 0.72\n",
      "Running pressure: 600000 and HFC feed fraction 0.91\n",
      "Running pressure: 600000 and HFC feed fraction 0.99\n",
      "Running pressure: 700000 and HFC feed fraction 0.001\n",
      "Running pressure: 700000 and HFC feed fraction 0.15\n",
      "Running pressure: 700000 and HFC feed fraction 0.2\n",
      "Running pressure: 700000 and HFC feed fraction 0.3\n",
      "Running pressure: 700000 and HFC feed fraction 0.4\n",
      "Running pressure: 700000 and HFC feed fraction 0.5\n",
      "Running pressure: 700000 and HFC feed fraction 0.72\n",
      "Running pressure: 700000 and HFC feed fraction 0.91\n",
      "Running pressure: 700000 and HFC feed fraction 0.99\n",
      "Running pressure: 800000 and HFC feed fraction 0.001\n",
      "Running pressure: 800000 and HFC feed fraction 0.15\n",
      "Running pressure: 800000 and HFC feed fraction 0.2\n",
      "Running pressure: 800000 and HFC feed fraction 0.3\n",
      "Running pressure: 800000 and HFC feed fraction 0.4\n",
      "Running pressure: 800000 and HFC feed fraction 0.5\n",
      "Running pressure: 800000 and HFC feed fraction 0.72\n",
      "Running pressure: 800000 and HFC feed fraction 0.91\n",
      "Running pressure: 800000 and HFC feed fraction 0.99\n",
      "Running pressure: 900000 and HFC feed fraction 0.001\n",
      "Running pressure: 900000 and HFC feed fraction 0.15\n",
      "Running pressure: 900000 and HFC feed fraction 0.2\n",
      "Running pressure: 900000 and HFC feed fraction 0.3\n",
      "Running pressure: 900000 and HFC feed fraction 0.4\n",
      "Running pressure: 900000 and HFC feed fraction 0.5\n",
      "Running pressure: 900000 and HFC feed fraction 0.72\n",
      "Running pressure: 900000 and HFC feed fraction 0.91\n",
      "Running pressure: 900000 and HFC feed fraction 0.99\n",
      "Running pressure: 1000000 and HFC feed fraction 0.001\n",
      "Running pressure: 1000000 and HFC feed fraction 0.15\n",
      "Running pressure: 1000000 and HFC feed fraction 0.2\n",
      "Running pressure: 1000000 and HFC feed fraction 0.3\n",
      "Running pressure: 1000000 and HFC feed fraction 0.4\n",
      "Running pressure: 1000000 and HFC feed fraction 0.5\n",
      "Running pressure: 1000000 and HFC feed fraction 0.72\n",
      "Running pressure: 1000000 and HFC feed fraction 0.91\n",
      "Running pressure: 1000000 and HFC feed fraction 0.99\n",
      "Running pressure: 1100000 and HFC feed fraction 0.001\n",
      "Running pressure: 1100000 and HFC feed fraction 0.15\n",
      "Running pressure: 1100000 and HFC feed fraction 0.2\n",
      "Running pressure: 1100000 and HFC feed fraction 0.3\n",
      "Running pressure: 1100000 and HFC feed fraction 0.4\n",
      "Running pressure: 1100000 and HFC feed fraction 0.5\n",
      "Running pressure: 1100000 and HFC feed fraction 0.72\n",
      "Running pressure: 1100000 and HFC feed fraction 0.91\n",
      "Running pressure: 1100000 and HFC feed fraction 0.99\n",
      "Running pressure: 1200000 and HFC feed fraction 0.001\n",
      "Running pressure: 1200000 and HFC feed fraction 0.15\n",
      "Running pressure: 1200000 and HFC feed fraction 0.2\n",
      "Running pressure: 1200000 and HFC feed fraction 0.3\n",
      "Running pressure: 1200000 and HFC feed fraction 0.4\n",
      "Running pressure: 1200000 and HFC feed fraction 0.5\n",
      "Running pressure: 1200000 and HFC feed fraction 0.72\n",
      "Running pressure: 1200000 and HFC feed fraction 0.91\n",
      "Running pressure: 1200000 and HFC feed fraction 0.99\n",
      "Running pressure: 1300000 and HFC feed fraction 0.001\n",
      "Running pressure: 1300000 and HFC feed fraction 0.15\n",
      "Running pressure: 1300000 and HFC feed fraction 0.2\n",
      "Running pressure: 1300000 and HFC feed fraction 0.3\n",
      "Running pressure: 1300000 and HFC feed fraction 0.4\n",
      "Running pressure: 1300000 and HFC feed fraction 0.5\n",
      "Running pressure: 1300000 and HFC feed fraction 0.72\n",
      "Running pressure: 1300000 and HFC feed fraction 0.91\n",
      "Running pressure: 1300000 and HFC feed fraction 0.99\n",
      "Running pressure: 1400000 and HFC feed fraction 0.001\n",
      "Running pressure: 1400000 and HFC feed fraction 0.15\n",
      "Running pressure: 1400000 and HFC feed fraction 0.2\n",
      "Running pressure: 1400000 and HFC feed fraction 0.3\n",
      "Running pressure: 1400000 and HFC feed fraction 0.4\n",
      "Running pressure: 1400000 and HFC feed fraction 0.5\n",
      "Running pressure: 1400000 and HFC feed fraction 0.72\n",
      "Running pressure: 1400000 and HFC feed fraction 0.91\n",
      "Running pressure: 1400000 and HFC feed fraction 0.99\n",
      "WARNING: Loading a SolverResults object with a warning status into\n",
      "    model.name=\"fs.F101\";\n",
      "      - termination condition: infeasible\n",
      "      - message from solver: Ipopt 3.13.2\\x3a Converged to a locally\n",
      "          infeasible point. Problem may be infeasible.\n",
      "WARNING: Loading a SolverResults object with a warning status into\n",
      "    model.name=\"unknown\";\n",
      "      - termination condition: infeasible\n",
      "      - message from solver: Ipopt 3.13.2\\x3a Converged to a locally\n",
      "          infeasible point. Problem may be infeasible.\n",
      "Infeasible.\n",
      "Running pressure: 1500000 and HFC feed fraction 0.15\n",
      "Running pressure: 1500000 and HFC feed fraction 0.2\n",
      "Running pressure: 1500000 and HFC feed fraction 0.3\n",
      "Running pressure: 1500000 and HFC feed fraction 0.4\n",
      "Running pressure: 1500000 and HFC feed fraction 0.5\n",
      "Running pressure: 1500000 and HFC feed fraction 0.72\n",
      "Running pressure: 1500000 and HFC feed fraction 0.91\n",
      "Running pressure: 1500000 and HFC feed fraction 0.99\n",
      "WARNING: Loading a SolverResults object with a warning status into\n",
      "    model.name=\"fs.F101\";\n",
      "      - termination condition: infeasible\n",
      "      - message from solver: Ipopt 3.13.2\\x3a Converged to a locally\n",
      "          infeasible point. Problem may be infeasible.\n",
      "WARNING: Loading a SolverResults object with a warning status into\n",
      "    model.name=\"unknown\";\n",
      "      - termination condition: infeasible\n",
      "      - message from solver: Ipopt 3.13.2\\x3a Converged to a locally\n",
      "          infeasible point. Problem may be infeasible.\n",
      "Infeasible.\n",
      "WARNING: Loading a SolverResults object with a warning status into\n",
      "    model.name=\"fs.F101\";\n",
      "      - termination condition: infeasible\n",
      "      - message from solver: Ipopt 3.13.2\\x3a Converged to a locally\n",
      "          infeasible point. Problem may be infeasible.\n",
      "WARNING: Loading a SolverResults object with a warning status into\n",
      "    model.name=\"unknown\";\n",
      "      - termination condition: infeasible\n",
      "      - message from solver: Ipopt 3.13.2\\x3a Converged to a locally\n",
      "          infeasible point. Problem may be infeasible.\n",
      "Infeasible.\n",
      "WARNING: Loading a SolverResults object with a warning status into\n",
      "    model.name=\"fs.F101\";\n",
      "      - termination condition: infeasible\n",
      "      - message from solver: Ipopt 3.13.2\\x3a Converged to a locally\n",
      "          infeasible point. Problem may be infeasible.\n"
     ]
    },
    {
     "name": "stdout",
     "output_type": "stream",
     "text": [
      "WARNING: Loading a SolverResults object with a warning status into\n",
      "    model.name=\"unknown\";\n",
      "      - termination condition: infeasible\n",
      "      - message from solver: Ipopt 3.13.2\\x3a Converged to a locally\n",
      "          infeasible point. Problem may be infeasible.\n",
      "Infeasible.\n",
      "Running pressure: 1600000 and HFC feed fraction 0.3\n",
      "Running pressure: 1600000 and HFC feed fraction 0.4\n",
      "Running pressure: 1600000 and HFC feed fraction 0.5\n",
      "Running pressure: 1600000 and HFC feed fraction 0.72\n",
      "Running pressure: 1600000 and HFC feed fraction 0.91\n",
      "Running pressure: 1600000 and HFC feed fraction 0.99\n"
     ]
    }
   ],
   "source": [
    "# Set pressures to loop over\n",
    "P = [200000,300000,400000,500000,600000,700000,800000,900000,1000000,1100000,1200000,1300000,1400000,1500000,1600000]\n",
    "\n",
    "# Set fraction of feed compositions of HFCs to loop over\n",
    "HFC_feed_frac = [0.001,0.15,0.2,0.3,0.4,0.5,0.72,0.91,0.99]\n",
    "\n",
    "# Make outlet arrays\n",
    "IL_x = np.zeros((len(P),len(HFC_feed_frac)))\n",
    "IL_y = np.zeros((len(P),len(HFC_feed_frac)))\n",
    "R32_x = np.zeros((len(P),len(HFC_feed_frac)))\n",
    "R32_y = np.zeros((len(P),len(HFC_feed_frac)))\n",
    "R125_x = np.zeros((len(P),len(HFC_feed_frac)))\n",
    "R125_y = np.zeros((len(P),len(HFC_feed_frac))) \n",
    "\n",
    "for i in range(len(P)):\n",
    "    \n",
    "    # Fix pressure\n",
    "    m.fs.F101.inlet.pressure.fix(P[i])\n",
    "    \n",
    "    for j in range(len(HFC_feed_frac)):\n",
    "        \n",
    "        # Fix inlet mole fractions\n",
    "        fract = 1 - HFC_feed_frac[j] \n",
    "        m.fs.F101.inlet.mole_frac_comp[0, \"R32\"].fix(0.85*HFC_feed_frac[j])\n",
    "        m.fs.F101.inlet.mole_frac_comp[0, \"R125\"].fix(0.85*fract)\n",
    "        m.fs.F101.inlet.mole_frac_comp[0, \"emimTf2N\"].fix(0.15)   \n",
    "\n",
    "        m.fs.F101.initialize(outlvl=idaeslog.CRITICAL)              \n",
    "\n",
    "        # solve the model\n",
    "        status = solver.solve(m, tee = False)\n",
    "        # model.display()\n",
    "        \n",
    "        # If solution is optimal store the concentration, and calculated temperatures in the created arrays\n",
    "        if (status.solver.status == SolverStatus.ok) and (status.solver.termination_condition == TerminationCondition.optimal):\n",
    "\n",
    "            IL_x[i,j] = value(m.fs.F101.liq_outlet.mole_frac_comp[0, \"emimTf2N\"])\n",
    "            IL_y[i,j] = value(m.fs.F101.vap_outlet.mole_frac_comp[0, \"emimTf2N\"])\n",
    "            R32_x[i,j] = value(m.fs.F101.liq_outlet.mole_frac_comp[0, \"R32\"]) \n",
    "            R32_y[i,j] = value(m.fs.F101.vap_outlet.mole_frac_comp[0, \"R32\"])\n",
    "            R125_x[i,j] = value(m.fs.F101.liq_outlet.mole_frac_comp[0, \"R125\"])\n",
    "            R125_y[i,j] = value(m.fs.F101.vap_outlet.mole_frac_comp[0, \"R125\"])\n",
    "\n",
    "            #Change this to feasible\n",
    "            print(\"Running pressure:\",P[i],\"and HFC feed fraction\",HFC_feed_frac[j])\n",
    "#             print(value(m.fs.F101.liq_outlet.flow_mol[0]))\n",
    "#             print(value(m.fs.F101.vap_outlet.flow_mol[0]))\n",
    "        else:\n",
    "            print('Infeasible.')\n",
    "\n",
    "    "
   ]
  },
  {
   "cell_type": "code",
   "execution_count": 7,
   "id": "divided-switch",
   "metadata": {},
   "outputs": [
    {
     "name": "stdout",
     "output_type": "stream",
     "text": [
      "IL_x = [[0.89836582 0.88685897 0.88300193 0.87529439 0.86759554 0.85990532\n",
      "  0.84301694 0.82846413 0.82234543]\n",
      " [0.84850763 0.83290698 0.82767664 0.81722372 0.80678173 0.79635124\n",
      "  0.77344671 0.75371404 0.74541904]\n",
      " [0.79914017 0.78052998 0.77428295 0.76178814 0.74929456 0.73680451\n",
      "  0.70934748 0.68566516 0.67570282]\n",
      " [0.75012432 0.72957923 0.72266275 0.70880242 0.69491142 0.6809958\n",
      "  0.65031742 0.62377038 0.61257995]\n",
      " [0.70128787 0.67988328 0.67263711 0.65806267 0.64339168 0.62863741\n",
      "  0.59593405 0.56745994 0.55541017]\n",
      " [0.6524103  0.63123937 0.62399942 0.60934268 0.59447604 0.57942583\n",
      "  0.5457654  0.51616221 0.50355528]\n",
      " [0.60319764 0.58339976 0.57650449 0.56238745 0.54788384 0.53304253\n",
      "  0.49937856 0.46931952 0.45639808]\n",
      " [0.55323813 0.5360485  0.52984983 0.51690159 0.50330673 0.48915184\n",
      "  0.45634484 0.42639828 0.41335413]\n",
      " [0.50191739 0.48875966 0.48364259 0.47252868 0.46039628 0.44739425\n",
      "  0.41624079 0.38689346 0.3738768 ]\n",
      " [0.44823665 0.44091555 0.43733609 0.42881243 0.41874002 0.40737186\n",
      "  0.378644   0.35032744 0.33745609]\n",
      " [0.39035389 0.391527   0.390095   0.38511846 0.37781443 0.36861918\n",
      "  0.34312169 0.31624325 0.30361153]\n",
      " [0.32405953 0.33876256 0.3404616  0.34045682 0.33688447 0.33054318\n",
      "  0.30920735 0.28419044 0.27187851]\n",
      " [0.23335851 0.27828157 0.28529187 0.29299828 0.29475823 0.29228778\n",
      "  0.27635343 0.25369919 0.24178405]\n",
      " [0.         0.19068078 0.21396632 0.23823343 0.24902872 0.25236972\n",
      "  0.24382659 0.22422983 0.21280203]\n",
      " [0.         0.         0.         0.15045207 0.19228074 0.20733453\n",
      "  0.21043096 0.19505937 0.18425733]]\n",
      "IL_y = [[1.e-08 1.e-08 1.e-08 1.e-08 1.e-08 1.e-08 1.e-08 1.e-08 1.e-08]\n",
      " [1.e-08 1.e-08 1.e-08 1.e-08 1.e-08 1.e-08 1.e-08 1.e-08 1.e-08]\n",
      " [1.e-08 1.e-08 1.e-08 1.e-08 1.e-08 1.e-08 1.e-08 1.e-08 1.e-08]\n",
      " [1.e-08 1.e-08 1.e-08 1.e-08 1.e-08 1.e-08 1.e-08 1.e-08 1.e-08]\n",
      " [1.e-08 1.e-08 1.e-08 1.e-08 1.e-08 1.e-08 1.e-08 1.e-08 1.e-08]\n",
      " [1.e-08 1.e-08 1.e-08 1.e-08 1.e-08 1.e-08 1.e-08 1.e-08 1.e-08]\n",
      " [1.e-08 1.e-08 1.e-08 1.e-08 1.e-08 1.e-08 1.e-08 1.e-08 1.e-08]\n",
      " [1.e-08 1.e-08 1.e-08 1.e-08 1.e-08 1.e-08 1.e-08 1.e-08 1.e-08]\n",
      " [1.e-08 1.e-08 1.e-08 1.e-08 1.e-08 1.e-08 1.e-08 1.e-08 1.e-08]\n",
      " [1.e-08 1.e-08 1.e-08 1.e-08 1.e-08 1.e-08 1.e-08 1.e-08 1.e-08]\n",
      " [1.e-08 1.e-08 1.e-08 1.e-08 1.e-08 1.e-08 1.e-08 1.e-08 1.e-08]\n",
      " [1.e-08 1.e-08 1.e-08 1.e-08 1.e-08 1.e-08 1.e-08 1.e-08 1.e-08]\n",
      " [1.e-08 1.e-08 1.e-08 1.e-08 1.e-08 1.e-08 1.e-08 1.e-08 1.e-08]\n",
      " [0.e+00 1.e-08 1.e-08 1.e-08 1.e-08 1.e-08 1.e-08 1.e-08 1.e-08]\n",
      " [0.e+00 0.e+00 0.e+00 1.e-08 1.e-08 1.e-08 1.e-08 1.e-08 1.e-08]]\n",
      "R32_x = [[1.85195357e-04 2.76225825e-02 3.67605061e-02 5.49331661e-02\n",
      "  7.29695977e-02 9.08714286e-02 1.29789720e-01 1.62896540e-01\n",
      "  1.76699329e-01]\n",
      " [2.70173960e-04 4.01869545e-02 5.34322338e-02 7.97003564e-02\n",
      "  1.05675413e-01 1.31361681e-01 1.86876543e-01 2.33750367e-01\n",
      "  2.53198141e-01]\n",
      " [3.50060093e-04 5.19324497e-02 6.89880508e-02 1.02722779e-01\n",
      "  1.35962801e-01 1.68717081e-01 2.39113042e-01 2.98135395e-01\n",
      "  3.22514001e-01]\n",
      " [4.24829496e-04 6.28683219e-02 8.34461559e-02 1.24045560e-01\n",
      "  1.63916241e-01 2.03074458e-01 2.86800804e-01 3.56557571e-01\n",
      "  3.85258713e-01]\n",
      " [4.94439556e-04 7.30031237e-02 9.68245497e-02 1.43715418e-01\n",
      "  1.89624345e-01 2.34577755e-01 3.30255565e-01 4.09543096e-01\n",
      "  4.42067190e-01]\n",
      " [5.58822896e-04 8.23438995e-02 1.09139997e-01 1.61778983e-01\n",
      "  2.13177077e-01 2.63373509e-01 3.69795930e-01 4.57617745e-01\n",
      "  4.93572007e-01]\n",
      " [6.17871700e-04 9.08950306e-02 1.20406609e-01 1.78280734e-01\n",
      "  2.34662701e-01 2.89606295e-01 4.05733460e-01 5.01290509e-01\n",
      "  5.40384381e-01]\n",
      " [6.71421381e-04 9.86565074e-02 1.30633818e-01 1.93260394e-01\n",
      "  2.54164374e-01 3.13414189e-01 4.38364514e-01 5.41042127e-01\n",
      "  5.83082170e-01]\n",
      " [7.19213946e-04 1.05621187e-01 1.39823312e-01 2.06749408e-01\n",
      "  2.71756145e-01 3.34924123e-01 4.67963794e-01 5.77318218e-01\n",
      "  6.22204523e-01]\n",
      " [7.60832815e-04 1.11770118e-01 1.47964008e-01 2.18765765e-01\n",
      "  2.87497807e-01 3.54246724e-01 4.94779259e-01 6.10526292e-01\n",
      "  6.58252431e-01]\n",
      " [7.95566041e-04 1.17063814e-01 1.55023069e-01 2.29305565e-01\n",
      "  3.01427417e-01 3.71469779e-01 5.19027716e-01 6.41035798e-01\n",
      "  6.91694719e-01]\n",
      " [8.22082493e-04 1.21424127e-01 1.60927985e-01 2.38327592e-01\n",
      "  3.13548865e-01 3.86648479e-01 5.40890025e-01 6.69180432e-01\n",
      "  7.22979974e-01]\n",
      " [8.37908551e-04 1.24692660e-01 1.65526673e-01 2.45721478e-01\n",
      "  3.23808222e-01 3.99788324e-01 5.60504111e-01 6.95262306e-01\n",
      "  7.52557137e-01]\n",
      " [0.00000000e+00 1.26661261e-01 1.68525282e-01 2.51237316e-01\n",
      "  3.32042706e-01 4.10810440e-01 5.77952231e-01 7.19558175e-01\n",
      "  7.80912757e-01]\n",
      " [0.00000000e+00 0.00000000e+00 0.00000000e+00 2.54980806e-01\n",
      "  3.37889929e-01 4.19474460e-01 5.93234306e-01 7.42329839e-01\n",
      "  8.08648440e-01]]\n",
      "R32_y = [[9.83251271e-04 1.47831723e-01 1.97265854e-01 2.96376337e-01\n",
      "  3.95817739e-01 4.95599958e-01 7.16371968e-01 9.08496847e-01\n",
      "  9.89816766e-01]\n",
      " [9.74513895e-04 1.46678244e-01 1.95801635e-01 2.94409490e-01\n",
      "  3.93516544e-01 4.93145221e-01 7.14283833e-01 9.07607276e-01\n",
      "  9.89707017e-01]\n",
      " [9.65523564e-04 1.45477151e-01 1.94270713e-01 2.92335773e-01\n",
      "  3.91069343e-01 4.90511490e-01 7.11996952e-01 9.06614296e-01\n",
      "  9.89583475e-01]\n",
      " [9.56270606e-04 1.44227224e-01 1.92671418e-01 2.90152256e-01\n",
      "  3.88471298e-01 4.87691327e-01 7.09497863e-01 9.05507755e-01\n",
      "  9.89444573e-01]\n",
      " [9.46744495e-04 1.42927042e-01 1.91001795e-01 2.87855568e-01\n",
      "  3.85716921e-01 4.84676357e-01 7.06771110e-01 9.04275507e-01\n",
      "  9.89288402e-01]\n",
      " [9.36934057e-04 1.41574940e-01 1.89259518e-01 2.85441657e-01\n",
      "  3.82799693e-01 4.81456719e-01 7.03798350e-01 9.02902589e-01\n",
      "  9.89112555e-01]\n",
      " [9.26830156e-04 1.40169009e-01 1.87441806e-01 2.82905529e-01\n",
      "  3.79711577e-01 4.78020368e-01 7.00557183e-01 9.01370114e-01\n",
      "  9.88913924e-01]\n",
      " [9.16429216e-04 1.38707203e-01 1.85545426e-01 2.80240940e-01\n",
      "  3.76442396e-01 4.74352148e-01 6.97019623e-01 8.99653753e-01\n",
      "  9.88688406e-01]\n",
      " [9.05745777e-04 1.37187759e-01 1.83566923e-01 2.77440141e-01\n",
      "  3.72979063e-01 4.70432559e-01 6.93149965e-01 8.97721529e-01\n",
      "  9.88430460e-01]\n",
      " [8.94847197e-04 1.35610540e-01 1.81503597e-01 2.74493877e-01\n",
      "  3.69304637e-01 4.66236021e-01 6.88901696e-01 8.95530493e-01\n",
      "  9.88132398e-01]\n",
      " [8.83971133e-04 1.33981378e-01 1.79356878e-01 2.71392440e-01\n",
      "  3.65397371e-01 4.61728402e-01 6.84212720e-01 8.93021428e-01\n",
      "  9.87783241e-01]\n",
      " [8.74058586e-04 1.32328187e-01 1.77144759e-01 2.68130857e-01\n",
      "  3.61230605e-01 4.56863447e-01 6.78997510e-01 8.90109913e-01\n",
      "  9.87366602e-01]\n",
      " [8.71758034e-04 1.30782631e-01 1.74959641e-01 2.64732833e-01\n",
      "  3.56778091e-01 4.51578188e-01 6.73133151e-01 8.86670162e-01\n",
      "  9.86856728e-01]\n",
      " [0.00000000e+00 1.30592637e-01 1.73458191e-01 2.61396698e-01\n",
      "  3.52053010e-01 4.45791636e-01 6.66431963e-01 8.82502989e-01\n",
      "  9.86210076e-01]\n",
      " [0.00000000e+00 0.00000000e+00 0.00000000e+00 2.61368627e-01\n",
      "  3.47485931e-01 4.39456053e-01 6.58579670e-01 8.77263645e-01\n",
      "  9.85344661e-01]]\n",
      "R125_x = [[0.10144898 0.08551845 0.08023756 0.06977244 0.05943487 0.04922325\n",
      "  0.02719334 0.00863933 0.00095524]\n",
      " [0.1512222  0.12690606 0.11889113 0.10307593 0.08754286 0.07228708\n",
      "  0.03967675 0.0125356  0.00138282]\n",
      " [0.20050977 0.16753757 0.156729   0.13548908 0.11474263 0.09447841\n",
      "  0.05153947 0.01619944 0.00178318]\n",
      " [0.24945085 0.20755244 0.19389109 0.16715202 0.14117233 0.11592974\n",
      "  0.06288177 0.01967205 0.00216134]\n",
      " [0.29821769 0.2471136  0.23053834 0.19822191 0.16698397 0.13678483\n",
      "  0.07381038 0.02299696 0.00252264]\n",
      " [0.34703088 0.28641673 0.26686058 0.22887833 0.19234688 0.15720066\n",
      "  0.08443867 0.02622004 0.00287271]\n",
      " [0.39618449 0.32570521 0.3030889  0.25933182 0.21745346 0.17735117\n",
      "  0.09488798 0.02938997 0.00321754]\n",
      " [0.44609045 0.36529499 0.33951636 0.28983802 0.24252889 0.19743397\n",
      "  0.10529064 0.03255959 0.0035637 ]\n",
      " [0.4973634  0.40561915 0.3765341  0.32072192 0.26784758 0.21768163\n",
      "  0.11579541 0.03578833 0.00391867]\n",
      " [0.55100252 0.44731433 0.4146999  0.3524218  0.29376217 0.23838142\n",
      "  0.12657674 0.03914627 0.00429148]\n",
      " [0.60885054 0.49140918 0.45488193 0.38557597 0.32075815 0.25991104\n",
      "  0.13785059 0.04272095 0.00469375]\n",
      " [0.67511839 0.53981331 0.49861041 0.42121559 0.34956667 0.28280834\n",
      "  0.14990262 0.04662913 0.00514152]\n",
      " [0.76580358 0.59702577 0.54918146 0.46128024 0.38143355 0.30792389\n",
      "  0.16314246 0.0510385  0.00565882]\n",
      " [0.         0.68265796 0.6175084  0.51052925 0.41892858 0.33681984\n",
      "  0.17822118 0.05621199 0.00628521]\n",
      " [0.         0.         0.         0.59456713 0.46982933 0.37319101\n",
      "  0.19633473 0.06261079 0.00709423]]\n",
      "R125_y = [[0.99901675 0.85216828 0.80273415 0.70362366 0.60418226 0.50440004\n",
      "  0.28362803 0.09150315 0.01018323]\n",
      " [0.99902549 0.85332176 0.80419837 0.70559051 0.60648346 0.50685478\n",
      "  0.28571617 0.09239272 0.01029298]\n",
      " [0.99903448 0.85452285 0.80572929 0.70766423 0.60893066 0.50948851\n",
      "  0.28800305 0.0933857  0.01041653]\n",
      " [0.99904373 0.85577278 0.80732858 0.70984774 0.6115287  0.51230867\n",
      "  0.29050214 0.09449225 0.01055543]\n",
      " [0.99905326 0.85707296 0.8089982  0.71214443 0.61428308 0.51532364\n",
      "  0.29322889 0.09572449 0.0107116 ]\n",
      " [0.99906307 0.85842506 0.81074048 0.71455834 0.61720031 0.51854328\n",
      "  0.29620165 0.09709741 0.01088745]\n",
      " [0.99907317 0.85983099 0.81255819 0.71709447 0.62028842 0.52197963\n",
      "  0.29944282 0.09862989 0.01108608]\n",
      " [0.99908357 0.8612928  0.81445457 0.71975906 0.6235576  0.52564785\n",
      "  0.30298038 0.10034625 0.01131159]\n",
      " [0.99909425 0.86281224 0.81643308 0.72255986 0.62702094 0.52956744\n",
      "  0.30685004 0.10227847 0.01156954]\n",
      " [0.99910515 0.86438946 0.8184964  0.72550612 0.63069536 0.53376398\n",
      "  0.3110983  0.10446951 0.0118676 ]\n",
      " [0.99911603 0.86601862 0.82064312 0.72860756 0.63460263 0.5382716\n",
      "  0.31578728 0.10697857 0.01221676]\n",
      " [0.99912594 0.86767181 0.82285524 0.73186914 0.6387694  0.54313655\n",
      "  0.32100249 0.10989009 0.0126334 ]\n",
      " [0.99912824 0.86921737 0.82504036 0.73526717 0.64322191 0.54842181\n",
      "  0.32686685 0.11332984 0.01314327]\n",
      " [0.         0.86940736 0.82654181 0.7386033  0.64794699 0.55420836\n",
      "  0.33356804 0.11749701 0.01378992]\n",
      " [0.         0.         0.         0.73863137 0.65251407 0.56054395\n",
      "  0.34142033 0.12273635 0.01465534]]\n"
     ]
    }
   ],
   "source": [
    "print(\"IL_x =\", IL_x)\n",
    "print(\"IL_y =\", IL_y)\n",
    "print(\"R32_x =\", R32_x)\n",
    "print(\"R32_y =\", R32_y)\n",
    "print(\"R125_x =\", R125_x)\n",
    "print(\"R125_y =\", R125_y)"
   ]
  },
  {
   "cell_type": "code",
   "execution_count": 8,
   "id": "ordinary-graphics",
   "metadata": {},
   "outputs": [],
   "source": [
    "IL_x = IL_x*100\n",
    "IL_y = IL_y*100\n",
    "R32_x = R32_x*100\n",
    "R32_y = R32_y*100\n",
    "R125_x = R125_x*100\n",
    "R125_y = R125_y*100"
   ]
  },
  {
   "cell_type": "code",
   "execution_count": 9,
   "id": "median-hobby",
   "metadata": {},
   "outputs": [],
   "source": [
    "points_x = []\n",
    "\n",
    "for i in range(len(P)):\n",
    "    for j in range(len(HFC_feed_frac)): #to shift how points are printed, shift the order\n",
    "        points = (IL_x[i,j], R125_x[i,j], R32_x[i,j])\n",
    "        points_x.append(points)"
   ]
  },
  {
   "cell_type": "code",
   "execution_count": 10,
   "id": "important-banner",
   "metadata": {},
   "outputs": [
    {
     "name": "stdout",
     "output_type": "stream",
     "text": [
      "points 1 are: [(89.83658201628865, 10.144898448018123, 0.018519535693228315), (88.68589664033564, 8.551845113493584, 2.7622582461707865), (88.30019344118189, 8.023755953100146, 3.6760506057179656), (87.52943947562606, 6.977243914592855, 5.4933166097810675), (86.75955368846576, 5.943486542137465, 7.296959769396781), (85.990532181788, 4.922324956680129, 9.087142861531877), (84.30169394338691, 2.719334036709841, 12.978972019903262), (82.84641339166963, 0.8639325856354243, 16.289654022690783), (82.23454348873241, 0.09552356981252869, 17.669932941455052)]\n",
      "points 2 are: [(84.85076308173859, 15.122219522303523, 0.027017395957881128), (83.29069826185834, 12.690606286924991, 4.018695451216668), (82.76766351176936, 11.889113112331277, 5.343223375899362), (81.722371652851, 10.307592705418761, 7.970035641730249), (80.67817275906228, 8.754285944837001, 10.567541296100714), (79.63512407726, 7.228707871994468, 13.136168050745534), (77.34467059482057, 3.9676751337666833, 18.68765427141275), (75.37140376401348, 1.253559576988034, 23.37503665899849), (74.5419035580457, 0.13828238158407338, 25.319814060370238)]\n",
      "points 3 are: [(79.91401695826951, 20.05097703247172, 0.03500600925877179), (78.052997591925, 16.753757435335054, 5.193244972739957), (77.428294506927, 15.672900409965445, 6.898805083107574), (76.17881432004559, 13.54890776523629, 10.272277914718106), (74.92945640855673, 11.47426345090256, 13.596280140540706), (73.68045095586511, 9.447840970936893, 16.871708073198), (70.93474844021816, 5.153947407828977, 23.911304151952866), (68.56651619144328, 1.6199443350702558, 29.813539473486433), (67.57028163203155, 0.178318259616668, 32.25140010835179)]\n",
      "points 4 are: [(75.01243231838988, 24.94508473201955, 0.04248294959055023), (72.9579234458308, 20.75524436152175, 6.2868321926474655), (72.26627538767991, 19.389109025416932, 8.344615586903164), (70.88024236265157, 16.715201672504644, 12.40455596484377), (69.49114249404273, 14.117233384043534, 16.39162412191374), (68.09957986942527, 11.592974366066864, 20.307445764507847), (65.03174237569185, 6.2881772302655445, 28.680080394042612), (62.37703818729955, 1.9672047372532475, 35.6557570754472), (61.257994977300235, 0.21613372491876584, 38.52587129778101)]\n",
      "points 5 are: [(70.12878723001033, 29.821768814399363, 0.049443955590299016), (67.98832809517155, 24.711359532490615, 7.300312372337841), (67.26371069914808, 23.053834335047497, 9.682454965804418), (65.80626679404187, 19.822191416950833, 14.3715417890073), (64.3391680305065, 16.698397472688203, 18.9624344968053), (62.86374105930391, 13.678483443208464, 23.45777549748762), (59.59340530876322, 7.3810381517488795, 33.0255565394879), (56.74599415164718, 2.299696221835432, 40.95430962651737), (55.541017329718535, 0.25226371809520737, 44.206718952186264)]\n",
      "points 6 are: [(65.24102978901098, 34.703087921399195, 0.055882289589838936), (63.12393678383151, 28.64167326814507, 8.234389948023416), (62.39994247410742, 26.68605783477603, 10.913999691116546), (60.93426834252734, 22.887833363416952, 16.177898294055705), (59.44760431930748, 19.234687947152832, 21.3177077335397), (57.942583409526925, 15.720065670488637, 26.33735091998442), (54.57653996310735, 8.443867071717655, 36.979592965175016), (51.616221340038734, 2.622004195131819, 45.761774464829436), (50.35552847865853, 0.2872707935797251, 49.35720072776177)]\n",
      "points 7 are: [(60.319763502645806, 39.618449327309285, 0.06178717004489876), (58.339975640464246, 32.57052129724729, 9.089503062288468), (57.65044867564384, 30.308890464382266, 12.040660859973912), (56.23874491563474, 25.933181649042776, 17.82807343532249), (54.78838399096643, 21.745345876291157, 23.46627013274241), (53.30425300854868, 17.735117484620723, 28.9606295068306), (49.9378557017456, 9.488798285197918, 40.573346013056494), (46.931952127228165, 2.938997000146097, 50.12905087262571), (45.63980758106669, 0.3217542874405253, 54.038438131492796)]\n",
      "points 8 are: [(55.32381310207768, 44.609044759772836, 0.06714213814946701), (53.604850147863104, 36.52949910853525, 9.865650743601654), (52.984982543434946, 33.9516356455206, 13.063381811044456), (51.69015894728545, 28.983801629549706, 19.326039423164833), (50.33067343744991, 24.25288918888028, 25.416437373669797), (48.91518364642217, 19.743397437339897, 31.341418916237924), (45.63448416329419, 10.529064466086153, 43.83645137061966), (42.63982843458119, 3.255958860041494, 54.10421270537732), (41.33541302735529, 0.35636999515751827, 58.30821697748719)]\n",
      "points 9 are: [(50.19173885095461, 49.73633975446701, 0.07192139457838448), (48.875966167767636, 40.56191510299906, 10.562118729233326), (48.36425926465839, 37.653409564128914, 13.982331171212707), (47.252867567115956, 32.072191667533374, 20.67494076535066), (46.03962778207042, 26.784757763483093, 27.175614454446485), (44.73942485846125, 21.76816287611798, 33.492412265420754), (41.62407930334168, 11.579541336824752, 46.79637935983356), (38.68934562657938, 3.578832621688164, 57.73182175173244), (37.38768026360684, 0.3918674313458422, 62.22045230504734)]\n",
      "points 10 are: [(44.823664805487816, 55.10025191297798, 0.0760832815341936), (44.09155477824408, 44.73143344198298, 11.177011779772945), (43.73360945371905, 41.46998973111876, 14.796400815162206), (42.881243300448105, 35.24218015659832, 21.876576542953575), (41.874002375088615, 29.376216929179705, 28.74978069573168), (40.7371859443774, 23.838141694736965, 35.42467236088562), (37.86439987175561, 12.657674247952771, 49.477925880291615), (35.032743846977574, 3.914626914186244, 61.052629238836175), (33.745608545716095, 0.4291483812702079, 65.82524307301371)]\n",
      "points 11 are: [(39.035389107854556, 60.88505428808866, 0.07955660405677124), (39.1527004007233, 49.14091818600889, 11.706381413267836), (39.009500480920536, 45.48819258445172, 15.502306934627747), (38.51184598907074, 38.55759748123347, 22.930556529695775), (37.78144299474983, 32.07581533773154, 30.142741667518642), (36.861918242286585, 25.991103893768436, 37.146977863944976), (34.31216906292601, 13.785059353388421, 51.90277158368558), (31.62432473213506, 4.272095475055356, 64.10357979280957), (30.361152792377016, 0.4693753491479661, 69.16947185847502)]\n",
      "points 12 are: [(32.405952518165066, 67.51183923257057, 0.08220824926436199), (33.87625632289971, 53.98133093808541, 12.142412739014896), (34.046160216744354, 49.86104131754679, 16.092798465708864), (34.04568232713835, 42.121558511209706, 23.832759161651946), (33.688446765861144, 34.95666677243266, 31.354886461706187), (33.05431844236871, 28.2808336575687, 38.6648479000626), (30.92073546906719, 14.990262077300981, 54.08900245363183), (28.419043736854494, 4.662913064988874, 66.91804319815662), (27.18785091120083, 0.514151725817758, 72.29799736298142)]\n",
      "points 13 are: [(23.335851001927903, 76.58035814294635, 0.08379085512573395), (27.828156513341767, 59.70257747243627, 12.469266014221972), (28.529186985136253, 54.918145724412184, 16.552667290451577), (29.299827850617916, 46.12802435638501, 24.572147792997068), (29.475822554193805, 38.14335522952897, 32.380822216277224), (29.228778377733533, 30.79238927071126, 39.9788323515552), (27.635343083748786, 16.314245806983163, 56.05041110926805), (25.3699189555847, 5.103850450842755, 69.52623059357254), (24.17840450284006, 0.5658818051821587, 75.25571368816881)]\n",
      "points 14 are: [(0.0, 0.0, 0.0), (19.06807835221766, 68.26579558723961, 12.666126060542734), (21.396631856974537, 61.75083996472765, 16.852528178297817), (23.82334336307613, 51.05292508112439, 25.123731555799477), (24.9028715258462, 41.89285787596607, 33.204270598187726), (25.23697174728622, 33.68198421297257, 41.08104403974121), (24.382658665609757, 17.822118216894314, 57.79522311749593), (22.422983451580762, 5.621199091694969, 71.95581745672426), (21.280202912991257, 0.628521390747464, 78.09127569506451)]\n",
