[{"model_name": "125_SRK_polyTdep", "0": [[613292326454.7571, 87752287794.2452, 1599383555615.717, 183604718735.75632, 1401317964696.0662, 122359190085.30754, -3052532237336695.5, 3031581789914157.0], [87752287794.2452, 12555943847.590437, 228846114669.47357, 26270888161.96056, 200506107813.3783, 17507636080.668877, -436768366140223.56, 433770693395370.75], [1599383555615.717, 228846114669.47357, 4170976298955.341, 478816308654.8591, 3654447988742.465, 319096241807.18555, -7960591797398469.0, 7905955860105568.0], [183604718735.75632, 26270888161.96056, 478816308654.8591, 54966761017.38742, 419520316281.6094, 36631348072.15812, -913853473608361.2, 907581422189359.6], [1401317964696.0662, 200506107813.3783, 3654447988742.465, 419520316281.6094, 3201885876399.903, 279579775933.9016, -6974762405264410.0, 6926892511780932.0], [122359190085.30754, 17507636080.668877, 319096241807.18555, 36631348072.15812, 279579775933.9016, 24412129016.645863, -609016868723798.5, 604837002666505.4], [-3052532237336695.5, -436768366140223.56, -7960591797398469.0, -913853473608361.2, -6974762405264410.0, -609016868723798.5, 1.5193330583220922e+19, -1.508905418290525e+19], [3031581789914157.0, 433770693395370.75, 7905955860105568.0, 907581422189359.6, 6926892511780932.0, 604837002666505.4, -1.508905418290525e+19, 1.4985493462907546e+19]], "1": [[73077077744986.5, -12108077870557.297, 199009642841532.84, -27157672989992.25, 182233877739804.7, -19716624938340.734, 1.0651449489467928e+17, -1.0571783530534755e+17], [-12108077870557.297, 2006176960593.3276, -32973735771507.215, 4499731372585.108, -30194173746617.164, 3266830550218.325, -1.7648294627056758e+16, 1.751629678804059e+16], [199009642841532.84, -32973735771507.215, 541959793221638.2, -73958058654258.23, 496274619097151.3, -53693970915371.52, 2.900692288272386e+17, -2.878996984460095e+17], [-27157672989992.25, 4499731372585.108, -73958058654258.23, 10092620353609.498, -67723672211227.34, 7327299737002.949, -3.958403798162759e+16, 3.928797495777609e+16], [182233877739804.7, -30194173746617.164, 496274619097151.3, -67723672211227.34, 454440533486773.3, -49167770925290.88, 2.6561748278837962e+17, -2.6363083566615693e+17], [-19716624938340.734, 3266830550218.325, -53693970915371.52, 7327299737002.949, -49167770925290.88, 5319661252955.204, -2.873823654612789e+16, 2.8523293108170508e+16], [1.0651449489467928e+17, -1.7648294627056758e+16, 2.900692288272386e+17, -3.958403798162759e+16, 2.6561748278837962e+17, -2.873823654612789e+16, 1.552516599289852e+20, -1.5409047784044043e+20], [-1.0571783530534755e+17, 1.751629678804059e+16, -2.878996984460095e+17, 3.928797495777609e+16, -2.6363083566615693e+17, 2.8523293108170508e+16, -1.5409047784044043e+20, 1.5293798064353142e+20]], "2": [[243588050063975.38, -29864381467953.723, 657113474284757.5, -69791082427762.73, 596140868103313.1, -52991750222931.08, 6.536600144150043e+16, -6.474222021463854e+16], [-29864381467953.723, 3661432817534.424, -80563424431610.34, 8556526102724.255, -73088061130250.83, 6496894420298.919, -8014002335381735.0, 7937525511060267.0], [657113474284757.5, -80563424431610.34, 1772657229996209.8, -188271389487933.9, 1608174936741009.8, -142952797102628.22, 1.763341029908724e+17, -1.7465136424786275e+17], [-69791082427762.73, 8556526102724.255, -188271389487933.9, 19996035048351.17, -170801960331917.94, 15182812156953.803, -1.872819291988614e+16, 1.8549471644317096e+16], [596140868103313.1, -73088061130250.83, 1608174936741009.8, -170801960331917.94, 1458954716906821.5, -129688414402575.2, 1.5997231733471408e+17, -1.5844571747897267e+17], [-52991750222931.08, 6496894420298.919, -142952797102628.22, 15182812156953.803, -129688414402575.2, 11528174682427.963, -1.4220150867622628e+16, 1.4084449387361436e+16], [6.536600144150043e+16, -8014002335381735.0, 1.763341029908724e+17, -1.872819291988614e+16, 1.5997231733471408e+17, -1.4220150867622628e+16, 1.754073791110878e+19, -1.737334840015565e+19], [-6.474222021463854e+16, 7937525511060267.0, -1.7465136424786275e+17, 1.8549471644317096e+16, -1.5844571747897267e+17, 1.4084449387361436e+16, -1.737334840015565e+19, 1.7207556270596571e+19]], "3": [[6.304593185112689e+16, -1.0690909953674208e+16, 4.3435128257247763e+17, 3.1575536010477286e+17, 6.653071462859238e+17, 5.468178059459242e+17, 9.56579514069259e+18, -8.990864758466687e+18], [-1.0690909953674208e+16, 1812893429943447.5, -7.365440265377344e+16, -5.3543694623172776e+16, -1.1281836248014205e+17, -9.272572793813154e+16, -1.6221039404402248e+18, 1.5246110687269046e+18], [4.3435128257247763e+17, -7.365440265377344e+16, 2.9924379120583045e+18, 2.175378198303071e+18, 4.583594909443167e+18, 3.7672694870610447e+18, 6.590298955365723e+19, -6.194204010652422e+19], [3.1575536010477286e+17, -5.3543694623172776e+16, 2.175378198303071e+18, 1.5814096882622682e+18, 3.332083314302472e+18, 2.738648603622328e+18, 4.790873892498248e+19, -4.502929302665573e+19], [6.653071462859238e+17, -1.1281836248014205e+17, 4.583594909443167e+18, 3.332083314302472e+18, 7.020811429107428e+18, 5.770424567143746e+18, 1.0094532161151951e+20, -9.487823241669219e+19], [5.468178059459242e+17, -9.272572793813154e+16, 3.7672694870610447e+18, 2.738648603622328e+18, 5.770424567143746e+18, 4.742728105051713e+18, 8.296724241166421e+19, -7.79806848186575e+19], [9.56579514069259e+18, -1.6221039404402248e+18, 6.590298955365723e+19, 4.790873892498248e+19, 1.0094532161151951e+20, 8.296724241166421e+19, 1.451393198371172e+21, -1.3641605079333544e+21], [-8.990864758466687e+18, 1.5246110687269046e+18, -6.194204010652422e+19, -4.502929302665573e+19, -9.487823241669219e+19, -7.79806848186575e+19, -1.3641605079333544e+21, 1.2821707401505142e+21]], "4": [[106842418483371.02, -24945334539264.94, 288232291214531.9, -58796003505609.64, 261496314309499.75, -45040742175621.5, 2.011195034477894e+16, -1.9903572365614612e+16], [-24945334539264.94, 5824182231261.404, -67295845895555.01, 13727562496608.05, -61053588395235.59, 10516014120763.55, -4695694244937746.0, 4647042609429522.0], [288232291214531.9, -67295845895555.01, 777573691030861.2, -158615904106636.6, 705447170585279.9, -121507885159890.28, 5.42566670705864e+16, -5.369451897223971e+16], [-58796003505609.64, 13727562496608.05, -158615904106636.6, 32355782256742.016, -143902940714865.12, 24786182046836.3, -1.106772309876451e+16, 1.0953051486427838e+16], [261496314309499.75, -61053588395235.59, 705447170585279.9, -143902940714865.12, 640010993462258.8, -110237003615961.67, 4.9223903421410376e+16, -4.871389930218301e+16], [-45040742175621.5, 10516014120763.55, -121507885159890.28, 24786182046836.3, -110237003615961.67, 18987481606348.62, -8478441268802596.0, 8390596955955277.0], [2.011195034477894e+16, -4695694244937746.0, 5.42566670705864e+16, -1.106772309876451e+16, 4.9223903421410376e+16, -8478441268802596.0, 3.7858610130002693e+18, -3.7466360719198633e+18], [-1.9903572365614612e+16, 4647042609429522.0, -5.369451897223971e+16, 1.0953051486427838e+16, -4.871389930218301e+16, 8390596955955277.0, -3.7466360719198633e+18, 3.7078175366735534e+18]], "5": [[135603897378664.22, -35705073388335.78, 365117803053457.4, -84961665220397.77, 330613986932262.25, -65718921556530.914, 7912069420730212.0, -7773748862803744.0], [-35705073388335.78, 9401295171528.219, -96137044770977.1, 22370761833035.746, -87052045662546.23, 17304066937145.527, -2083280973347806.0, 2046860591873894.5], [365117803053457.4, -96137044770977.1, 983091287813961.6, -228761983605906.2, 890188666409561.0, -176950284775063.12, 2.1303498353270656e+16, -2.0931065855359376e+16], [-84961665220397.77, 22370761833035.746, -228761983605906.2, 53232131941354.484, -207143861038756.56, 41175726655848.15, -4957251276100812.0, 4870587506380162.0], [330613986932262.25, -87052045662546.23, 890188666409561.0, -207143861038756.56, 806065389477840.5, -160228393819836.3, 1.929030703865318e+16, -1.8953069599208024e+16], [-65718921556530.914, 17304066937145.527, -176950284775063.12, 41175726655848.15, -160228393819836.3, 31849944832286.266, -3834496497979030.5, 3767460977085105.0], [7912069420730212.0, -2083280973347806.0, 2.1303498353270656e+16, -4957251276100812.0, 1.929030703865318e+16, -3834496497979030.5, 4.616448621948211e+17, -4.5357428400507846e+17], [-7773748862803744.0, 2046860591873894.5, -2.0931065855359376e+16, 4870587506380162.0, -1.8953069599208024e+16, 3767460977085105.0, -4.5357428400507846e+17, 4.456447974588279e+17]], "6": [[144651083361621.0, -53884825388829.195, 389707737488007.5, -128114586838454.42, 353088071565738.9, -99015154633576.72, 1.112848037905478e+16, -1.0968905166050056e+16], [-53884825388829.195, 20072953065452.06, -145172320173500.6, 47724717859829.99, -131530913153508.33, 36884717309305.695, -4145535644342640.5, 4086091343689541.0], [389707737488007.5, -145172320173500.6, 1049920381711546.0, -345156390230477.1, 951262516022028.4, -266758955360263.3, 2.9981489314941296e+16, -2.9551574144076164e+16], [-128114586838454.42, 47724717859829.99, -345156390230477.1, 113468540845665.64, -312723080636347.7, 87695752647173.27, -9856273681256946.0, 9714941089694880.0], [353088071565738.9, -131530913153508.33, 951262516022028.4, -312723080636347.7, 861875233732886.4, -241692417318105.94, 2.716421878897694e+16, -2.677470145581828e+16], [-99015154633576.72, 36884717309305.695, -266758955360263.3, 87695752647173.27, -241692417318105.94, 67776891947650.055, -7617559301745179.0, 7508328426841543.0], [1.112848037905478e+16, -4145535644342640.5, 2.9981489314941296e+16, -9856273681256946.0, 2.716421878897694e+16, -7617559301745179.0, 8.56150349302295e+17, -8.438737068766931e+17], [-1.0968905166050056e+16, 4086091343689541.0, -2.9551574144076164e+16, 9714941089694880.0, -2.677470145581828e+16, 7508328426841543.0, -8.438737068766931e+17, 8.317731035654464e+17]], "7": [[127442511965266.94, -68890468470070.07, 343526076299816.1, -163817332697127.72, 311408812927950.1, -126628725852330.42, 1.0717778752041636e+16, -1.058019527688251e+16], [-68890468470070.07, 37239509586245.13, -185696844506872.12, 88553282723257.84, -168335500277660.1, 68450567328056.22, -5793614609447915.0, 5719242330439199.0], [343526076299816.1, -185696844506872.12, 925987437615083.0, -441575771408861.8, 839414148235539.9, -341332485275805.6, 2.8890175064517304e+16, -2.851931364114871e+16], [-163817332697127.72, 88553282723257.84, -441575771408861.8, 210574305843212.78, -400291553623322.75, 162771274609042.03, -1.377686221436002e+16, 1.360000947051335e+16], [311408812927950.1, -168335500277660.1, 839414148235539.9, -400291553623322.75, 760934850339615.2, -309420307181328.6, 2.6189147615885988e+16, -2.5852959117894972e+16], [-126628725852330.42, 68450567328056.22, -341332485275805.6, 162771274609042.03, -309420307181328.6, 125820136183087.58, -1.0649340211593574e+16, 1.0512635277823248e+16], [1.0717778752041636e+16, -5793614609447915.0, 2.8890175064517304e+16, -1.377686221436002e+16, 2.6189147615885988e+16, -1.0649340211593574e+16, 9.013537131865537e+17, -8.897830902919391e+17], [-1.058019527688251e+16, 5719242330439199.0, -2.851931364114871e+16, 1.360000947051335e+16, -2.5852959117894972e+16, 1.0512635277823248e+16, -8.897830902919391e+17, 8.783609987809652e+17]], "8": [[503138080873412.6, -34444570348961.598, 1439637929622985.5, -81242028233302.92, 1385168511391480.5, -62012808470771.54, 1.1796947476900577e+18, -1.1710068235065347e+18], [-34444570348961.598, 2358057304000.9365, -98556861086426.9, 5561786839741.074, -94827913150533.88, 4245364493580.4043, -8.076128655690853e+16, 8.01665158029113e+16], [1439637929622985.5, -98556861086426.9, 4119261584834408.5, -232459258740923.56, 3963407270737476.5, -177438350605446.9, 3.3754815401836344e+18, -3.3506226283664727e+18], [-81242028233302.92, 5561786839741.074, -232459258740923.56, 13118202343188.145, -223664046885494.78, 10013247909725.16, -1.904860666323286e+17, 1.8908322194885466e+17], [1385168511391480.5, -94827913150533.88, 3963407270737476.5, -223664046885494.78, 3813449782254157.5, -170724882218317.34, 3.247768514594529e+18, -3.223850152089584e+18], [-62012808470771.54, 4245364493580.4043, -177438350605446.9, 10013247909725.16, -170724882218317.34, 7643206826557.276, -1.453998161210232e+17, 1.443290115071762e+17], [1.1796947476900577e+18, -8.076128655690853e+16, 3.3754815401836344e+18, -1.904860666323286e+17, 3.247768514594529e+18, -1.453998161210232e+17, 2.7659995349818283e+21, -2.745629185534536e+21], [-1.1710068235065347e+18, 8.01665158029113e+16, -3.3506226283664727e+18, 1.8908322194885466e+17, -3.223850152089584e+18, 1.443290115071762e+17, -2.745629185534536e+21, 2.7254088546000296e+21]], "9": [[2216952521227017.2, -193617493791635.66, 6318094808800147.0, -463199883160135.1, 6055181589634764.0, -359260583261470.94, 2.4711008465289477e+18, -2.4519641666985554e+18], [-193617493791635.66, 16909579047460.037, -551790654380262.2, 40453550377527.54, -528829134865483.25, 31376014183068.004, -2.158135315169119e+17, 2.1414223005565968e+17], [6318094808800147.0, -551790654380262.2, 1.8005943578301696e+16, -1320073726978659.5, 1.7256666979335846e+16, -1023857030936559.0, 7.042392329554742e+18, -6.987854690008382e+18], [-463199883160135.1, 40453550377527.54, -1320073726978659.5, 96778857330157.67, -1265141845834331.8, 75062257128832.27, -5.163004676147102e+17, 5.1230213757532595e+17], [6055181589634764.0, -528829134865483.25, 1.7256666979335846e+16, -1265141845834331.8, 1.6538569830606328e+16, -981251537332109.1, 6.749339107971247e+18, -6.697070928889273e+18], [-359260583261470.94, 31376014183068.004, -1023857030936559.0, 75062257128832.27, -981251537332109.1, 58218732900033.83, -4.0044571226566035e+17, 3.973445837156679e+17], [2.4711008465289477e+18, -2.158135315169119e+17, 7.042392329554742e+18, -5.163004676147102e+17, 6.749339107971247e+18, -4.0044571226566035e+17, 2.7543843791189563e+21, -2.733053897173198e+21], [-2.4519641666985554e+18, 2.1414223005565968e+17, -6.987854690008382e+18, 5.1230213757532595e+17, -6.697070928889273e+18, 3.973445837156679e+17, -2.733053897173198e+21, 2.711888602578736e+21]], "10": [[302917549046110.75, -23917282625013.777, 860021280596287.6, -58608563629178.33, 821143947326728.4, -46653060353825.64, 1.0578943204211274e+17, -1.0480125175662573e+17], [-23917282625013.777, 1888422806688.2622, -67904194049901.586, 4627521861903.691, -64834579329846.67, 3683558226712.1187, -8352753918874957.0, 8274730749709337.0], [860021280596287.6, -67904194049901.586, 2441709321257876.0, -166397133824036.9, 2331331649016888.0, -132453946083940.7, 3.0034959382482784e+17, -2.97544024859739e+17], [-58608563629178.33, 4627521861903.691, -166397133824036.9, 11339599641856.89, -158875137598209.5, 9026445859123.436, -2.0468165937097948e+16, 2.0276972566751984e+16], [821143947326728.4, -64834579329846.67, 2331331649016888.0, -158875137598209.5, 2225943608597866.2, -126466354473180.48, 2.8677226554242934e+17, -2.8409352255493824e+17], [-46653060353825.64, 3683558226712.1187, -132453946083940.7, 9026445859123.436, -126466354473180.48, 7185150042417.598, -1.629288489029186e+16, 1.6140692867596376e+16], [1.0578943204211274e+17, -8352753918874957.0, 3.0034959382482784e+17, -2.0468165937097948e+16, 2.8677226554242934e+17, -1.629288489029186e+16, 3.6945379912899035e+19, -3.6600272699777585e+19], [-1.0480125175662573e+17, 8274730749709337.0, -2.97544024859739e+17, 2.0276972566751984e+16, -2.8409352255493824e+17, 1.6140692867596376e+16, -3.6600272699777585e+19, 3.6258389137051103e+19]], "11": [[196673975620445.53, -16778805484580.295, 557763758092648.06, -41791173223133.06, 531962640174402.6, -33833092308109.75, 2.3057388803934612e+16, -2.2736969231290824e+16], [-16778805484580.295, 1431446700567.5105, -47584382091537.65, 3565321564641.495, -45383216749406.05, 2886395482619.254, -1967090157724661.0, 1939754270168201.0], [557763758092648.06, -47584382091537.65, 1581807704146969.5, -118518994485675.9, 1508636210828277.2, -95950024166313.8, 6.539032828575707e+16, -6.448162430272913e+16], [-41791173223133.06, 3565321564641.495, -118518994485675.9, 8880189429517.76, -113036525415376.67, 7189180047141.319, -4899455184848505.0, 4831369359958886.0], [531962640174402.6, -45383216749406.05, 1508636210828277.2, -113036525415376.67, 1438849495204402.2, -91511553842893.56, 6.236549286693563e+16, -6.1498823846342424e+16], [-33833092308109.75, 2886395482619.254, -95950024166313.8, 7189180047141.319, -91511553842893.56, 5820180995060.326, -3966476811822780.0, 3911356224849424.5], [2.3057388803934612e+16, -1967090157724661.0, 6.539032828575707e+16, -4899455184848505.0, 6.236549286693563e+16, -3966476811822780.0, 2.7031699378559846e+18, -2.6656050356185057e+18], [-2.2736969231290824e+16, 1939754270168201.0, -6.448162430272913e+16, 4831369359958886.0, -6.1498823846342424e+16, 3911356224849424.5, -2.6656050356185057e+18, 2.628562158230574e+18]], "12": [[114339355843962.56, -15519307591833.299, 324768859686569.1, -38262644100940.5, 310225937172489.25, -30652784075791.797, 2.868444427346132e+16, -2.83933929153678e+16], [-15519307591833.299, 2106439260149.5679, -44080953513531.195, 5193397659942.269, -42107039229037.52, 4160509573514.282, -3893346350386609.0, 3853841881274168.5], [324768859686569.1, -44080953513531.195, 922471632305280.1, -108680997907787.6, 881163997444599.4, -87065994530344.22, 8.147513328786058e+16, -8.064843265638898e+16], [-38262644100940.5, 5193397659942.269, -108680997907787.6, 12804252068668.111, -103814338792590.44, 10257680386056.924, -9598993053332516.0, 9501595316152456.0], [310225937172489.25, -42107039229037.52, 881163997444599.4, -103814338792590.44, 841706089597766.4, -83167240156885.86, 7.782673377266936e+16, -7.703705221758776e+16], [-30652784075791.797, 4160509573514.282, -87065994530344.22, 10257680386056.924, -83167240156885.86, 8217583216747.921, -7689898811817729.0, 7611872008458948.0], [2.868444427346132e+16, -3893346350386609.0, 8.147513328786058e+16, -9598993053332516.0, 7.782673377266936e+16, -7689898811817729.0, 7.196099166416231e+18, -7.123082781110178e+18], [-2.83933929153678e+16, 3853841881274168.5, -8.064843265638898e+16, 9501595316152456.0, -7.703705221758776e+16, 7611872008458948.0, -7.123082781110178e+18, 7.050807268379649e+18]], "13": [[153416385074093.9, -27100564327582.668, 436060911719726.2, -66729351481489.22, 416817513365892.2, -53385447036119.016, 4.105937594707734e+16, -4.065363208956967e+16], [-27100564327582.668, 4787236946814.652, -77028909155286.2, 11787548516989.152, -73629618038385.56, 9430386075518.379, -7253020976649694.0, 7181347488152376.0], [436060911719726.2, -77028909155286.2, 1239431620279701.5, -189667236856291.88, 1184735416698147.5, -151739377093862.88, 1.1670454170510174e+17, -1.155512813389158e+17], [-66729351481489.22, 11787548516989.152, -189667236856291.88, 29024320622530.652, -181297208506118.38, 23220311556351.227, -1.7859015044969832e+16, 1.76825343876658e+16], [416817513365892.2, -73629618038385.56, 1184735416698147.5, -181297208506118.38, 1132452960383715.5, -145043107832157.94, 1.1155436216510123e+17, -1.1045199525906214e+17], [-53385447036119.016, 9430386075518.379, -151739377093862.88, 23220311556351.227, -145043107832157.94, 18576933316932.42, -1.4287738163691982e+16, 1.4146548438717398e+16], [4.105937594707734e+16, -7253020976649694.0, 1.1670454170510174e+17, -1.7859015044969832e+16, 1.1155436216510123e+17, -1.4287738163691982e+16, 1.0988867664618908e+19, -1.0880276984584446e+19], [-4.065363208956967e+16, 7181347488152376.0, -1.155512813389158e+17, 1.76825343876658e+16, -1.1045199525906214e+17, 1.4146548438717398e+16, -1.0880276984584446e+19, 1.0772759384702575e+19]], "14": [[238436918150038.25, -61345145745585.01, 677728208773603.5, -151520023008666.66, 647828401400591.5, -121615727974921.48, 4.982746217789731e+16, -4.930460820105664e+16], [-61345145745585.01, 15782903653280.014, -174366184841180.38, 38983132171638.32, -166673550431654.3, 31289343174962.44, -1.2819629414570358e+16, 1.2685109334115508e+16], [677728208773603.5, -174366184841180.38, 1926360768840542.0, -430677407608417.2, 1841374169236717.5, -345678052369710.75, 1.4162855715284459e+17, -1.4014240772630568e+17], [-151520023008666.66, 38983132171638.32, -430677407608417.2, 96286756055537.4, -411676912482647.0, 77283409146315.08, -3.1663964935613124e+16, 3.133170579044493e+16], [647828401400591.5, -166673550431654.3, 1841374169236717.5, -411676912482647.0, 1760136982634367.5, -330427532994642.25, 1.353802314633317e+17, -1.3395964752603432e+17], [-121615727974921.48, 31289343174962.44, -345678052369710.75, 77283409146315.08, -330427532994642.25, 62030600821484.94, -2.5414701435180732e+16, 2.5148017619975372e+16], [4.982746217789731e+16, -1.2819629414570358e+16, 1.4162855715284459e+17, -3.1663964935613124e+16, 1.353802314633317e+17, -2.5414701435180732e+16, 1.0412716312360157e+19, -1.0303452667461016e+19], [-4.930460820105664e+16, 1.2685109334115508e+16, -1.4014240772630568e+17, 3.133170579044493e+16, -1.3395964752603432e+17, 2.5148017619975372e+16, -1.0303452667461016e+19, 1.0195335557600236e+19]], "15": [[306649615136287.3, -101668885815878.0, 870973243099021.1, -252795404754945.97, 831939210715535.9, -204300857134341.78, 3.801466735404492e+16, -3.753780311512895e+16], [-101668885815878.0, 33708055816238.54, -288768923326265.4, 83813661821771.81, -275827290969850.8, 67735420136907.46, -1.2603664520593832e+16, 1.2445561417041998e+16], [870973243099021.1, -288768923326265.4, 2473814910406057.5, -718011771911369.0, 2362947013959598.5, -580273286914524.8, 1.0797260611583579e+17, -1.0661817430772154e+17], [-252795404754945.97, 83813661821771.81, -718011771911369.0, 208399141922336.34, -685832947844639.8, 168421270798284.34, -3.133848126996467e+16, 3.0945364558449012e+16], [831939210715535.9, -275827290969850.8, 2362947013959598.5, -685832947844639.8, 2257047836236096.0, -554267429154646.56, 1.0313364437154755e+17, -1.0183991354991944e+17], [-204300857134341.78, 67735420136907.46, -580273286914524.8, 168421270798284.34, -554267429154646.56, 136112482017224.52, -2.532672059821939e+16, 2.500901671750867e+16], [3.801466735404492e+16, -1.2603664520593832e+16, 1.0797260611583579e+17, -3.133848126996467e+16, 1.0313364437154755e+17, -2.532672059821939e+16, 4.712593340110412e+18, -4.653477546316333e+18], [-3.753780311512895e+16, 1.2445561417041998e+16, -1.0661817430772154e+17, 3.0945364558449012e+16, -1.0183991354991944e+17, 2.500901671750867e+16, -4.653477546316333e+18, 4.595103313871536e+18]], "16": [[18870862533448.74, -482510530684.7913, 58149765795011.82, -1272460077546.706, 60259545953212.29, -1089576243575.9117, 2.4150105677211676e+16, -2.396063093213711e+16], [-482510530684.7913, 12337348746.462975, -1486835819147.89, 32535629264.63992, -1540780949740.4717, 27859458494.67616, -617495903313944.2, 612651209032734.5], [58149765795011.82, -1486835819147.89, 179186047061769.4, -3921031980477.3076, 185687245502532.97, -3357483171076.279, 7.441753054824451e+16, -7.38336721246761e+16], [-1272460077546.706, 32535629264.63992, -3921031980477.3076, 85801835823.89018, -4063294212473.952, 73470000056.23349, -1628438831999156.8, 1615662571858245.0], [60259545953212.29, -1540780949740.4717, 185687245502532.97, -4063294212473.952, 192424319346874.2, -3479298818637.0874, 7.711753504914709e+16, -7.651249317109006e+16], [-1089576243575.9117, 27859458494.67616, -3357483171076.279, 73470000056.23349, -3479298818637.0874, 62910552628.99169, -1394392088814008.2, 1383452091735182.8], [2.4150105677211676e+16, -617495903313944.2, 7.441753054824451e+16, -1628438831999156.8, 7.711753504914709e+16, -1394392088814008.2, 3.0906250479368204e+19, -3.0663768976013345e+19], [-2.396063093213711e+16, 612651209032734.5, -7.38336721246761e+16, 1615662571858245.0, -7.651249317109006e+16, 1383452091735182.8, -3.0663768976013345e+19, 3.0423189912409584e+19]], "17": [[5858036619155009.0, -306058449612106.1, 1.8058628697092492e+16, -806024633632819.4, 1.872137396030713e+16, -689168533397708.6, 7.472192553035818e+18, -7.413633191010849e+18], [-306058449612106.1, 15990301984912.78, -943489476163441.2, 42111489865423.61, -978115205043998.8, 36006236656741.25, -3.9039149405575834e+17, 3.8733200694141843e+17], [1.8058628697092492e+16, -943489476163441.2, 5.566951721556373e+16, -2484740285147735.5, 5.771256873729974e+16, -2124506803807620.2, 2.3034603509856084e+19, -2.285408197264178e+19], [-806024633632819.4, 42111489865423.61, -2484740285147735.5, 110903320047294.78, -2575929371646057.5, 94824742615433.08, -1.0281211362354593e+18, 1.0200637799247103e+18], [1.872137396030713e+16, -978115205043998.8, 5.771256873729974e+16, -2575929371646057.5, 5.983059952469572e+16, -2202475449406799.2, 2.387996528246079e+19, -2.3692818668907426e+19], [-689168533397708.6, 36006236656741.25, -2124506803807620.2, 94824742615433.08, -2202475449406799.2, 81077210386926.2, -8.79065857356108e+17, 8.721766430566463e+17], [7.472192553035818e+18, -3.9039149405575834e+17, 2.3034603509856084e+19, -1.0281211362354593e+18, 2.387996528246079e+19, -8.79065857356108e+17, 9.53112197473727e+21, -9.456426840978167e+21], [-7.413633191010849e+18, 3.8733200694141843e+17, -2.285408197264178e+19, 1.0200637799247103e+18, -2.3692818668907426e+19, 8.721766430566463e+17, -9.456426840978167e+21, 9.382317090872961e+21]], "18": [[148382060925555.8, -6278182406372.141, 456131062716650.1, -16797067905882.432, 471546950278232.44, -14603362209242.533, 5.4229441756450216e+16, -5.369264318738485e+16], [-6278182406372.141, 265635711499.2203, -19299327661881.06, 710699497955.1919, -19951588140432.4, 617881778458.0034, -2294497899672255.0, 2271785455114939.5], [456131062716650.1, -19299327661881.06, 1402161050178453.5, -51634708310715.5, 1449549967223572.2, -44891188882191.44, 1.667029878450764e+17, -1.6505285237556432e+17], [-16797067905882.432, 710699497955.1919, -51634708310715.5, 1901452833819.1619, -53379809494687.19, 1653122117005.1643, -6138852702269666.0, 6078086313394024.0], [471546950278232.44, -19951588140432.4, 1449549967223572.2, -53379809494687.19, 1498540490202919.2, -46408378955132.195, 1.7233705824031264e+17, -1.706311530481514e+17], [-14603362209242.533, 617881778458.0034, -44891188882191.44, 1653122117005.1643, -46408378955132.195, 1437223519366.845, -5337115386015438.0, 5284285118740760.0], [5.4229441756450216e+16, -2294497899672255.0, 1.667029878450764e+17, -6138852702269666.0, 1.7233705824031264e+17, -5337115386015438.0, 1.981932542837277e+19, -1.9623140751097795e+19], [-5.369264318738485e+16, 2271785455114939.5, -1.6505285237556432e+17, 6078086313394024.0, -1.706311530481514e+17, 5284285118740760.0, -1.9623140751097795e+19, 1.9428898038383444e+19]], "19": [[305785583320919.5, -16375675120209.459, 939848395022860.1, -43907432854130.68, 971462000667182.0, -38258815981119.83, 8.734612990846472e+16, -8.641326802357786e+16], [-16375675120209.459, 876963304581.997, -50331515998883.05, 2351366104225.574, -52024513195766.984, 2048866837300.092, -4677630092480476.0, 4627672723682939.0], [939848395022860.1, -50331515998883.05, 2888674462785298.5, -134951850408918.86, 2985840575729606.5, -117590523414550.05, 2.6846301619057626e+17, -2.65595815141504e+17], [-43907432854130.68, 2351366104225.574, -134951850408918.86, 6304622470761.541, -139491215057932.61, 5493543467700.293, -1.254193965710652e+16, 1.2407990992398346e+16], [971462000667182.0, -52024513195766.984, 2985840575729606.5, -139491215057932.61, 3086275057479862.5, -121545906489547.55, 2.7749328529448598e+17, -2.7452964043197706e+17], [-38258815981119.83, 2048866837300.092, -117590523414550.05, 5493543467700.293, -121545906489547.55, 4786808404701.702, -1.092844036183285e+16, 1.0811723965977686e+16], [8.734612990846472e+16, -4677630092480476.0, 2.6846301619057626e+17, -1.254193965710652e+16, 2.7749328529448598e+17, -1.092844036183285e+16, 2.4949987266010042e+19, -2.4683519911666307e+19], [-8.641326802357786e+16, 4627672723682939.0, -2.65595815141504e+17, 1.2407990992398346e+16, -2.7452964043197706e+17, 1.0811723965977686e+16, -2.4683519911666307e+19, 2.4419898444583907e+19]], "20": [[281793362810357.2, -16593386676048.639, 865566053737163.4, -44877654812815.07, 894123226705926.4, -39452712483339.31, 3.3465510033724524e+16, -3.2937041405274828e+16], [-16593386676048.639, 977100662112.3599, -50968809485367.875, 2642618236272.7583, -52650397045556.05, 2323170805465.6807, -1970614718397357.8, 1939495872266378.0], [865566053737163.4, -50968809485367.875, 2658702057103913.0, -137847727107216.45, 2746419238466686.0, -121184290193565.2, 1.027937960188455e+17, -1.01170533850109e+17], [-44877654812815.07, 2642618236272.7583, -137847727107216.45, 7147094883329.735, -142395665845519.8, 6283133124920.663, -5329627328515235.0, 5245464832811147.0], [894123226705926.4, -52650397045556.05, 2746419238466686.0, -142395665845519.8, 2837030427409462.0, -125182460779406.22, 1.061852185455858e+17, -1.0450840092798883e+17], [-39452712483339.31, 2323170805465.6807, -121184290193565.2, 6283133124920.663, -125182460779406.22, 5523609593816.27, -4685366370241256.0, 4611377683471788.0], [3.3465510033724524e+16, -1970614718397357.8, 1.027937960188455e+17, -5329627328515235.0, 1.061852185455858e+17, -4685366370241256.0, 3.9743319382970004e+18, -3.911571509834411e+18], [-3.2937041405274828e+16, 1939495872266378.0, -1.01170533850109e+17, 5245464832811147.0, -1.0450840092798883e+17, 4611377683471788.0, -3.911571509834411e+18, 3.8498021589773066e+18]], "21": [[286981755141810.7, -18335575436755.36, 881246069680213.8, -49817453289640.055, 910055579489331.2, -43999158086843.54, 1.6232095194063586e+16, -1.5820297781257536e+16], [-18335575436755.36, 1171479791218.1492, -56303766701061.72, 3182891094968.262, -58144437513531.97, 2811153907175.711, -1037086158248203.2, 1010775975137660.2], [881246069680213.8, -56303766701061.72, 2706076680529999.5, -152976397023146.1, 2794543166060248.0, -135109930992335.14, 4.984452787033494e+16, -4.858000549203779e+16], [-49817453289640.055, 3182891094968.262, -152976397023146.1, 8647862129908.256, -157977468985034.16, 7637858377762.33, -2817745830997747.5, 2746261501385494.5], [910055579489331.2, -58144437513531.97, 2794543166060248.0, -157977468985034.16, 2885901779192934.0, -139526916231934.97, 5.1474034615405976e+16, -5.016817273941935e+16], [-43999158086843.54, 2811153907175.711, -135109930992335.14, 7637858377762.33, -139526916231934.97, 6745815291966.629, -2488654800272509.0, 2425519290292603.5], [1.6232095194063586e+16, -1037086158248203.2, 4.984452787033494e+16, -2817745830997747.5, 5.1474034615405976e+16, -2488654800272509.0, 9.181103316444082e+17, -8.948184857846117e+17], [-1.5820297781257536e+16, 1010775975137660.2, -4.858000549203779e+16, 2746261501385494.5, -5.016817273941935e+16, 2425519290292603.5, -8.948184857846117e+17, 8.721175384964333e+17]], "22": [[747450453305008.9, -105847489510034.62, 2303567500456139.0, -277892198479767.06, 2387485470600720.0, -236809874241894.66, 3.23805251352187e+17, -3.2078348849255917e+17], [-105847489510034.62, 14989208965005.533, -326211370616013.9, 39352697471045.19, -338095110100425.25, 33534972878614.465, -4.5854508207527576e+16, 4.5426592201627784e+16], [2303567500456139.0, -326211370616013.9, 7099364520677298.0, -856435947316333.6, 7357991307074364.0, -729824335082891.4, 9.979353817951997e+17, -9.886226110466568e+17], [-277892198479767.06, 39352697471045.19, -856435947316333.6, 103316646119426.14, -887635539359287.2, 88042781008179.33, -1.2038651228275309e+17, 1.1926306079425178e+17], [2387485470600720.0, -338095110100425.25, 7357991307074364.0, -887635539359287.2, 7626039755712785.0, -756411520720016.0, 1.0342897371848846e+18, -1.0246377062160594e+18], [-236809874241894.66, 33534972878614.465, -729824335082891.4, 88042781008179.33, -756411520720016.0, 75026934949998.72, -1.0258911545577174e+17, 1.016317499479803e+17], [3.23805251352187e+17, -4.5854508207527576e+16, 9.979353817951997e+17, -1.2038651228275309e+17, 1.0342897371848846e+18, -1.0258911545577174e+17, 1.4027664354157181e+20, -1.389675765954458e+20], [-3.2078348849255917e+17, 4.5426592201627784e+16, -9.886226110466568e+17, 1.1926306079425178e+17, -1.0246377062160594e+18, 1.016317499479803e+17, -1.389675765954458e+20, 1.3767072591160104e+20]], "23": [[1.4515760739810627e+18, -2.0391756893256214e+17, 6.161114758359234e+18, 1.5650872695292733e+18, 8.200528248793214e+18, 3.353187811156888e+18, 2.1436233398096337e+20, -2.0790709070280458e+20], [-2.0391756893256214e+17, 2.8646362849811428e+16, -8.655140891055604e+17, -2.198636343560143e+17, -1.152011123929926e+18, -4.710561980744886e+17, -3.011364460990577e+19, 2.92068113135011e+19], [6.161114758359234e+18, -8.655140891055604e+17, 2.615042762558456e+19, 6.642905216790424e+18, 3.4806577847080727e+19, 1.4232374920736342e+19, 9.098461756153708e+20, -8.824473397274338e+20], [1.5650872695292733e+18, -2.198636343560143e+17, 6.642905216790424e+18, 1.6874748799934774e+18, 8.841797957169199e+18, 3.6154023544830356e+18, 2.3112516525576533e+20, -2.241651310850089e+20], [8.200528248793214e+18, -1.152011123929926e+18, 3.4806577847080727e+19, 8.841797957169199e+18, 4.632803251904029e+19, 1.894348622975435e+19, 1.211017739130267e+21, -1.1745495127629149e+21], [3.353187811156888e+18, -4.710561980744886e+17, 1.4232374920736342e+19, 3.6154023544830356e+18, 1.894348622975435e+19, 7.74597260070147e+18, 4.951839441006698e+20, -4.8027212275946416e+20], [2.1436233398096337e+20, -3.011364460990577e+19, 9.098461756153708e+20, 2.3112516525576533e+20, 1.211017739130267e+21, 4.951839441006698e+20, 3.165608131287342e+22, -3.070279953844601e+22], [-2.0790709070280458e+20, 2.92068113135011e+19, -8.824473397274338e+20, -2.241651310850089e+20, -1.1745495127629149e+21, -4.8027212275946416e+20, -3.070279953844601e+22, 2.9778224606551447e+22]], "24": [[10246018731642.264, -173725259677.86832, 33985003833453.562, -498975302994.0326, 37909123647166.4, -465637726570.4097, 1.3760802771186008e+16, -1.3650595556346262e+16], [-173725259677.86832, 2945579804.2744126, -576229047667.7423, 8460321648.425023, -642764035695.7275, 7895069986.007228, -233319799369237.2, 231451192887259.72], [33985003833453.562, -576229047667.7423, 112724807148066.72, -1655050418040.0635, 125740714146178.0, -1544473061875.7656, 4.564318562935095e+16, -4.527763948729323e+16], [-498975302994.0326, 8460321648.425023, -1655050418040.0635, 24299814349.263824, -1846152828089.8652, 22676293279.00733, -670143292924969.0, 664776264047014.1], [37909123647166.4, -642764035695.7275, 125740714146178.0, -1846152828089.8652, 140259518680950.88, -1722807522967.8813, 5.091343158744617e+16, -5.0505677215373096e+16], [-465637726570.4097, 7895069986.007228, -1544473061875.7656, 22676293279.00733, -1722807522967.8813, 21161243023.69954, -625369627557944.6, 620361181027278.2], [1.3760802771186008e+16, -233319799369237.2, 4.564318562935095e+16, -670143292924969.0, 5.091343158744617e+16, -625369627557944.6, 1.848129481968352e+19, -1.833328223185875e+19], [-1.3650595556346262e+16, 231451192887259.72, -4.527763948729323e+16, 664776264047014.1, -5.0505677215373096e+16, 620361181027278.2, -1.833328223185875e+19, 1.8186455043994767e+19]], "25": [[8452233060948219.0, -345828700136368.0, 2.806946516505385e+16, -990519921928149.2, 3.1348542985374416e+16, -921632336509353.4, 1.5430715508821508e+19, -1.5311346794229148e+19], [-345828700136368.0, 14149809757445.666, -1148480712914064.5, 40527777048916.27, -1282646348441421.5, 37709195977011.64, -6.313579202217563e+17, 6.264738703964911e+17], [2.806946516505385e+16, -1148480712914064.5, 9.321736267454285e+16, -3289469687284617.5, 1.0410702461207856e+17, -3060697282965629.5, 5.124467443377979e+19, -5.084825659344262e+19], [-990519921928149.2, 40527777048916.27, -3289469687284617.5, 116079349523577.64, -3673745875974553.5, 108006391142187.55, -1.808330533585484e+18, 1.7943416753741578e+18], [3.1348542985374416e+16, -1282646348441421.5, 1.0410702461207856e+17, -3673745875974553.5, 1.1626881798212261e+17, -3418248255749501.5, 5.72310825950068e+19, -5.678835518160917e+19], [-921632336509353.4, 37709195977011.64, -3060697282965629.5, 108006391142187.55, -3418248255749501.5, 100494881953053.81, -1.6825667590868396e+18, 1.6695507825345395e+18], [1.5430715508821508e+19, -6.313579202217563e+17, 5.124467443377979e+19, -1.808330533585484e+18, 5.72310825950068e+19, -1.6825667590868396e+18, 2.817089630600797e+22, -2.795297227785513e+22], [-1.5311346794229148e+19, 6.264738703964911e+17, -5.084825659344262e+19, 1.7943416753741578e+18, -5.678835518160917e+19, 1.6695507825345395e+18, -2.795297227785513e+22, 2.7736734063370783e+22]], "26": [[83618037527524.4, -2217882107731.2607, 276857696422722.4, -6422995276067.666, 308276600497124.7, -6045423219523.631, 3.793008563143025e+16, -3.7552870919331e+16], [-2217882107731.2607, 58827032889.58774, -7343364535212.003, 170363317796.63852, -8176718524992.068, 160348608849.2698, -1006056357624664.6, 996051126869727.0], [276857696422722.4, -7343364535212.003, 916670449761099.8, -21266412473274.996, 1020697830256632.4, -20016278735396.227, 1.2558577603041336e+17, -1.2433682545304323e+17], [-6422995276067.666, 170363317796.63852, -21266412473274.996, 493372836008.1131, -23679808893666.73, 464370199647.9952, -2913543154505688.5, 2884567967027996.5], [308276600497124.7, -8176718524992.068, 1020697830256632.4, -23679808893666.73, 1136530648459448.5, -22287805045265.133, 1.398377455482999e+17, -1.384470591301311e+17], [-6045423219523.631, 160348608849.2698, -20016278735396.227, 464370199647.9952, -22287805045265.133, 437072466465.44775, -2742272207946624.0, 2715000310079850.5], [3.793008563143025e+16, -1006056357624664.6, 1.2558577603041336e+17, -2913543154505688.5, 1.398377455482999e+17, -2742272207946624.0, 1.7205514964807197e+19, -1.7034406113721688e+19], [-3.7552870919331e+16, 996051126869727.0, -1.2433682545304323e+17, 2884567967027996.5, -1.384470591301311e+17, 2715000310079850.5, -1.7034406113721688e+19, 1.6864998940207567e+19]], "27": [[165389852566002.0, -5397404943874.868, 547374162711578.94, -15698774655404.389, 609238557650385.2, -14841696750370.615, 4.2170943329520264e+16, -4.165609051350954e+16], [-5397404943874.868, 176141278779.71957, -17863248356121.684, 512320693339.04846, -19882158137538.227, 484350437303.72656, -1376225049380136.5, 1359423116907313.0], [547374162711578.94, -17863248356121.684, 1811589219989380.0, -51956655739628.836, 2016335586564523.5, -49120071188837.02, 1.395689302434185e+17, -1.3786497365411621e+17], [-15698774655404.389, 512320693339.04846, -51956655739628.836, 1490124828443.2446, -57828812829494.35, 1408771149940.618, -4002858253179535.0, 3953988517740190.0], [609238557650385.2, -19882158137538.227, 2016335586564523.5, -57828812829494.35, 2244222449982526.8, -54671636626991.77, 1.55343053338657e+17, -1.534465150555514e+17], [-14841696750370.615, 484350437303.72656, -49120071188837.02, 1408771149940.618, -54671636626991.77, 1331858992631.1006, -3784321364722370.5, 3738119682770594.0], [4.2170943329520264e+16, -1376225049380136.5, 1.395689302434185e+17, -4002858253179535.0, 1.55343053338657e+17, -3784321364722370.5, 1.0752706007715377e+19, -1.0621429338740974e+19], [-4.165609051350954e+16, 1359423116907313.0, -1.3786497365411621e+17, 3953988517740190.0, -1.534465150555514e+17, 3738119682770594.0, -1.0621429338740974e+19, 1.0491755388543093e+19]], "28": [[338985182644769.7, -14103973281376.072, 1121835059250989.8, -41062234072670.21, 1248547273353908.8, -38858758266857.055, 7.158362828139697e+16, -7.063499223695003e+16], [-14103973281376.072, 586816393477.0715, -46675584986755.85, 1708454179961.7405, -51947631594186.375, 1616775353032.2622, -2978341332761959.0, 2938871945574464.5], [1121835059250989.8, -46675584986755.85, 3712592657725388.0, -135891054100038.98, 4131933123013320.0, -128598887546072.16, 2.3689833062295014e+17, -2.3375892150533994e+17], [-41062234072670.21, 1708454179961.7405, -135891054100038.98, 4973984567359.892, -151240063029472.94, 4707071309954.829, -8671127384768274.0, 8556216417265391.0], [1248547273353908.8, -51947631594186.375, 4131933123013320.0, -151240063029472.94, 4598638446781481.0, -143124240125991.3, 2.6365619644554378e+