[{"model_name": "PR-3A", "0": [[6489036527.997956, -104102750.74840684, -105272711625.78465], [-104102750.74840684, 1670106.5969694192, 1688876123.8595116], [-105272711625.78465, 1688876123.8595116, 1707856592458.5447]], "1": [[3740978101.831576, -163184335.4056933, 32048072080.045803], [-163184335.4056933, 7118225.928336826, -1397961495.913477], [32048072080.045803, -1397961495.913477, 274548232063.95013]], "2": [[44031075552.47271, -2830913234.1518536, -73478089612.99681], [-2830913234.1518536, 182009402.19471994, 4724165687.429977], [-73478089612.99681, 4724165687.429977, 122618618451.44936]], "3": [[36926389416.63143, -3559119602.4720416, 45825253119.220604], [-3559119602.4720416, 343042808.8102069, -4416829244.383231], [45825253119.220604, -4416829244.383231, 56868647507.00027]], "4": [[324641288899.1295, -40283753065.63294, -1640084182866.8953], [-40283753065.63294, 4998688757.538514, 203513072700.95535], [-1640084182866.8953, 203513072700.95535, 8285687060976.255]], "5": [[3258255801.3155904, -850061585.3379563, 122688167051.43753], [-850061585.3379563, 221776540.25061888, -32008689355.77209], [122688167051.43753, -32008689355.77209, 4619768137407.664]], "6": [[25064641596.205353, -6729641036.2644205, 214701662603.78345], [-6729641036.2644205, 1806850830.2081778, -57645552746.757164], [214701662603.78345, -57645552746.757164, 1839116819121.3103]], "7": [[7284081980.816171, -3347348862.3814893, 180312183647.99252], [-3347348862.3814893, 1538250727.5448284, -82861201232.66391], [180312183647.99252, -82861201232.66391, 4463497755452.829]], "8": [[309566328.1753767, -2314148.597389535, -11830155312.684582], [-2314148.597389535, 17299.309528800102, 88435772.34355995], [-11830155312.684582, 88435772.34355995, 452092369177.0274]], "9": [[12041491446.947199, -300934334.22391784, 2845014124.496209], [-300934334.22391784, 7520785.437069105, -71101028.90368837], [2845014124.496209, -71101028.90368837, 672184621.3356715]], "10": [[17422148790.0602, -691205593.2886442, 38773603416.7577], [-691205593.2886442, 27422861.436362226, -1538302299.9383993], [38773603416.7577, -1538302299.9383993, 86292014839.04958]], "11": [[48249677650.35349, -2610018428.432597, -2224376595.5816126], [-2610018428.432597, 141186356.6451797, 120325444.41671802], [-2224376595.5816126, 120325444.41671802, 102546824.76484887]], "12": [[45920640064.590454, -3390498123.634134, 101968314718.04811], [-3390498123.634134, 250333564.82395333, -7528714304.404161], [101968314718.04811, -7528714304.404161, 226424047918.62823]], "13": [[1318852694140.797, -104360438788.5143, -13858998685243.184], [-104360438788.5143, 8258011855.695944, 1096658626385.6205], [-13858998685243.184, 1096658626385.6205, 145635555366327.53]], "14": [[50631595436.712685, -7562741195.345363, 318025365829.9307], [-7562741195.345363, 1129631683.4271035, -47502819426.915405], [318025365829.9307, -47502819426.915405, 1997569549979.5593]], "15": [[218789780873.88623, -43027452711.82835, -32807644657.445137], [-43027452711.82835, 8461828881.92469, 6451989546.524447], [-32807644657.445137, 6451989546.524447, 4919523862.906595]], "16": [[178357075.46340346, -607487.3299919004, -7470595868.623019], [-607487.3299919004, 2069.1125100692198, 25444980.670865048], [-7470595868.623019, 25444980.670865048, 312910505441.3093]], "17": [[2243934886.5684743, -20293232.831574753, -59819875761.98699], [-20293232.831574753, 183523.72932989598, 540986583.0154665], [-59819875761.98699, 540986583.0154665, 1594706494203.0627]], "18": [[5799278.423417987, -833279.0612596874, 2989754534.368591], [-833279.0612596874, 119731.10156773376, -429587902.1320082], [2989754534.368591, -429587902.1320082, 1541335235722.1858]], "19": [[9712644837.649744, -294891149.48382396, 83648866679.80042], [-294891149.48382396, 8953358.37946008, -2539710950.0602784], [83648866679.80042, -2539710950.0602784, 720414780296.6699]], "20": [[53537328696.47983, -2007369402.2833824, 63690841730.00628], [-2007369402.2833824, 75265838.16066438, -2388072957.829415], [63690841730.00628, -2388072957.829415, 75769998598.07037]], "21": [[86765148182.91501, -3823754591.4773374, 36471084781.56351], [-3823754591.4773374, 168513504.35108313, -1607286805.9380922], [36471084781.56351, -1607286805.9380922, 15330349258.896471]], "22": [[6356073855987.393, -337421994493.4188, -54037795485129.95], [-337421994493.4188, 17912567560.97433, 2868679808281.9795], [-54037795485129.95, 2868679808281.9795, 459416206773939.0]], "23": [[210088619284.71564, -17027313796.923063, 194766567666.19086], [-17027313796.923063, 1380033892.9638512, -15785488410.048073], [194766567666.19086, -15785488410.048073, 180561974321.22717]], "24": [[4180084641262.552, -14544134526.346596, -36151567599233.42], [-14544134526.346596, 50604680.83167237, 125785314802.32259], [-36151567599233.42, 125785314802.32259, 312657745486990.25]], "25": [[5620016760.25493, -42908832.02131908, 5866495684.9606085], [-42908832.02131908, 327608.9634562336, -44790698.789366156], [5866495684.9606085, -44790698.789366156, 6123784516.987866]], "26": [[20442350687.94055, -226504549.80071992, -20465337335.43213], [-226504549.80071992, 2509707.022622036, 226759245.57034975], [-20465337335.43213, 226759245.57034975, 20488349830.536392]], "27": [[205130451979629.34, -3106277473159.745, -1596942923617904.0], [-3106277473159.745, 47038163505.91325, 24182405789505.94], [-1596942923617904.0, 24182405789505.94, 1.2432218993728688e+16]], "28": [[55017460174.45752, -1262877348.711259, 30026014755.696808], [-1262877348.711259, 28988237.421915933, -689220727.1437066], [30026014755.696808, -689220727.1437066, 16386826277.522036]], "29": [[24651801898.737335, -662304249.6563439, 138375337047.74722], [-662304249.6563439, 17793706.152381513, -3717641986.204913], [138375337047.74722, -3717641986.204913, 776727558566.759]], "30": [[120057451191.72394, -4153699281.0473723, 71776887830.95363], [-4153699281.0473723, 143708012.6732092, -2483307819.8798375], [71776887830.95363, -2483307819.8798375, 42912135611.391716]], "31": [[109018290092.34282, -4922877233.549899, 313531535667.12134], [-4922877233.549899, 222299581.43790498, -14157966132.363874], [313531535667.12134, -14157966132.363874, 901702125161.9122]], "Total": [[218527603022534.9, -3712503564409.9473, -1700946407334178.0], [-3712503564409.9473, 94425395206.96141, 28212095349534.613], [-1700946407334178.0, 28212095349534.613, 1.3380271905574414e+16]]}]